timestamp,count,id,dlc,Viscosity (cp),Density (gm/cc),Dielectric constant (-),Temperature (C), Status
1590765148.437467,0,1cfd083f,8,   6.968815,0.82255256,2.20375813,   0.00000,0
1590765148.437920,1,18feee3f,8,   0.000000,0.00000000,0.00000000,  81.75000,0
1590765179.898662,4,1cfd083f,8,   6.968815,0.82255256,2.20375813,   0.00000,0
1590765179.899273,5,18feee3f,8,   0.000000,0.00000000,0.00000000,  81.62500,0
1590765211.360002,8,1cfd083f,8,   6.968815,0.82255256,2.20375813,   0.00000,0
1590765211.360611,9,18feee3f,8,   0.000000,0.00000000,0.00000000,  81.62500,0
1590765242.821353,12,1cfd083f,8,   6.968815,0.82255256,2.20375813,   0.00000,0
1590765242.821958,13,18feee3f,8,   0.000000,0.00000000,0.00000000,  81.62500,0
1590765274.282706,16,1cfd083f,8,   6.968815,0.82255256,2.20375813,   0.00000,0
1590765274.283291,17,18feee3f,8,   0.000000,0.00000000,0.00000000,  81.62500,0
1590765305.744059,20,1cfd083f,8,   7.375069,0.82404817,2.20754235,   0.00000,0
1590765305.744633,21,18feee3f,8,   0.000000,0.00000000,0.00000000,  78.65625,0
1590765337.205414,24,1cfd083f,8,   7.375069,0.82404817,2.20754235,   0.00000,0
1590765337.205963,25,18feee3f,8,   0.000000,0.00000000,0.00000000,  78.65625,0
1590765368.666748,28,1cfd083f,8,   7.375069,0.82404817,2.20754235,   0.00000,0
1590765368.667339,29,18feee3f,8,   0.000000,0.00000000,0.00000000,  78.65625,0
1590765400.129225,32,1cfd083f,8,   7.812573,0.82545221,2.21340178,   0.00000,0
1590765400.129825,33,18feee3f,8,   0.000000,0.00000000,0.00000000,  77.31250,0
1590765431.591377,36,1cfd083f,8,   7.812573,0.82545221,2.21340178,   0.00000,0
1590765431.591950,37,18feee3f,8,   0.000000,0.00000000,0.00000000,  77.31250,0
1590765463.050733,40,1cfd083f,8,   7.812573,0.82545221,2.21340178,   0.00000,0
1590765463.051308,41,18feee3f,8,   0.000000,0.00000000,0.00000000,  77.31250,0
1590765494.512058,44,1cfd083f,8,   7.812573,0.82545221,2.21340178,   0.00000,0
1590765494.512638,45,18feee3f,8,   0.000000,0.00000000,0.00000000,  77.31250,0
1590765525.973394,48,1cfd083f,8,   8.406329,0.82764983,0.13952781,   0.00000,0
1590765525.973978,49,18feee3f,8,   0.000000,0.00000000,0.00000000,  77.84375,0
1590765557.434741,52,1cfd083f,8,   8.406329,0.82764983,0.13952781,   0.00000,0
1590765557.435306,53,18feee3f,8,   0.000000,0.00000000,0.00000000,  77.84375,0
1590765588.896041,56,1cfd083f,8,   8.406329,0.82764983,0.13952781,   0.00000,0
1590765588.896613,57,18feee3f,8,   0.000000,0.00000000,0.00000000,  77.84375,0
1590765620.357372,60,1cfd083f,8,   8.625081,0.82996955,2.22182472,   0.00000,0
1590765620.357916,61,18feee3f,8,   0.000000,0.00000000,0.00000000,-250.71875,0
1590765651.818688,64,1cfd083f,8,   8.625081,0.82996955,2.22182472,   0.00000,0
1590765651.819284,65,18feee3f,8,   0.000000,0.00000000,0.00000000,-250.59375,0
1590765683.280018,68,1cfd083f,8,   8.625081,0.82996955,2.22182472,   0.00000,0
1590765683.280572,69,18feee3f,8,   0.000000,0.00000000,0.00000000,-250.59375,0
1590765714.742108,72,1cfd083f,8,   8.625081,0.82996955,2.22182472,   0.00000,0
1590765714.742682,73,18feee3f,8,   0.000000,0.00000000,0.00000000,-250.59375,0
1590765746.202683,76,1cfd083f,8,   8.500080,0.05188836,2.22316751,   0.00000,0
1590765746.203219,77,18feee3f,8,   0.000000,0.00000000,0.00000000,  80.84375,0
1590765777.663980,80,1cfd083f,8,   8.500080,0.05188836,2.22316751,   0.00000,0
1590765777.664551,81,18feee3f,8,   0.000000,0.00000000,0.00000000,  80.84375,0
1590765809.125685,84,1cfd083f,8,   8.500080,0.05188836,2.22316751,   0.00000,0
1590765809.126239,85,18feee3f,8,   0.000000,0.00000000,0.00000000,  80.84375,0
1590765840.586654,88,1cfd083f,8,   0.687506,0.82740565,2.22072608,   0.00000,0
1590765840.587209,89,18feee3f,8,   0.000000,0.00000000,0.00000000,  81.53125,0
1590765872.047995,92,1cfd083f,8,   0.687506,0.82740565,2.22072608,   0.00000,0
1590765872.048537,93,18feee3f,8,   0.000000,0.00000000,0.00000000,  81.53125,0
1590765903.509324,96,1cfd083f,8,   0.687506,0.82740565,2.22072608,   0.00000,0
1590765903.509868,97,18feee3f,8,   0.000000,0.00000000,0.00000000,  81.53125,0
1590765934.970635,100,1cfd083f,8,   7.890699,0.82655102,2.21791843,   0.00000,0
1590765934.971210,101,18feee3f,8,   0.000000,0.00000000,0.00000000,  81.46875,0
1590765966.431973,104,1cfd083f,8,   7.890699,0.82655102,2.21791843,   0.00000,0
1590765966.432530,105,18feee3f,8,   0.000000,0.00000000,0.00000000,  81.43750,0
1590765997.893303,108,1cfd083f,8,   7.890699,0.82655102,2.21791843,   0.00000,0
1590765997.893857,109,18feee3f,8,   0.000000,0.00000000,0.00000000,  81.43750,0
1590766029.354641,112,1cfd083f,8,   7.890699,0.82655102,2.21791843,   0.00000,0
1590766029.355183,113,18feee3f,8,   0.000000,0.00000000,0.00000000,  81.43750,0
1590766060.815950,116,1cfd083f,8,   7.781323,0.82612370,2.21572114,   0.00000,0
1590766060.816521,117,18feee3f,8,   0.000000,0.00000000,0.00000000,  81.00000,0
1590766092.277337,120,1cfd083f,8,   7.781323,0.82612370,2.21572114,   0.00000,0
1590766092.277872,121,18feee3f,8,   0.000000,0.00000000,0.00000000,  81.00000,0
1590766123.738616,124,1cfd083f,8,   7.781323,0.82612370,2.21572114,   0.00000,0
1590766123.739219,125,18feee3f,8,   0.000000,0.00000000,0.00000000,  81.00000,0
1590766155.199967,128,1cfd083f,8,   7.828198,0.82554377,2.21523286,   0.00000,0
1590766155.200518,129,18feee3f,8,   0.000000,0.00000000,0.00000000,  80.40625,0
1590766186.661292,132,1cfd083f,8,   7.828198,0.82554377,2.21523286,   0.00000,0
1590766186.661847,133,18feee3f,8,   0.000000,0.00000000,0.00000000,  80.40625,0
1590766218.124590,136,1cfd083f,8,   7.828198,0.82554377,2.21523286,   0.00000,0
1590766218.125143,137,18feee3f,8,   0.000000,0.00000000,0.00000000,  80.40625,0
1590766249.583962,140,1cfd083f,8,   7.937574,0.82630684,2.21572114,   0.00000,0
1590766249.584529,141,18feee3f,8,   0.000000,0.00000000,0.00000000,  79.96875,0
1590766281.045295,144,1cfd083f,8,   7.937574,0.82630684,2.21572114,   0.00000,0
1590766281.045868,145,18feee3f,8,   0.000000,0.00000000,0.00000000,  79.96875,0
1590766312.508197,148,1cfd083f,8,   7.937574,0.82630684,2.21572114,   0.00000,0
1590766312.508768,149,18feee3f,8,   0.000000,0.00000000,0.00000000,  79.96875,0
1590766343.967943,152,1cfd083f,8,   7.937574,0.82630684,2.21572114,   0.00000,0
1590766343.968504,153,18feee3f,8,   0.000000,0.00000000,0.00000000,  79.96875,0
1590766375.429662,156,1cfd083f,8,   0.546880,0.82630684,2.21657564,   0.00000,0
1590766375.430224,157,18feee3f,8,   0.000000,0.00000000,0.00000000,  79.90625,0
1590766406.891765,160,1cfd083f,8,   0.546880,0.82630684,2.21657564,   0.00000,0
1590766406.892330,161,18feee3f,8,   0.000000,0.00000000,0.00000000,  79.93750,0
1590766438.351955,164,1cfd083f,8,   0.546880,0.82630684,2.21657564,   0.00000,0
1590766438.352490,165,18feee3f,8,   0.000000,0.00000000,0.00000000,  79.93750,0
1590766469.813286,168,1cfd083f,8,   0.546880,0.82630684,2.21657564,   0.00000,0
1590766469.813897,169,18feee3f,8,   0.000000,0.00000000,0.00000000,  79.93750,0
1590766501.274585,172,1cfd083f,8,   0.609381,0.82673415,2.21694186,   0.00000,0
1590766501.275151,173,18feee3f,8,   0.000000,0.00000000,0.00000000,  80.37500,0
1590766532.735915,176,1cfd083f,8,   0.609381,0.82673415,2.21694186,   0.00000,0
1590766532.736571,177,18feee3f,8,   0.000000,0.00000000,0.00000000,  80.37500,0
1590766564.197302,180,1cfd083f,8,   0.609381,0.82673415,2.21694186,   0.00000,0
1590766564.197870,181,18feee3f,8,   0.000000,0.00000000,0.00000000,  80.37500,0
1590766595.659033,184,1cfd083f,8,   0.609381,0.82673415,2.21694186,   0.00000,0
1590766595.659609,185,18feee3f,8,   0.000000,0.00000000,0.00000000,  80.37500,0
1590766627.120046,188,1cfd083f,8,   0.578130,0.82734461,2.21718600,   0.00000,0
1590766627.120627,189,18feee3f,8,   0.000000,0.00000000,0.00000000,  80.93750,0
1590766658.581409,192,1cfd083f,8,   0.578130,0.82734461,2.21718600,   0.00000,0
1590766658.581988,193,18feee3f,8,   0.000000,0.00000000,0.00000000,  80.93750,0
1590766690.042787,196,1cfd083f,8,   0.578130,0.82734461,2.21718600,   0.00000,0
1590766690.043332,197,18feee3f,8,   0.000000,0.00000000,0.00000000,  80.93750,0
1590766721.504148,200,1cfd083f,8,   0.546880,0.82591004,2.21755222,   0.00000,0
1590766721.504719,201,18feee3f,8,   0.000000,0.00000000,0.00000000,  81.46875,0
1590766752.965523,204,1cfd083f,8,   0.546880,0.82591004,2.21755222,   0.00000,0
1590766752.966103,205,18feee3f,8,   0.000000,0.00000000,0.00000000,  81.46875,0
1590766784.426881,208,1cfd083f,8,   0.546880,0.82591004,2.21755222,   0.00000,0
1590766784.427448,209,18feee3f,8,   0.000000,0.00000000,0.00000000,  81.46875,0
1590766815.888243,212,1cfd083f,8,   0.546880,0.82591004,2.21755222,   0.00000,0
1590766815.888819,213,18feee3f,8,   0.000000,0.00000000,0.00000000,  81.46875,0
1590766847.349607,216,1cfd083f,8,   7.953200,0.82545221,2.21645357,   0.00000,0
1590766847.350163,217,18feee3f,8,   0.000000,0.00000000,0.00000000,  81.78125,0
1590766878.810943,220,1cfd083f,8,   7.953200,0.82545221,2.21645357,   0.00000,0
1590766878.811545,221,18feee3f,8,   0.000000,0.00000000,0.00000000,  81.78125,0
1590766910.272331,224,1cfd083f,8,   7.953200,0.82545221,2.21645357,   0.00000,0
1590766910.272900,225,18feee3f,8,   0.000000,0.00000000,0.00000000,  81.78125,0
1590766941.733694,228,1cfd083f,8,   7.796948,0.82612370,2.21572114,   0.00000,0
1590766941.734262,229,18feee3f,8,   0.000000,0.00000000,0.00000000,  81.87500,0
1590766973.195061,232,1cfd083f,8,   7.796948,0.82612370,2.21572114,   0.00000,0
1590766973.195614,233,18feee3f,8,   0.000000,0.00000000,0.00000000,  81.87500,0
1590767004.658361,236,1cfd083f,8,   7.796948,0.82612370,2.21572114,   0.00000,0
1590767004.658954,237,18feee3f,8,   0.000000,0.00000000,0.00000000,  81.87500,0
1590767036.117746,240,1cfd083f,8,   7.781323,0.82603214,2.21425628,   0.00000,0
1590767036.118307,241,18feee3f,8,   0.000000,0.00000000,0.00000000,  81.87500,0
1590767067.579107,244,1cfd083f,8,   7.781323,0.82603214,2.21425628,   0.00000,0
1590767067.579662,245,18feee3f,8,   0.000000,0.00000000,0.00000000,  81.87500,0
1590767099.042034,248,1cfd083f,8,   7.781323,0.82603214,2.21425628,   0.00000,0
1590767099.042585,249,18feee3f,8,   0.000000,0.00000000,0.00000000,  81.87500,0
1590767130.501831,252,1cfd083f,8,   7.781323,0.82603214,2.21425628,   0.00000,0
1590767130.502389,253,18feee3f,8,   0.000000,0.00000000,0.00000000,  81.87500,0
1590767161.963554,256,1cfd083f,8,   7.734448,0.82490280,2.21486664,   0.00000,0
1590767161.964149,257,18feee3f,8,   0.000000,0.00000000,0.00000000,  81.62500,0
1590767193.425693,260,1cfd083f,8,   7.734448,0.82490280,2.21486664,   0.00000,0
1590767193.426287,261,18feee3f,8,   0.000000,0.00000000,0.00000000,  81.62500,0
1590767224.885894,264,1cfd083f,8,   7.734448,0.82490280,2.21486664,   0.00000,0
1590767224.886472,265,18feee3f,8,   0.000000,0.00000000,0.00000000,  81.62500,0
1590767256.347230,268,1cfd083f,8,   7.734448,0.82566586,2.21450043,   0.00000,0
1590767256.347800,269,18feee3f,8,   0.000000,0.00000000,0.00000000,  81.37500,0
1590767287.809349,272,1cfd083f,8,   7.734448,0.82566586,2.21450043,   0.00000,0
1590767287.809913,273,18feee3f,8,   0.000000,0.00000000,0.00000000,  81.34375,0
1590767319.269948,276,1cfd083f,8,   7.734448,0.82566586,2.21450043,   0.00000,0
1590767319.270513,277,18feee3f,8,   0.000000,0.00000000,0.00000000,  81.34375,0
1590767350.731287,280,1cfd083f,8,   7.734448,0.82566586,2.21450043,   0.00000,0
1590767350.731862,281,18feee3f,8,   0.000000,0.00000000,0.00000000,  81.34375,0
1590767382.192627,284,1cfd083f,8,   7.828198,0.82490280,2.21437836,   0.00000,0
1590767382.193195,285,18feee3f,8,   0.000000,0.00000000,0.00000000,  81.06250,0
1590767413.653979,288,1cfd083f,8,   7.828198,0.82490280,2.21437836,   0.00000,0
1590767413.654552,289,18feee3f,8,   0.000000,0.00000000,0.00000000,  81.06250,0
1590767445.115327,292,1cfd083f,8,   7.828198,0.82490280,2.21437836,   0.00000,0
1590767445.115884,293,18feee3f,8,   0.000000,0.00000000,0.00000000,  81.06250,0
1590767476.576705,296,1cfd083f,8,   7.875074,0.82560482,2.21450043,   0.00000,0
1590767476.577261,297,18feee3f,8,   0.000000,0.00000000,0.00000000,  80.71875,0
1590767508.038054,300,1cfd083f,8,   7.875074,0.82560482,2.21450043,   0.00000,0
1590767508.038610,301,18feee3f,8,   0.000000,0.00000000,0.00000000,  80.71875,0
1590767539.499387,304,1cfd083f,8,   7.875074,0.82560482,2.21450043,   0.00000,0
1590767539.499945,305,18feee3f,8,   0.000000,0.00000000,0.00000000,  80.71875,0
1590767570.960742,308,1cfd083f,8,   7.875074,0.82560482,2.21450043,   0.00000,0
1590767570.961299,309,18feee3f,8,   0.000000,0.00000000,0.00000000,  80.71875,0
1590767602.422098,312,1cfd083f,8,   7.921949,0.82633736,2.21498871,   0.00000,0
1590767602.422652,313,18feee3f,8,   0.000000,0.00000000,0.00000000,  80.56250,0
1590767633.883415,316,1cfd083f,8,   7.921949,0.82633736,2.21498871,   0.00000,0
1590767633.883974,317,18feee3f,8,   0.000000,0.00000000,0.00000000,  80.56250,0
1590767665.344759,320,1cfd083f,8,   7.921949,0.82633736,2.21498871,   0.00000,0
1590767665.345353,321,18feee3f,8,   0.000000,0.00000000,0.00000000,  80.56250,0
1590767696.806106,324,1cfd083f,8,   7.984450,0.82557430,2.21633150,   0.00000,0
1590767696.806664,325,18feee3f,8,   0.000000,0.00000000,0.00000000,  80.68750,0
1590767728.267465,328,1cfd083f,8,   7.984450,0.82557430,2.21633150,   0.00000,0
1590767728.268023,329,18feee3f,8,   0.000000,0.00000000,0.00000000,  80.71875,0
1590767759.728821,332,1cfd083f,8,   7.984450,0.82557430,2.21633150,   0.00000,0
1590767759.729377,333,18feee3f,8,   0.000000,0.00000000,0.00000000,  80.71875,0
1590767791.192095,336,1cfd083f,8,   7.984450,0.82557430,2.21633150,   0.00000,0
1590767791.192672,337,18feee3f,8,   0.000000,0.00000000,0.00000000,  80.71875,0
1590767822.651525,340,1cfd083f,8,   0.515630,0.82584900,2.21620943,   0.00000,0
1590767822.652075,341,18feee3f,8,   0.000000,0.00000000,0.00000000,  80.90625,0
1590767854.112818,344,1cfd083f,8,   0.515630,0.82584900,2.21620943,   0.00000,0
1590767854.113414,345,18feee3f,8,   0.000000,0.00000000,0.00000000,  80.90625,0
1590767885.575760,348,1cfd083f,8,   0.515630,0.82584900,2.21620943,   0.00000,0
1590767885.576304,349,18feee3f,8,   0.000000,0.00000000,0.00000000,  80.90625,0
1590767917.035526,352,1cfd083f,8,   7.968825,0.82612370,2.21755222,   0.00000,0
1590767917.036098,353,18feee3f,8,   0.000000,0.00000000,0.00000000,  81.06250,0
1590767948.496841,356,1cfd083f,8,   7.968825,0.82612370,2.21755222,   0.00000,0
1590767948.497412,357,18feee3f,8,   0.000000,0.00000000,0.00000000,  81.06250,0
1590767979.959361,360,1cfd083f,8,   7.968825,0.82612370,2.21755222,   0.00000,0
1590767979.959958,361,18feee3f,8,   0.000000,0.00000000,0.00000000,  81.06250,0
1590768011.419543,364,1cfd083f,8,   7.968825,0.82612370,2.21755222,   0.00000,0
1590768011.420127,365,18feee3f,8,   0.000000,0.00000000,0.00000000,  81.06250,0
1590768042.880892,368,1cfd083f,8,   7.890699,0.82642893,2.21596529,   0.00000,0
1590768042.881462,369,18feee3f,8,   0.000000,0.00000000,0.00000000,  81.15625,0
1590768074.343009,372,1cfd083f,8,   7.890699,0.82642893,2.21596529,   0.00000,0
1590768074.343580,373,18feee3f,8,   0.000000,0.00000000,0.00000000,  81.15625,0
1590768105.803575,376,1cfd083f,8,   7.890699,0.82642893,2.21596529,   0.00000,0
1590768105.804142,377,18feee3f,8,   0.000000,0.00000000,0.00000000,  81.15625,0
1590768137.264927,380,1cfd083f,8,   7.890699,0.82642893,2.21596529,   0.00000,0
1590768137.265496,381,18feee3f,8,   0.000000,0.00000000,0.00000000,  81.15625,0
1590768168.726636,384,1cfd083f,8,   7.890699,0.82603214,2.21511079,   0.00000,0
1590768168.727193,385,18feee3f,8,   0.000000,0.00000000,0.00000000,  81.25000,0
1590768200.187610,388,1cfd083f,8,   7.890699,0.82603214,2.21511079,   0.00000,0
1590768200.188204,389,18feee3f,8,   0.000000,0.00000000,0.00000000,  81.25000,0
1590768231.648950,392,1cfd083f,8,   7.890699,0.82603214,2.21511079,   0.00000,0
1590768231.649505,393,18feee3f,8,   0.000000,0.00000000,0.00000000,  81.25000,0
1590768263.110273,396,1cfd083f,8,   7.859449,0.82661206,2.21559907,   0.00000,0
1590768263.110919,397,18feee3f,8,   0.000000,0.00000000,0.00000000,  81.25000,0
1590768294.571638,400,1cfd083f,8,   7.859449,0.82661206,2.21559907,   0.00000,0
1590768294.572194,401,18feee3f,8,   0.000000,0.00000000,0.00000000,  81.25000,0
1590768326.032983,404,1cfd083f,8,   7.859449,0.82661206,2.21559907,   0.00000,0
1590768326.033551,405,18feee3f,8,   0.000000,0.00000000,0.00000000,  81.25000,0
1590768357.494326,408,1cfd083f,8,   7.859449,0.82661206,2.21559907,   0.00000,0
1590768357.494897,409,18feee3f,8,   0.000000,0.00000000,0.00000000,  81.25000,0
1590768388.955660,412,1cfd083f,8,   7.906324,0.82529959,2.21498871,   0.00000,0
1590768388.956239,413,18feee3f,8,   0.000000,0.00000000,0.00000000,  81.25000,0
1590768420.417027,416,1cfd083f,8,   7.906324,0.82529959,2.21498871,   0.00000,0
1590768420.417598,417,18feee3f,8,   0.000000,0.00000000,0.00000000,  81.25000,0
1590768451.878360,420,1cfd083f,8,   7.906324,0.82529959,2.21498871,   0.00000,0
1590768451.878930,421,18feee3f,8,   0.000000,0.00000000,0.00000000,  81.25000,0
1590768483.339690,424,1cfd083f,8,   7.875074,0.82581848,2.21450043,   0.00000,0
1590768483.340256,425,18feee3f,8,   0.000000,0.00000000,0.00000000,  81.31250,0
1590768514.801037,428,1cfd083f,8,   7.875074,0.82581848,2.21450043,   0.00000,0
1590768514.801618,429,18feee3f,8,   0.000000,0.00000000,0.00000000,  81.31250,0
1590768546.262395,432,1cfd083f,8,   7.875074,0.82581848,2.21450043,   0.00000,0
1590768546.262967,433,18feee3f,8,   0.000000,0.00000000,0.00000000,  81.31250,0
1590768577.725695,436,1cfd083f,8,   7.875074,0.82581848,2.21450043,   0.00000,0
1590768577.726269,437,18feee3f,8,   0.000000,0.00000000,0.00000000,  81.31250,0
1590768609.185043,440,1cfd083f,8,   7.859449,0.82578795,2.21523286,   0.00000,0
1590768609.185648,441,18feee3f,8,   0.000000,0.00000000,0.00000000,  81.31250,0
1590768640.646548,444,1cfd083f,8,   7.859449,0.82578795,2.21523286,   0.00000,0
1590768640.647119,445,18feee3f,8,   0.000000,0.00000000,0.00000000,  81.31250,0
1590768672.109639,448,1cfd083f,8,   7.859449,0.82578795,2.21523286,   0.00000,0
1590768672.110203,449,18feee3f,8,   0.000000,0.00000000,0.00000000,  81.31250,0
1590768703.569554,452,1cfd083f,8,   7.859449,0.82667311,2.21523286,   0.00000,0
1590768703.570140,453,18feee3f,8,   0.000000,0.00000000,0.00000000,  81.34375,0
1590768735.031073,456,1cfd083f,8,   7.859449,0.82667311,2.21523286,   0.00000,0
1590768735.031643,457,18feee3f,8,   0.000000,0.00000000,0.00000000,  81.34375,0
1590768766.493732,460,1cfd083f,8,   7.859449,0.82667311,2.21523286,   0.00000,0
1590768766.494277,461,18feee3f,8,   0.000000,0.00000000,0.00000000,  81.34375,0
1590768797.954029,464,1cfd083f,8,   7.859449,0.82667311,2.21523286,   0.00000,0
1590768797.954624,465,18feee3f,8,   0.000000,0.00000000,0.00000000,  81.34375,0
1590768829.415506,468,1cfd083f,8,   7.859449,0.82578795,2.21523286,   0.00000,0
1590768829.416060,469,18feee3f,8,   0.000000,0.00000000,0.00000000,  81.31250,0
1590768860.877754,472,1cfd083f,8,   7.859449,0.82578795,2.21523286,   0.00000,0
1590768860.878325,473,18feee3f,8,   0.000000,0.00000000,0.00000000,  81.31250,0
1590768892.338440,476,1cfd083f,8,   7.859449,0.82578795,2.21523286,   0.00000,0
1590768892.339011,477,18feee3f,8,   0.000000,0.00000000,0.00000000,  81.31250,0
1590768923.799912,480,1cfd083f,8,   7.843824,0.82560482,2.21620943,   0.00000,0
1590768923.800478,481,18feee3f,8,   0.000000,0.00000000,0.00000000,  81.28125,0
1590768955.261718,484,1cfd083f,8,   7.843824,0.82560482,2.21620943,   0.00000,0
1590768955.262305,485,18feee3f,8,   0.000000,0.00000000,0.00000000,  81.31250,0
1590768986.722815,488,1cfd083f,8,   7.843824,0.82560482,2.21620943,   0.00000,0
1590768986.723381,489,18feee3f,8,   0.000000,0.00000000,0.00000000,  81.31250,0
1590769018.184272,492,1cfd083f,8,   7.843824,0.82560482,2.21620943,   0.00000,0
1590769018.184848,493,18feee3f,8,   0.000000,0.00000000,0.00000000,  81.31250,0
1590769049.645711,496,1cfd083f,8,   7.859449,0.82633736,2.21474457,   0.00000,0
1590769049.646288,497,18feee3f,8,   0.000000,0.00000000,0.00000000,  81.28125,0
1590769081.107144,500,1cfd083f,8,   7.859449,0.82633736,2.21474457,   0.00000,0
1590769081.107720,501,18feee3f,8,   0.000000,0.00000000,0.00000000,  81.28125,0
1590769112.568584,504,1cfd083f,8,   7.859449,0.82633736,2.21474457,   0.00000,0
1590769112.569149,505,18feee3f,8,   0.000000,0.00000000,0.00000000,  81.28125,0
1590769144.031961,508,1cfd083f,8,   7.875074,0.82566586,2.21572114,   0.00000,0
1590769144.032531,509,18feee3f,8,   0.000000,0.00000000,0.00000000,  81.25000,0
1590769175.491423,512,1cfd083f,8,   7.875074,0.82566586,2.21572114,   0.00000,0
1590769175.491998,513,18feee3f,8,   0.000000,0.00000000,0.00000000,  81.28125,0
1590769206.952860,516,1cfd083f,8,   7.875074,0.82566586,2.21572114,   0.00000,0
1590769206.953431,517,18feee3f,8,   0.000000,0.00000000,0.00000000,  81.28125,0
1590769238.414270,520,1cfd083f,8,   7.875074,0.82566586,2.21572114,   0.00000,0
1590769238.414826,521,18feee3f,8,   0.000000,0.00000000,0.00000000,  81.28125,0
1590769269.875677,524,1cfd083f,8,   7.843824,0.82554377,2.21669772,   0.00000,0
1590769269.876244,525,18feee3f,8,   0.000000,0.00000000,0.00000000,  81.25000,0
1590769301.337110,528,1cfd083f,8,   7.843824,0.82554377,2.21669772,   0.00000,0
1590769301.337673,529,18feee3f,8,   0.000000,0.00000000,0.00000000,  81.25000,0
1590769332.798534,532,1cfd083f,8,   7.843824,0.82554377,2.21669772,   0.00000,0
1590769332.799100,533,18feee3f,8,   0.000000,0.00000000,0.00000000,  81.25000,0
1590769364.259913,536,1cfd083f,8,   7.859449,0.82557430,2.21620943,   0.00000,0
1590769364.260492,537,18feee3f,8,   0.000000,0.00000000,0.00000000,  81.21875,0
1590769395.721348,540,1cfd083f,8,   7.859449,0.82557430,2.21620943,   0.00000,0
1590769395.721920,541,18feee3f,8,   0.000000,0.00000000,0.00000000,  81.21875,0
1590769427.182724,544,1cfd083f,8,   7.859449,0.82557430,2.21620943,   0.00000,0
1590769427.183290,545,18feee3f,8,   0.000000,0.00000000,0.00000000,  81.21875,0
1590769458.645687,548,1cfd083f,8,   7.859449,0.82557430,2.21620943,   0.00000,0
1590769458.646305,549,18feee3f,8,   0.000000,0.00000000,0.00000000,  81.21875,0
1590769490.105557,552,1cfd083f,8,   7.875074,0.82624579,2.21462250,   0.00000,0
1590769490.106133,553,18feee3f,8,   0.000000,0.00000000,0.00000000,  81.21875,0
1590769521.566961,556,1cfd083f,8,   7.875074,0.82624579,2.21462250,   0.00000,0
1590769521.567532,557,18feee3f,8,   0.000000,0.00000000,0.00000000,  81.21875,0
1590769553.029534,560,1cfd083f,8,   7.875074,0.82624579,2.21462250,   0.00000,0
1590769553.030097,561,18feee3f,8,   0.000000,0.00000000,0.00000000,  81.21875,0
1590769584.489759,564,1cfd083f,8,   7.875074,0.82563534,2.21511079,   0.00000,0
1590769584.490315,565,18feee3f,8,   0.000000,0.00000000,0.00000000,  81.18750,0
1590769615.951151,568,1cfd083f,8,   7.875074,0.82563534,2.21511079,   0.00000,0
1590769615.951692,569,18feee3f,8,   0.000000,0.00000000,0.00000000,  81.18750,0
1590769647.413296,572,1cfd083f,8,   7.875074,0.82563534,2.21511079,   0.00000,0
1590769647.413867,573,18feee3f,8,   0.000000,0.00000000,0.00000000,  81.18750,0
1590769678.873942,576,1cfd083f,8,   7.875074,0.82563534,2.21511079,   0.00000,0
1590769678.874471,577,18feee3f,8,   0.000000,0.00000000,0.00000000,  81.18750,0
1590769710.335334,580,1cfd083f,8,   7.875074,0.82621527,2.21596529,   0.00000,0
1590769710.335893,581,18feee3f,8,   0.000000,0.00000000,0.00000000,  81.18750,0
1590769741.797063,584,1cfd083f,8,   7.875074,0.82621527,2.21596529,   0.00000,0
1590769741.797656,585,18feee3f,8,   0.000000,0.00000000,0.00000000,  81.18750,0
1590769773.258091,588,1cfd083f,8,   7.875074,0.82621527,2.21596529,   0.00000,0
1590769773.258648,589,18feee3f,8,   0.000000,0.00000000,0.00000000,  81.18750,0
1590769804.719511,592,1cfd083f,8,   7.875074,0.82621527,2.21596529,   0.00000,0
1590769804.720044,593,18feee3f,8,   0.000000,0.00000000,0.00000000,  81.18750,0
1590769836.180883,596,1cfd083f,8,   7.859449,0.82591004,2.21572114,   0.00000,0
1590769836.181436,597,18feee3f,8,   0.000000,0.00000000,0.00000000,  81.18750,0
1590769867.642247,600,1cfd083f,8,   7.859449,0.82591004,2.21572114,   0.00000,0
1590769867.642825,601,18feee3f,8,   0.000000,0.00000000,0.00000000,  81.18750,0
1590769899.103655,604,1cfd083f,8,   7.859449,0.82591004,2.21572114,   0.00000,0
1590769899.104221,605,18feee3f,8,   0.000000,0.00000000,0.00000000,  81.18750,0
1590769930.567003,608,1cfd083f,8,   7.875074,0.82575743,2.21584322,   0.00000,0
1590769930.567578,609,18feee3f,8,   0.000000,0.00000000,0.00000000,  81.21875,0
1590769962.026435,612,1cfd083f,8,   7.875074,0.82575743,2.21584322,   0.00000,0
1590769962.026987,613,18feee3f,8,   0.000000,0.00000000,0.00000000,  81.21875,0
1590769993.487812,616,1cfd083f,8,   7.875074,0.82575743,2.21584322,   0.00000,0
1590769993.488368,617,18feee3f,8,   0.000000,0.00000000,0.00000000,  81.21875,0
1590770024.949200,620,1cfd083f,8,   7.875074,0.82575743,2.21584322,   0.00000,0
1590770024.949746,621,18feee3f,8,   0.000000,0.00000000,0.00000000,  81.21875,0
1590770056.410562,624,1cfd083f,8,   7.890699,0.82587952,2.21572114,   0.00000,0
1590770056.411140,625,18feee3f,8,   0.000000,0.00000000,0.00000000,  81.18750,0
1590770087.871939,628,1cfd083f,8,   7.890699,0.82587952,2.21572114,   0.00000,0
1590770087.872533,629,18feee3f,8,   0.000000,0.00000000,0.00000000,  81.18750,0
1590770119.334512,632,1cfd083f,8,   7.875074,0.82652050,2.21474457,   0.00000,0
1590770119.335068,633,18feee3f,8,   0.000000,0.00000000,0.00000000,  81.18750,0
1590770150.796699,636,1cfd083f,8,   7.875074,0.82652050,2.21474457,   0.00000,0
1590770150.797256,637,18feee3f,8,   0.000000,0.00000000,0.00000000,  81.18750,0
1590770182.256116,640,1cfd083f,8,   7.875074,0.82652050,2.21474457,   0.00000,0
1590770182.256702,641,18feee3f,8,   0.000000,0.00000000,0.00000000,  81.18750,0
1590770213.717498,644,1cfd083f,8,   7.875074,0.82652050,2.21474457,   0.00000,0
1590770213.718054,645,18feee3f,8,   0.000000,0.00000000,0.00000000,  81.18750,0
1590770245.180431,648,1cfd083f,8,   7.875074,0.82652050,2.21474457,   0.00000,0
1590770245.180998,649,18feee3f,8,   0.000000,0.00000000,0.00000000,  81.18750,0
1590770276.640234,652,1cfd083f,8,   7.890699,0.82655102,2.21572114,   0.00000,0
1590770276.640800,653,18feee3f,8,   0.000000,0.00000000,0.00000000,  81.12500,0
1590770308.101602,656,1cfd083f,8,   7.890699,0.82655102,2.21572114,   0.00000,0
1590770308.102168,657,18feee3f,8,   0.000000,0.00000000,0.00000000,  81.12500,0
1590770339.564158,660,1cfd083f,8,   7.890699,0.82655102,2.21572114,   0.00000,0
1590770339.564731,661,18feee3f,8,   0.000000,0.00000000,0.00000000,  81.12500,0
1590770371.024362,664,1cfd083f,8,   7.906324,0.82563534,2.21608736,   0.00000,0
1590770371.024931,665,18feee3f,8,   0.000000,0.00000000,0.00000000,  81.18750,0
1590770402.485728,668,1cfd083f,8,   7.906324,0.82563534,2.21608736,   0.00000,0
1590770402.486295,669,18feee3f,8,   0.000000,0.00000000,0.00000000,  81.18750,0
1590770433.947882,672,1cfd083f,8,   7.906324,0.82563534,2.21608736,   0.00000,0
1590770433.948425,673,18feee3f,8,   0.000000,0.00000000,0.00000000,  81.18750,0
1590770465.408507,676,1cfd083f,8,   7.906324,0.82563534,2.21608736,   0.00000,0
1590770465.409063,677,18feee3f,8,   0.000000,0.00000000,0.00000000,  81.18750,0
1590770496.869869,680,1cfd083f,8,   7.906324,0.82569639,2.21681979,   0.00000,0
1590770496.870445,681,18feee3f,8,   0.000000,0.00000000,0.00000000,  81.40625,0
1590770528.331610,684,1cfd083f,8,   7.906324,0.82569639,2.21681979,   0.00000,0
1590770528.332181,685,18feee3f,8,   0.000000,0.00000000,0.00000000,  81.40625,0
1590770559.792640,688,1cfd083f,8,   7.906324,0.82569639,2.21681979,   0.00000,0
1590770559.793189,689,18feee3f,8,   0.000000,0.00000000,0.00000000,  81.40625,0
1590770591.254026,692,1cfd083f,8,   7.906324,0.82569639,2.21681979,   0.00000,0
1590770591.254554,693,18feee3f,8,   0.000000,0.00000000,0.00000000,  81.40625,0
1590770622.715382,696,1cfd083f,8,   7.890699,0.82551325,2.21572114,   0.00000,0
1590770622.715926,697,18feee3f,8,   0.000000,0.00000000,0.00000000,  81.59375,0
1590770654.176747,700,1cfd083f,8,   7.890699,0.82551325,2.21572114,   0.00000,0
1590770654.177317,701,18feee3f,8,   0.000000,0.00000000,0.00000000,  81.59375,0
1590770685.638141,704,1cfd083f,8,   7.890699,0.82551325,2.21572114,   0.00000,0
1590770685.638709,705,18feee3f,8,   0.000000,0.00000000,0.00000000,  81.59375,0
1590770717.101474,708,1cfd083f,8,   7.843824,0.82594057,2.21523286,   0.00000,0
1590770717.102043,709,18feee3f,8,   0.000000,0.00000000,0.00000000,  81.75000,0
1590770748.560875,712,1cfd083f,8,   7.843824,0.82594057,2.21523286,   0.00000,0
1590770748.561451,713,18feee3f,8,   0.000000,0.00000000,0.00000000,  81.75000,0
1590770780.022259,716,1cfd083f,8,   7.843824,0.82594057,2.21523286,   0.00000,0
1590770780.022814,717,18feee3f,8,   0.000000,0.00000000,0.00000000,  81.75000,0
1590770811.483615,720,1cfd083f,8,   7.843824,0.82594057,2.21523286,   0.00000,0
1590770811.484182,721,18feee3f,8,   0.000000,0.00000000,0.00000000,  81.75000,0
1590770842.945019,724,1cfd083f,8,   7.812573,0.82517750,2.21523286,   0.00000,0
1590770842.945593,725,18feee3f,8,   0.000000,0.00000000,0.00000000,  81.81250,0
1590770874.406376,728,1cfd083f,8,   7.812573,0.82517750,2.21523286,   0.00000,0
1590770874.406949,729,18feee3f,8,   0.000000,0.00000000,0.00000000,  81.81250,0
1590770905.867777,732,1cfd083f,8,   7.812573,0.82517750,2.21523286,   0.00000,0
1590770905.868317,733,18feee3f,8,   0.000000,0.00000000,0.00000000,  81.81250,0
1590770937.329133,736,1cfd083f,8,   7.765698,0.82548273,2.21462250,   0.00000,0
1590770937.329728,737,18feee3f,8,   0.000000,0.00000000,0.00000000,  81.81250,0
1590770968.790509,740,1cfd083f,8,   7.765698,0.82548273,2.21462250,   0.00000,0
1590770968.791075,741,18feee3f,8,   0.000000,0.00000000,0.00000000,  81.78125,0
1590771000.251876,744,1cfd083f,8,   7.765698,0.82548273,2.21462250,   0.00000,0
1590771000.252442,745,18feee3f,8,   0.000000,0.00000000,0.00000000,  81.78125,0
1590771031.714820,748,1cfd083f,8,   7.765698,0.82548273,2.21462250,   0.00000,0
1590771031.715391,749,18feee3f,8,   0.000000,0.00000000,0.00000000,  81.78125,0
1590771063.174621,752,1cfd083f,8,   7.812573,0.82468914,2.21376800,   0.00000,0
1590771063.175199,753,18feee3f,8,   0.000000,0.00000000,0.00000000,  81.75000,0
1590771094.635995,756,1cfd083f,8,   7.812573,0.82468914,2.21376800,   0.00000,0
1590771094.636569,757,18feee3f,8,   0.000000,0.00000000,0.00000000,  81.75000,0
1590771126.098558,760,1cfd083f,8,   7.812573,0.82468914,2.21376800,   0.00000,0
1590771126.099144,761,18feee3f,8,   0.000000,0.00000000,0.00000000,  81.75000,0
1590771157.558768,764,1cfd083f,8,   7.734448,0.82584900,2.21425628,   0.00000,0
1590771157.559362,765,18feee3f,8,   0.000000,0.00000000,0.00000000,  81.62500,0
1590771189.020145,768,1cfd083f,8,   7.734448,0.82584900,2.21425628,   0.00000,0
1590771189.020707,769,18feee3f,8,   0.000000,0.00000000,0.00000000,  81.62500,0
1590771220.482267,772,1cfd083f,8,   7.734448,0.82584900,2.21425628,   0.00000,0
1590771220.482840,773,18feee3f,8,   0.000000,0.00000000,0.00000000,  81.62500,0
1590771251.942891,776,1cfd083f,8,   7.812573,0.82511646,2.21376800,   0.00000,0
1590771251.943457,777,18feee3f,8,   0.000000,0.00000000,0.00000000,  81.43750,0
1590771283.404265,780,1cfd083f,8,   7.812573,0.82511646,2.21376800,   0.00000,0
1590771283.404831,781,18feee3f,8,   0.000000,0.00000000,0.00000000,  81.43750,0
1590771314.866013,784,1cfd083f,8,   7.812573,0.82511646,2.21376800,   0.00000,0
1590771314.866564,785,18feee3f,8,   0.000000,0.00000000,0.00000000,  81.43750,0
1590771346.327012,788,1cfd083f,8,   7.812573,0.82511646,2.21376800,   0.00000,0
1590771346.327564,789,18feee3f,8,   0.000000,0.00000000,0.00000000,  81.43750,0
1590771377.788382,792,1cfd083f,8,   7.796948,0.82523855,2.21523286,   0.00000,0
1590771377.788938,793,18feee3f,8,   0.000000,0.00000000,0.00000000,  81.28125,0
1590771409.249758,796,1cfd083f,8,   7.796948,0.82523855,2.21523286,   0.00000,0
1590771409.250324,797,18feee3f,8,   0.000000,0.00000000,0.00000000,  81.28125,0
1590771440.711150,800,1cfd083f,8,   7.796948,0.82523855,2.21523286,   0.00000,0
1590771440.711684,801,18feee3f,8,   0.000000,0.00000000,0.00000000,  81.28125,0
1590771472.172514,804,1cfd083f,8,   7.843824,0.82581848,2.21584322,   0.00000,0
1590771472.173079,805,18feee3f,8,   0.000000,0.00000000,0.00000000,  81.09375,0
1590771503.633895,808,1cfd083f,8,   7.843824,0.82581848,2.21584322,   0.00000,0
1590771503.634454,809,18feee3f,8,   0.000000,0.00000000,0.00000000,  81.06250,0
1590771535.095261,812,1cfd083f,8,   7.843824,0.82581848,2.21584322,   0.00000,0
1590771535.095815,813,18feee3f,8,   0.000000,0.00000000,0.00000000,  81.06250,0
1590771566.556647,816,1cfd083f,8,   7.843824,0.82581848,2.21584322,   0.00000,0
1590771566.557206,817,18feee3f,8,   0.000000,0.00000000,0.00000000,  81.06250,0
1590771598.018008,820,1cfd083f,8,   7.828198,0.82682572,2.21559907,   0.00000,0
1590771598.018579,821,18feee3f,8,   0.000000,0.00000000,0.00000000,  80.96875,0
1590771629.479397,824,1cfd083f,8,   7.828198,0.82682572,2.21559907,   0.00000,0
1590771629.479934,825,18feee3f,8,   0.000000,0.00000000,0.00000000,  80.96875,0
1590771660.940776,828,1cfd083f,8,   7.828198,0.82682572,2.21559907,   0.00000,0
1590771660.941311,829,18feee3f,8,   0.000000,0.00000000,0.00000000,  80.96875,0
1590771692.403301,832,1cfd083f,8,   7.890699,0.82664259,2.21523286,   0.00000,0
1590771692.403855,833,18feee3f,8,   0.000000,0.00000000,0.00000000,  81.12500,0
1590771723.865485,836,1cfd083f,8,   7.890699,0.82664259,2.21523286,   0.00000,0
1590771723.866042,837,18feee3f,8,   0.000000,0.00000000,0.00000000,  81.12500,0
1590771755.324860,840,1cfd083f,8,   7.890699,0.82664259,2.21523286,   0.00000,0
1590771755.325453,841,18feee3f,8,   0.000000,0.00000000,0.00000000,  81.12500,0
1590771786.787014,844,1cfd083f,8,   7.906324,0.82658154,2.21645357,   0.00000,0
1590771786.787571,845,18feee3f,8,   0.000000,0.00000000,0.00000000,  81.25000,0
1590771818.249189,848,1cfd083f,8,   7.906324,0.82658154,2.21645357,   0.00000,0
1590771818.249774,849,18feee3f,8,   0.000000,0.00000000,0.00000000,  81.28125,0
1590771849.708985,852,1cfd083f,8,   7.906324,0.82658154,2.21645357,   0.00000,0
1590771849.709547,853,18feee3f,8,   0.000000,0.00000000,0.00000000,  81.28125,0
1590771881.170373,856,1cfd083f,8,   7.906324,0.82658154,2.21645357,   0.00000,0
1590771881.170922,857,18feee3f,8,   0.000000,0.00000000,0.00000000,  81.28125,0
1590771912.631727,860,1cfd083f,8,   7.890699,0.82584900,2.21559907,   0.00000,0
1590771912.632323,861,18feee3f,8,   0.000000,0.00000000,0.00000000,  81.40625,0
1590771944.093096,864,1cfd083f,8,   7.890699,0.82584900,2.21559907,   0.00000,0
1590771944.093671,865,18feee3f,8,   0.000000,0.00000000,0.00000000,  81.37500,0
1590771975.554485,868,1cfd083f,8,   7.890699,0.82584900,2.21559907,   0.00000,0
1590771975.555052,869,18feee3f,8,   0.000000,0.00000000,0.00000000,  81.37500,0
1590772007.016601,872,1cfd083f,8,   7.890699,0.82584900,2.21559907,   0.00000,0
1590772007.017170,873,18feee3f,8,   0.000000,0.00000000,0.00000000,  81.37500,0
1590772038.477223,876,1cfd083f,8,   7.859449,0.82591004,2.21547700,   0.00000,0
1590772038.477825,877,18feee3f,8,   0.000000,0.00000000,0.00000000,  81.43750,0
1590772069.938585,880,1cfd083f,8,   7.859449,0.82591004,2.21547700,   0.00000,0
1590772069.939140,881,18feee3f,8,   0.000000,0.00000000,0.00000000,  81.43750,0
1590772101.400308,884,1cfd083f,8,   7.859449,0.82591004,2.21547700,   0.00000,0
1590772101.400872,885,18feee3f,8,   0.000000,0.00000000,0.00000000,  81.43750,0
1590772132.861319,888,1cfd083f,8,   7.812573,0.82600161,2.21572114,   0.00000,0
1590772132.861894,889,18feee3f,8,   0.000000,0.00000000,0.00000000,  81.40625,0
1590772164.322678,892,1cfd083f,8,   7.812573,0.82600161,2.21572114,   0.00000,0
1590772164.323272,893,18feee3f,8,   0.000000,0.00000000,0.00000000,  81.40625,0
1590772195.784061,896,1cfd083f,8,   7.812573,0.82600161,2.21572114,   0.00000,0
1590772195.784630,897,18feee3f,8,   0.000000,0.00000000,0.00000000,  81.40625,0
1590772227.245420,900,1cfd083f,8,   7.812573,0.82600161,2.21572114,   0.00000,0
1590772227.245975,901,18feee3f,8,   0.000000,0.00000000,0.00000000,  81.40625,0
1590772258.706798,904,1cfd083f,8,   7.828198,0.82557430,2.21486664,   0.00000,0
1590772258.707372,905,18feee3f,8,   0.000000,0.00000000,0.00000000,  81.37500,0
1590772290.168188,908,1cfd083f,8,   7.828198,0.82557430,2.21486664,   0.00000,0
1590772290.168725,909,18feee3f,8,   0.000000,0.00000000,0.00000000,  81.37500,0
1590772321.629552,912,1cfd083f,8,   7.828198,0.82557430,2.21486664,   0.00000,0
1590772321.630116,913,18feee3f,8,   0.000000,0.00000000,0.00000000,  81.37500,0
1590772353.090885,916,1cfd083f,8,   7.812573,0.82569639,2.21559907,   0.00000,0
1590772353.091461,917,18feee3f,8,   0.000000,0.00000000,0.00000000,  81.37500,0
1590772384.552280,920,1cfd083f,8,   7.812573,0.82569639,2.21559907,   0.00000,0
1590772384.552852,921,18feee3f,8,   0.000000,0.00000000,0.00000000,  81.37500,0
1590772416.013639,924,1cfd083f,8,   7.812573,0.82569639,2.21559907,   0.00000,0
1590772416.014214,925,18feee3f,8,   0.000000,0.00000000,0.00000000,  81.37500,0
1590772447.475003,928,1cfd083f,8,   7.828198,0.82539116,2.21450043,   0.00000,0
1590772447.475580,929,18feee3f,8,   0.000000,0.00000000,0.00000000,  81.37500,0
1590772478.936383,932,1cfd083f,8,   7.828198,0.82539116,2.21450043,   0.00000,0
1590772478.936929,933,18feee3f,8,   0.000000,0.00000000,0.00000000,  81.37500,0
1590772510.399713,936,1cfd083f,8,   7.828198,0.82539116,2.21450043,   0.00000,0
1590772510.400280,937,18feee3f,8,   0.000000,0.00000000,0.00000000,  81.37500,0
1590772541.859116,940,1cfd083f,8,   7.828198,0.82539116,2.21450043,   0.00000,0
1590772541.859670,941,18feee3f,8,   0.000000,0.00000000,0.00000000,  81.37500,0
1590772573.320488,944,1cfd083f,8,   7.828198,0.82615423,2.21437836,   0.00000,0
1590772573.321045,945,18feee3f,8,   0.000000,0.00000000,0.00000000,  81.31250,0
1590772604.783419,948,1cfd083f,8,   7.828198,0.82615423,2.21437836,   0.00000,0
1590772604.783967,949,18feee3f,8,   0.000000,0.00000000,0.00000000,  81.31250,0
1590772636.243214,952,1cfd083f,8,   7.828198,0.82615423,2.21437836,   0.00000,0
1590772636.243781,953,18feee3f,8,   0.000000,0.00000000,0.00000000,  81.31250,0
1590772667.704955,956,1cfd083f,8,   7.859449,0.82539116,2.21559907,   0.00000,0
1590772667.705527,957,18feee3f,8,   0.000000,0.00000000,0.00000000,  81.28125,0
1590772699.167101,960,1cfd083f,8,   7.859449,0.82539116,2.21559907,   0.00000,0
1590772699.167673,961,18feee3f,8,   0.000000,0.00000000,0.00000000,  81.28125,0
1590772730.627190,964,1cfd083f,8,   7.859449,0.82539116,2.21559907,   0.00000,0
1590772730.627763,965,18feee3f,8,   0.000000,0.00000000,0.00000000,  81.28125,0
1590772762.088348,968,1cfd083f,8,   7.890699,0.82496385,2.21523286,   0.00000,0
1590772762.088937,969,18feee3f,8,   0.000000,0.00000000,0.00000000,  81.21875,0
1590772793.550326,972,1cfd083f,8,   7.890699,0.82496385,2.21523286,   0.00000,0
1590772793.550885,973,18feee3f,8,   0.000000,0.00000000,0.00000000,  81.21875,0
1590772825.010739,976,1cfd083f,8,   7.890699,0.82496385,2.21523286,   0.00000,0
1590772825.011307,977,18feee3f,8,   0.000000,0.00000000,0.00000000,  81.21875,0
1590772856.471940,980,1cfd083f,8,   7.890699,0.82496385,2.21523286,   0.00000,0
1590772856.472514,981,18feee3f,8,   0.000000,0.00000000,0.00000000,  81.21875,0
1590772887.933503,984,1cfd083f,8,   7.812573,0.82661206,2.21584322,   0.00000,0
1590772887.934068,985,18feee3f,8,   0.000000,0.00000000,0.00000000,  81.18750,0
1590772919.394351,988,1cfd083f,8,   7.812573,0.82661206,2.21584322,   0.00000,0
1590772919.394917,989,18feee3f,8,   0.000000,0.00000000,0.00000000,  81.18750,0
1590772950.855560,992,1cfd083f,8,   7.812573,0.82661206,2.21584322,   0.00000,0
1590772950.856136,993,18feee3f,8,   0.000000,0.00000000,0.00000000,  81.18750,0
1590772982.316811,996,1cfd083f,8,   7.906324,0.82533012,2.21462250,   0.00000,0
1590772982.317355,997,18feee3f,8,   0.000000,0.00000000,0.00000000,  81.12500,0
1590773013.778046,1000,1cfd083f,8,   7.906324,0.82533012,2.21462250,   0.00000,0
1590773013.778613,1001,18feee3f,8,   0.000000,0.00000000,0.00000000,  81.12500,0
1590773045.239271,1004,1cfd083f,8,   7.906324,0.82533012,2.21462250,   0.00000,0
1590773045.239834,1005,18feee3f,8,   0.000000,0.00000000,0.00000000,  81.12500,0
1590773076.702504,1008,1cfd083f,8,   7.875074,0.82606266,2.21657564,   0.00000,0
1590773076.703062,1009,18feee3f,8,   0.000000,0.00000000,0.00000000,  81.15625,0
1590773108.161780,1012,1cfd083f,8,   7.875074,0.82606266,2.21657564,   0.00000,0
1590773108.162346,1013,18feee3f,8,   0.000000,0.00000000,0.00000000,  81.15625,0
1590773139.623056,1016,1cfd083f,8,   7.875074,0.82606266,2.21657564,   0.00000,0
1590773139.623591,1017,18feee3f,8,   0.000000,0.00000000,0.00000000,  81.15625,0
1590773171.084307,1020,1cfd083f,8,   7.875074,0.82606266,2.21657564,   0.00000,0
1590773171.084880,1021,18feee3f,8,   0.000000,0.00000000,0.00000000,  81.15625,0
1590773202.545592,1024,1cfd083f,8,   7.921949,0.82542168,2.21681979,   0.00000,0
1590773202.546129,1025,18feee3f,8,   0.000000,0.00000000,0.00000000,  81.18750,0
1590773234.006861,1028,1cfd083f,8,   7.921949,0.82542168,2.21681979,   0.00000,0
1590773234.007433,1029,18feee3f,8,   0.000000,0.00000000,0.00000000,  81.18750,0
1590773265.468135,1032,1cfd083f,8,   7.921949,0.82542168,2.21681979,   0.00000,0
1590773265.468698,1033,18feee3f,8,   0.000000,0.00000000,0.00000000,  81.18750,0
1590773296.929433,1036,1cfd083f,8,   7.890699,0.82587952,2.21620943,   0.00000,0
1590773296.929994,1037,18feee3f,8,   0.000000,0.00000000,0.00000000,  81.15625,0
1590773328.390701,1040,1cfd083f,8,   7.890699,0.82587952,2.21620943,   0.00000,0
1590773328.391247,1041,18feee3f,8,   0.000000,0.00000000,0.00000000,  81.15625,0
1590773359.851970,1044,1cfd083f,8,   7.890699,0.82587952,2.21620943,   0.00000,0
1590773359.852547,1045,18feee3f,8,   0.000000,0.00000000,0.00000000,  81.15625,0
1590773391.314824,1048,1cfd083f,8,   7.890699,0.82587952,2.21620943,   0.00000,0
1590773391.315397,1049,18feee3f,8,   0.000000,0.00000000,0.00000000,  81.15625,0
1590773422.774563,1052,1cfd083f,8,   7.875074,0.82581848,2.21572114,   0.00000,0
1590773422.775129,1053,18feee3f,8,   0.000000,0.00000000,0.00000000,  81.18750,0
1590773454.235900,1056,1cfd083f,8,   7.875074,0.82581848,2.21572114,   0.00000,0
1590773454.236435,1057,18feee3f,8,   0.000000,0.00000000,0.00000000,  81.18750,0
1590773485.698318,1060,1cfd083f,8,   7.875074,0.82581848,2.21572114,   0.00000,0
1590773485.698884,1061,18feee3f,8,   0.000000,0.00000000,0.00000000,  81.18750,0
1590773517.158526,1064,1cfd083f,8,   7.859449,0.82633736,2.21511079,   0.00000,0
1590773517.159036,1065,18feee3f,8,   0.000000,0.00000000,0.00000000,  81.25000,0
1590773548.619762,1068,1cfd083f,8,   7.859449,0.82633736,2.21511079,   0.00000,0
1590773548.620339,1069,18feee3f,8,   0.000000,0.00000000,0.00000000,  81.25000,0
1590773580.081817,1072,1cfd083f,8,   7.859449,0.82633736,2.21511079,   0.00000,0
1590773580.082418,1073,18feee3f,8,   0.000000,0.00000000,0.00000000,  81.25000,0
1590773611.542397,1076,1cfd083f,8,   7.859449,0.82633736,2.21511079,   0.00000,0
1590773611.542964,1077,18feee3f,8,   0.000000,0.00000000,0.00000000,  81.25000,0
1590773643.003671,1080,1cfd083f,8,   7.843824,0.82655102,2.21425628,   0.00000,0
1590773643.004266,1081,18feee3f,8,   0.000000,0.00000000,0.00000000,  81.25000,0
1590773674.465378,1084,1cfd083f,8,   7.843824,0.82655102,2.21425628,   0.00000,0
1590773674.465943,1085,18feee3f,8,   0.000000,0.00000000,0.00000000,  81.25000,0
1590773705.926313,1088,1cfd083f,8,   7.843824,0.82655102,2.21425628,   0.00000,0
1590773705.926885,1089,18feee3f,8,   0.000000,0.00000000,0.00000000,  81.25000,0
1590773737.387626,1092,1cfd083f,8,   7.843824,0.82636788,2.21523286,   0.00000,0
1590773737.388200,1093,18feee3f,8,   0.000000,0.00000000,0.00000000,  81.25000,0
1590773768.848955,1096,1cfd083f,8,   7.843824,0.82636788,2.21523286,   0.00000,0
1590773768.849496,1097,18feee3f,8,   0.000000,0.00000000,0.00000000,  81.25000,0
1590773800.310262,1100,1cfd083f,8,   7.843824,0.82636788,2.21523286,   0.00000,0
1590773800.310837,1101,18feee3f,8,   0.000000,0.00000000,0.00000000,  81.25000,0
1590773831.771586,1104,1cfd083f,8,   7.843824,0.82636788,2.21523286,   0.00000,0
1590773831.772213,1105,18feee3f,8,   0.000000,0.00000000,0.00000000,  81.25000,0
1590773863.233108,1108,1cfd083f,8,   7.906324,0.82542168,2.21413421,   0.00000,0
1590773863.233676,1109,18feee3f,8,   0.000000,0.00000000,0.00000000,  81.28125,0
1590773894.694249,1112,1cfd083f,8,   7.906324,0.82542168,2.21413421,   0.00000,0
1590773894.694891,1113,18feee3f,8,   0.000000,0.00000000,0.00000000,  81.28125,0
1590773926.155558,1116,1cfd083f,8,   7.906324,0.82542168,2.21413421,   0.00000,0
1590773926.156126,1117,18feee3f,8,   0.000000,0.00000000,0.00000000,  81.28125,0
1590773957.618454,1120,1cfd083f,8,   7.875074,0.82557430,2.21401214,   0.00000,0
1590773957.619019,1121,18feee3f,8,   0.000000,0.00000000,0.00000000,  81.28125,0
1590773989.078236,1124,1cfd083f,8,   7.875074,0.82557430,2.21401214,   0.00000,0
1590773989.078789,1125,18feee3f,8,   0.000000,0.00000000,0.00000000,  81.28125,0
1590774020.539532,1128,1cfd083f,8,   7.875074,0.82557430,2.21401214,   0.00000,0
1590774020.540105,1129,18feee3f,8,   0.000000,0.00000000,0.00000000,  81.28125,0
1590774052.000862,1132,1cfd083f,8,   7.875074,0.82557430,2.21401214,   0.00000,0
1590774052.001428,1133,18feee3f,8,   0.000000,0.00000000,0.00000000,  81.28125,0
1590774083.464184,1136,1cfd083f,8,   7.875074,0.82557430,2.21401214,   0.00000,0
1590774083.464731,1137,18feee3f,8,   0.000000,0.00000000,0.00000000,  81.28125,0
1590774114.923523,1140,1cfd083f,8,   7.859449,0.82603214,2.21425628,   0.00000,0
1590774114.924072,1141,18feee3f,8,   0.000000,0.00000000,0.00000000,  81.28125,0
1590774146.384845,1144,1cfd083f,8,   7.859449,0.82603214,2.21425628,   0.00000,0
1590774146.385411,1145,18feee3f,8,   0.000000,0.00000000,0.00000000,  81.28125,0
1590774177.847759,1148,1cfd083f,8,   7.859449,0.82603214,2.21425628,   0.00000,0
1590774177.848330,1149,18feee3f,8,   0.000000,0.00000000,0.00000000,  81.28125,0
1590774209.307518,1152,1cfd083f,8,   7.843824,0.82581848,2.21474457,   0.00000,0
1590774209.308082,1153,18feee3f,8,   0.000000,0.00000000,0.00000000,  81.31250,0
1590774240.768869,1156,1cfd083f,8,   7.843824,0.82581848,2.21474457,   0.00000,0
1590774240.769412,1157,18feee3f,8,   0.000000,0.00000000,0.00000000,  81.28125,0
1590774272.231383,1160,1cfd083f,8,   7.843824,0.82581848,2.21474457,   0.00000,0
1590774272.231911,1161,18feee3f,8,   0.000000,0.00000000,0.00000000,  81.28125,0
1590774303.691528,1164,1cfd083f,8,   7.859449,0.82645945,2.21450043,   0.00000,0
1590774303.692094,1165,18feee3f,8,   0.000000,0.00000000,0.00000000,  81.25000,0
1590774335.152866,1168,1cfd083f,8,   7.859449,0.82645945,2.21450043,   0.00000,0
1590774335.153469,1169,18feee3f,8,   0.000000,0.00000000,0.00000000,  81.28125,0
1590774366.614971,1172,1cfd083f,8,   7.859449,0.82645945,2.21450043,   0.00000,0
1590774366.615501,1173,18feee3f,8,   0.000000,0.00000000,0.00000000,  81.28125,0
1590774398.075519,1176,1cfd083f,8,   7.859449,0.82645945,2.21450043,   0.00000,0
1590774398.076097,1177,18feee3f,8,   0.000000,0.00000000,0.00000000,  81.28125,0
1590774429.536854,1180,1cfd083f,8,   7.828198,0.82587952,2.21474457,   0.00000,0
1590774429.537427,1181,18feee3f,8,   0.000000,0.00000000,0.00000000,  81.28125,0
1590774460.998557,1184,1cfd083f,8,   7.828198,0.82587952,2.21474457,   0.00000,0
1590774460.999127,1185,18feee3f,8,   0.000000,0.00000000,0.00000000,  81.28125,0
1590774492.459544,1188,1cfd083f,8,   7.828198,0.82587952,2.21474457,   0.00000,0
1590774492.460089,1189,18feee3f,8,   0.000000,0.00000000,0.00000000,  81.28125,0
1590774523.920879,1192,1cfd083f,8,   7.828198,0.82587952,2.21474457,   0.00000,0
1590774523.921444,1193,18feee3f,8,   0.000000,0.00000000,0.00000000,  81.28125,0
1590774555.382211,1196,1cfd083f,8,   7.890699,0.82529959,2.21486664,   0.00000,0
1590774555.382782,1197,18feee3f,8,   0.000000,0.00000000,0.00000000,  81.25000,0
1590774586.843555,1200,1cfd083f,8,   7.890699,0.82529959,2.21486664,   0.00000,0
1590774586.844131,1201,18feee3f,8,   0.000000,0.00000000,0.00000000,  81.25000,0
1590774618.304903,1204,1cfd083f,8,   7.890699,0.82529959,2.21486664,   0.00000,0
1590774618.305473,1205,18feee3f,8,   0.000000,0.00000000,0.00000000,  81.25000,0
1590774649.768184,1208,1cfd083f,8,   7.828198,0.82682572,2.21462250,   0.00000,0
1590774649.768757,1209,18feee3f,8,   0.000000,0.00000000,0.00000000,  81.21875,0
1590774681.227543,1212,1cfd083f,8,   7.828198,0.82682572,2.21462250,   0.00000,0
1590774681.228111,1213,18feee3f,8,   0.000000,0.00000000,0.00000000,  81.21875,0
1590774712.688906,1216,1cfd083f,8,   7.828198,0.82682572,2.21462250,   0.00000,0
1590774712.689443,1217,18feee3f,8,   0.000000,0.00000000,0.00000000,  81.21875,0
1590774744.150253,1220,1cfd083f,8,   7.828198,0.82682572,2.21462250,   0.00000,0
1590774744.150798,1221,18feee3f,8,   0.000000,0.00000000,0.00000000,  81.21875,0
1590774775.611595,1224,1cfd083f,8,   7.859449,0.82624579,2.21511079,   0.00000,0
1590774775.612168,1225,18feee3f,8,   0.000000,0.00000000,0.00000000,  81.21875,0
1590774807.073032,1228,1cfd083f,8,   7.859449,0.82624579,2.21511079,   0.00000,0
1590774807.073600,1229,18feee3f,8,   0.000000,0.00000000,0.00000000,  81.21875,0
1590774838.534434,1232,1cfd083f,8,   7.859449,0.82624579,2.21511079,   0.00000,0
1590774838.535000,1233,18feee3f,8,   0.000000,0.00000000,0.00000000,  81.21875,0
1590774869.995840,1236,1cfd083f,8,   7.859449,0.82630684,2.21486664,   0.00000,0
1590774869.996379,1237,18feee3f,8,   0.000000,0.00000000,0.00000000,  81.21875,0
1590774901.457220,1240,1cfd083f,8,   7.859449,0.82630684,2.21486664,   0.00000,0
1590774901.457810,1241,18feee3f,8,   0.000000,0.00000000,0.00000000,  81.21875,0
1590774932.918609,1244,1cfd083f,8,   7.859449,0.82630684,2.21486664,   0.00000,0
1590774932.919175,1245,18feee3f,8,   0.000000,0.00000000,0.00000000,  81.21875,0
1590774964.381566,1248,1cfd083f,8,   7.859449,0.82630684,2.21486664,   0.00000,0
1590774964.382198,1249,18feee3f,8,   0.000000,0.00000000,0.00000000,  81.21875,0
1590774995.841413,1252,1cfd083f,8,   7.859449,0.82624579,2.21511079,   0.00000,0
1590774995.841955,1253,18feee3f,8,   0.000000,0.00000000,0.00000000,  81.25000,0
1590775027.302805,1256,1cfd083f,8,   7.859449,0.82624579,2.21511079,   0.00000,0
1590775027.303345,1257,18feee3f,8,   0.000000,0.00000000,0.00000000,  81.25000,0
1590775058.765335,1260,1cfd083f,8,   7.859449,0.82624579,2.21511079,   0.00000,0
1590775058.765919,1261,18feee3f,8,   0.000000,0.00000000,0.00000000,  81.25000,0
1590775090.225574,1264,1cfd083f,8,   7.906324,0.82548273,2.21425628,   0.00000,0
1590775090.226111,1265,18feee3f,8,   0.000000,0.00000000,0.00000000,  81.31250,0
1590775121.686946,1268,1cfd083f,8,   7.906324,0.82548273,2.21425628,   0.00000,0
1590775121.687517,1269,18feee3f,8,   0.000000,0.00000000,0.00000000,  81.28125,0
1590775153.149081,1272,1cfd083f,8,   7.906324,0.82548273,2.21425628,   0.00000,0
1590775153.149655,1273,18feee3f,8,   0.000000,0.00000000,0.00000000,  81.28125,0
1590775184.609734,1276,1cfd083f,8,   7.906324,0.82548273,2.21425628,   0.00000,0
1590775184.610270,1277,18feee3f,8,   0.000000,0.00000000,0.00000000,  81.28125,0
1590775216.071064,1280,1cfd083f,8,   7.906324,0.82548273,2.21425628,   0.00000,0
1590775216.071627,1281,18feee3f,8,   0.000000,0.00000000,0.00000000,  81.28125,0
1590775247.532782,1284,1cfd083f,8,   7.875074,0.82560482,2.22365580,   0.00000,0
1590775247.533377,1285,18feee3f,8,   0.000000,0.00000000,0.00000000,  81.31250,0
1590775278.993816,1288,1cfd083f,8,   7.875074,0.82560482,2.22365580,   0.00000,0
1590775278.994378,1289,18feee3f,8,   0.000000,0.00000000,0.00000000,  81.31250,0
1590775310.455187,1292,1cfd083f,8,   7.875074,0.82560482,2.22365580,   0.00000,0
1590775310.455728,1293,18feee3f,8,   0.000000,0.00000000,0.00000000,  81.31250,0
1590775341.916531,1296,1cfd083f,8,   7.875074,0.82560482,2.22365580,   0.00000,0
1590775341.917099,1297,18feee3f,8,   0.000000,0.00000000,0.00000000,  81.31250,0
1590775373.377909,1300,1cfd083f,8,   7.859449,0.82523855,2.22280130,   0.00000,0
1590775373.378447,1301,18feee3f,8,   0.000000,0.00000000,0.00000000,  81.31250,0
1590775404.839272,1304,1cfd083f,8,   7.859449,0.82523855,2.22280130,   0.00000,0
1590775404.839834,1305,18feee3f,8,   0.000000,0.00000000,0.00000000,  81.31250,0
1590775436.300634,1308,1cfd083f,8,   7.859449,0.82523855,2.22280130,   0.00000,0
1590775436.301200,1309,18feee3f,8,   0.000000,0.00000000,0.00000000,  81.31250,0
1590775467.761990,1312,1cfd083f,8,   7.828198,0.82560482,2.22280130,   0.00000,0
1590775467.762589,1313,18feee3f,8,   0.000000,0.00000000,0.00000000,  81.40625,0
1590775499.223365,1316,1cfd083f,8,   7.828198,0.82560482,2.22280130,   0.00000,0
1590775499.223916,1317,18feee3f,8,   0.000000,0.00000000,0.00000000,  81.40625,0
1590775530.684733,1320,1cfd083f,8,   7.828198,0.82560482,2.22280130,   0.00000,0
1590775530.685269,1321,18feee3f,8,   0.000000,0.00000000,0.00000000,  81.40625,0
1590775562.146095,1324,1cfd083f,8,   7.828198,0.82560482,2.22280130,   0.00000,0
1590775562.146690,1325,18feee3f,8,   0.000000,0.00000000,0.00000000,  81.40625,0
1590775593.607440,1328,1cfd083f,8,   7.843824,0.82526907,2.22280130,   0.00000,0
1590775593.608020,1329,18feee3f,8,   0.000000,0.00000000,0.00000000,  81.28125,0
1590775625.068818,1332,1cfd083f,8,   7.843824,0.82526907,2.22280130,   0.00000,0
1590775625.069425,1333,18feee3f,8,   0.000000,0.00000000,0.00000000,  81.28125,0
1590775656.532113,1336,1cfd083f,8,   7.843824,0.82526907,2.22280130,   0.00000,0
1590775656.532691,1337,18feee3f,8,   0.000000,0.00000000,0.00000000,  81.28125,0
1590775687.991521,1340,1cfd083f,8,   7.843824,0.82526907,2.22280130,   0.00000,0
1590775687.992126,1341,18feee3f,8,   0.000000,0.00000000,0.00000000,  81.28125,0
1590775719.452864,1344,1cfd083f,8,   7.843824,0.82539116,2.22219094,   0.00000,0
1590775719.453428,1345,18feee3f,8,   0.000000,0.00000000,0.00000000,  81.18750,0
1590775750.915788,1348,1cfd083f,8,   7.843824,0.82539116,2.22219094,   0.00000,0
1590775750.916360,1349,18feee3f,8,   0.000000,0.00000000,0.00000000,  81.18750,0
1590775782.375578,1352,1cfd083f,8,   7.843824,0.82539116,2.22219094,   0.00000,0
1590775782.376147,1353,18feee3f,8,   0.000000,0.00000000,0.00000000,  81.18750,0
1590775813.837321,1356,1cfd083f,8,   7.875074,0.82624579,2.22194679,   0.00000,0
1590775813.837903,1357,18feee3f,8,   0.000000,0.00000000,0.00000000,  81.12500,0
1590775845.299480,1360,1cfd083f,8,   7.875074,0.82624579,2.22194679,   0.00000,0
1590775845.300049,1361,18feee3f,8,   0.000000,0.00000000,0.00000000,  81.12500,0
1590775876.759679,1364,1cfd083f,8,   7.875074,0.82624579,2.22194679,   0.00000,0
1590775876.760238,1365,18feee3f,8,   0.000000,0.00000000,0.00000000,  81.12500,0
1590775908.221014,1368,1cfd083f,8,   7.875074,0.82624579,2.22194679,   0.00000,0
1590775908.221588,1369,18feee3f,8,   0.000000,0.00000000,0.00000000,  81.12500,0
1590775939.683156,1372,1cfd083f,8,   7.890699,0.82575743,2.21474457,   0.00000,0
1590775939.683717,1373,18feee3f,8,   0.000000,0.00000000,0.00000000,  81.00000,0
1590775971.143730,1376,1cfd083f,8,   7.890699,0.82575743,2.21474457,   0.00000,0
1590775971.144303,1377,18feee3f,8,   0.000000,0.00000000,0.00000000,  81.00000,0
1590776002.605080,1380,1cfd083f,8,   7.890699,0.82575743,2.21474457,   0.00000,0
1590776002.605641,1381,18feee3f,8,   0.000000,0.00000000,0.00000000,  81.00000,0
1590776034.066434,1384,1cfd083f,8,   7.859449,0.82682572,2.21559907,   0.00000,0
1590776034.067004,1385,18feee3f,8,   0.000000,0.00000000,0.00000000,  81.00000,0
1590776065.527790,1388,1cfd083f,8,   7.859449,0.82682572,2.21559907,   0.00000,0
1590776065.528354,1389,18feee3f,8,   0.000000,0.00000000,0.00000000,  81.00000,0
1590776096.989143,1392,1cfd083f,8,   7.859449,0.82682572,2.21559907,   0.00000,0
1590776096.989731,1393,18feee3f,8,   0.000000,0.00000000,0.00000000,  81.00000,0
1590776128.450470,1396,1cfd083f,8,   7.937574,0.82655102,2.21584322,   0.00000,0
1590776128.451048,1397,18feee3f,8,   0.000000,0.00000000,0.00000000,  80.96875,0
1590776159.911857,1400,1cfd083f,8,   7.937574,0.82655102,2.21584322,   0.00000,0
1590776159.912424,1401,18feee3f,8,   0.000000,0.00000000,0.00000000,  80.96875,0
1590776191.373206,1404,1cfd083f,8,   7.937574,0.82655102,2.21584322,   0.00000,0
1590776191.373774,1405,18feee3f,8,   0.000000,0.00000000,0.00000000,  80.96875,0
1590776222.834562,1408,1cfd083f,8,   7.937574,0.82618475,2.21498871,   0.00000,0
1590776222.835104,1409,18feee3f,8,   0.000000,0.00000000,0.00000000,  80.96875,0
1590776254.295890,1412,1cfd083f,8,   7.937574,0.82618475,2.21498871,   0.00000,0
1590776254.296466,1413,18feee3f,8,   0.000000,0.00000000,0.00000000,  81.00000,0
1590776285.757267,1416,1cfd083f,8,   7.937574,0.82618475,2.21498871,   0.00000,0
1590776285.757832,1417,18feee3f,8,   0.000000,0.00000000,0.00000000,  81.00000,0
1590776317.218601,1420,1cfd083f,8,   7.937574,0.82618475,2.21498871,   0.00000,0
1590776317.219180,1421,18feee3f,8,   0.000000,0.00000000,0.00000000,  81.00000,0
1590776348.679966,1424,1cfd083f,8,   7.937574,0.82618475,2.21535493,   0.00000,0
1590776348.680556,1425,18feee3f,8,   0.000000,0.00000000,0.00000000,  81.06250,0
1590776380.141329,1428,1cfd083f,8,   7.937574,0.82618475,2.21535493,   0.00000,0
1590776380.141893,1429,18feee3f,8,   0.000000,0.00000000,0.00000000,  81.06250,0
1590776411.602667,1432,1cfd083f,8,   7.937574,0.82618475,2.21535493,   0.00000,0
1590776411.603232,1433,18feee3f,8,   0.000000,0.00000000,0.00000000,  81.06250,0
1590776443.066003,1436,1cfd083f,8,   7.937574,0.82618475,2.21535493,   0.00000,0
1590776443.066533,1437,18feee3f,8,   0.000000,0.00000000,0.00000000,  81.06250,0
1590776474.525381,1440,1cfd083f,8,   7.906324,0.82603214,2.22304544,   0.00000,0
1590776474.525954,1441,18feee3f,8,   0.000000,0.00000000,0.00000000,  81.03125,0
1590776505.986714,1444,1cfd083f,8,   7.906324,0.82603214,2.22304544,   0.00000,0
1590776505.987285,1445,18feee3f,8,   0.000000,0.00000000,0.00000000,  81.03125,0
1590776537.449660,1448,1cfd083f,8,   7.906324,0.82603214,2.22304544,   0.00000,0
1590776537.450225,1449,18feee3f,8,   0.000000,0.00000000,0.00000000,  81.03125,0
1590776568.909416,1452,1cfd083f,8,   7.937574,0.82584900,2.22316751,   0.00000,0
1590776568.909975,1453,18feee3f,8,   0.000000,0.00000000,0.00000000,  81.09375,0
1590776600.370773,1456,1cfd083f,8,   7.937574,0.82584900,2.22316751,   0.00000,0
1590776600.371338,1457,18feee3f,8,   0.000000,0.00000000,0.00000000,  81.12500,0
1590776631.833293,1460,1cfd083f,8,   7.937574,0.82584900,2.22316751,   0.00000,0
1590776631.833865,1461,18feee3f,8,   0.000000,0.00000000,0.00000000,  81.12500,0
1590776663.293493,1464,1cfd083f,8,   7.921949,0.82606266,2.22280130,   0.00000,0
1590776663.294059,1465,18feee3f,8,   0.000000,0.00000000,0.00000000,  81.12500,0
1590776694.754851,1468,1cfd083f,8,   7.921949,0.82606266,2.22280130,   0.00000,0
1590776694.755422,1469,18feee3f,8,   0.000000,0.00000000,0.00000000,  81.25000,0
1590776726.216941,1472,1cfd083f,8,   7.921949,0.82606266,2.22280130,   0.00000,0
1590776726.217511,1473,18feee3f,8,   0.000000,0.00000000,0.00000000,  81.25000,0
1590776757.677530,1476,1cfd083f,8,   7.921949,0.82606266,2.22280130,   0.00000,0
1590776757.678106,1477,18feee3f,8,   0.000000,0.00000000,0.00000000,  81.25000,0
1590776789.138868,1480,1cfd083f,8,   7.937574,0.82520803,2.22304544,   0.00000,0
1590776789.139433,1481,18feee3f,8,   0.000000,0.00000000,0.00000000,  81.25000,0
1590776820.600627,1484,1cfd083f,8,   7.937574,0.82520803,2.22304544,   0.00000,0
1590776820.601157,1485,18feee3f,8,   0.000000,0.00000000,0.00000000,  81.28125,0
1590776852.061600,1488,1cfd083f,8,   7.937574,0.82520803,2.22304544,   0.00000,0
1590776852.062165,1489,18feee3f,8,   0.000000,0.00000000,0.00000000,  81.28125,0
1590776883.522980,1492,1cfd083f,8,   7.937574,0.82520803,2.22304544,   0.00000,0
1590776883.523544,1493,18feee3f,8,   0.000000,0.00000000,0.00000000,  81.28125,0
1590776914.984358,1496,1cfd083f,8,   7.890699,0.82572691,2.22243508,   0.00000,0
1590776914.984903,1497,18feee3f,8,   0.000000,0.00000000,0.00000000,  81.31250,0
1590776946.445712,1500,1cfd083f,8,   7.890699,0.82572691,2.22243508,   0.00000,0
1590776946.446291,1501,18feee3f,8,   0.000000,0.00000000,0.00000000,  81.31250,0
1590776977.907132,1504,1cfd083f,8,   7.890699,0.82572691,2.22243508,   0.00000,0
1590776977.907662,1505,18feee3f,8,   0.000000,0.00000000,0.00000000,  81.31250,0
1590777009.368466,1508,1cfd083f,8,   7.890699,0.82572691,2.22243508,   0.00000,0
1590777009.369012,1509,18feee3f,8,   0.000000,0.00000000,0.00000000,  81.31250,0
1590777040.829863,1512,1cfd083f,8,   7.890699,0.82533012,2.22280130,   0.00000,0
1590777040.830410,1513,18feee3f,8,   0.000000,0.00000000,0.00000000,  81.34375,0
1590777072.291206,1516,1cfd083f,8,   7.890699,0.82533012,2.22280130,   0.00000,0
1590777072.291744,1517,18feee3f,8,   0.000000,0.00000000,0.00000000,  81.34375,0
1590777103.752552,1520,1cfd083f,8,   7.890699,0.82533012,2.22280130,   0.00000,0
1590777103.753128,1521,18feee3f,8,   0.000000,0.00000000,0.00000000,  81.34375,0
1590777135.213905,1524,1cfd083f,8,   7.890699,0.82533012,2.22280130,   0.00000,0
1590777135.214481,1525,18feee3f,8,   0.000000,0.00000000,0.00000000,  81.34375,0
1590777166.675284,1528,1cfd083f,8,   7.859449,0.82618475,2.21437836,   0.00000,0
1590777166.675833,1529,18feee3f,8,   0.000000,0.00000000,0.00000000,  81.31250,0
1590777198.136642,1532,1cfd083f,8,   7.859449,0.82618475,2.21437836,   0.00000,0
1590777198.137213,1533,18feee3f,8,   0.000000,0.00000000,0.00000000,  81.31250,0
1590777229.599979,1536,1cfd083f,8,   7.859449,0.82618475,2.21437836,   0.00000,0
1590777229.600507,1537,18feee3f,8,   0.000000,0.00000000,0.00000000,  81.31250,0
1590777261.059344,1540,1cfd083f,8,   7.843824,0.82560482,2.21523286,   0.00000,0
1590777261.059932,1541,18feee3f,8,   0.000000,0.00000000,0.00000000,  81.31250,0
1590777292.520729,1544,1cfd083f,8,   7.843824,0.82560482,2.21523286,   0.00000,0
1590777292.521280,1545,18feee3f,8,   0.000000,0.00000000,0.00000000,  81.34375,0
1590777323.983642,1548,1cfd083f,8,   7.843824,0.82560482,2.21523286,   0.00000,0
1590777323.984209,1549,18feee3f,8,   0.000000,0.00000000,0.00000000,  81.34375,0
1590777355.443452,1552,1cfd083f,8,   7.843824,0.82560482,2.21523286,   0.00000,0
1590777355.444036,1553,18feee3f,8,   0.000000,0.00000000,0.00000000,  81.34375,0
1590777386.904797,1556,1cfd083f,8,   7.875074,0.82569639,2.21401214,   0.00000,0
1590777386.905362,1557,18feee3f,8,   0.000000,0.00000000,0.00000000,  81.34375,0
1590777418.367317,1560,1cfd083f,8,   7.875074,0.82569639,2.21401214,   0.00000,0
1590777418.367909,1561,18feee3f,8,   0.000000,0.00000000,0.00000000,  81.34375,0
1590777449.827528,1564,1cfd083f,8,   7.875074,0.82569639,2.21401214,   0.00000,0
1590777449.828096,1565,18feee3f,8,   0.000000,0.00000000,0.00000000,  81.34375,0
1590777481.288885,1568,1cfd083f,8,   7.875074,0.82569639,2.21401214,   0.00000,0
1590777481.289502,1569,18feee3f,8,   0.000000,0.00000000,0.00000000,  81.34375,0
1590777512.750987,1572,1cfd083f,8,   7.843824,0.82612370,2.21498871,   0.00000,0
1590777512.751557,1573,18feee3f,8,   0.000000,0.00000000,0.00000000,  81.31250,0
1590777544.211582,1576,1cfd083f,8,   7.843824,0.82612370,2.21498871,   0.00000,0
1590777544.212151,1577,18feee3f,8,   0.000000,0.00000000,0.00000000,  81.31250,0
1590777575.672951,1580,1cfd083f,8,   7.843824,0.82612370,2.21498871,   0.00000,0
1590777575.673514,1581,18feee3f,8,   0.000000,0.00000000,0.00000000,  81.31250,0
1590777607.134326,1584,1cfd083f,8,   7.875074,0.82563534,2.21474457,   0.00000,0
1590777607.134889,1585,18feee3f,8,   0.000000,0.00000000,0.00000000,  81.28125,0
1590777638.595676,1588,1cfd083f,8,   7.875074,0.82563534,2.21474457,   0.00000,0
1590777638.596245,1589,18feee3f,8,   0.000000,0.00000000,0.00000000,  81.28125,0
1590777670.057019,1592,1cfd083f,8,   7.875074,0.82563534,2.21474457,   0.00000,0
1590777670.057588,1593,18feee3f,8,   0.000000,0.00000000,0.00000000,  81.28125,0
1590777701.518392,1596,1cfd083f,8,   7.875074,0.82548273,2.21376800,   0.00000,0
1590777701.518955,1597,18feee3f,8,   0.000000,0.00000000,0.00000000,  81.25000,0
1590777732.979749,1600,1cfd083f,8,   7.875074,0.82548273,2.21376800,   0.00000,0
1590777732.980328,1601,18feee3f,8,   0.000000,0.00000000,0.00000000,  81.25000,0
1590777764.441112,1604,1cfd083f,8,   7.875074,0.82548273,2.21376800,   0.00000,0
1590777764.441653,1605,18feee3f,8,   0.000000,0.00000000,0.00000000,  81.25000,0
1590777795.904398,1608,1cfd083f,8,   7.890699,0.82557430,2.21437836,   0.00000,0
1590777795.904975,1609,18feee3f,8,   0.000000,0.00000000,0.00000000,  81.18750,0
1590777827.363811,1612,1cfd083f,8,   7.890699,0.82557430,2.21437836,   0.00000,0
1590777827.364354,1613,18feee3f,8,   0.000000,0.00000000,0.00000000,  81.18750,0
1590777858.825157,1616,1cfd083f,8,   7.890699,0.82557430,2.21437836,   0.00000,0
1590777858.825733,1617,18feee3f,8,   0.000000,0.00000000,0.00000000,  81.18750,0
1590777890.286518,1620,1cfd083f,8,   7.890699,0.82557430,2.21437836,   0.00000,0
1590777890.287058,1621,18feee3f,8,   0.000000,0.00000000,0.00000000,  81.18750,0
1590777921.747890,1624,1cfd083f,8,   7.875074,0.82557430,2.21474457,   0.00000,0
1590777921.748429,1625,18feee3f,8,   0.000000,0.00000000,0.00000000,  81.18750,0
1590777953.209219,1628,1cfd083f,8,   7.875074,0.82557430,2.21474457,   0.00000,0
1590777953.209777,1629,18feee3f,8,   0.000000,0.00000000,0.00000000,  81.18750,0
1590777984.670567,1632,1cfd083f,8,   7.875074,0.82557430,2.21474457,   0.00000,0
1590777984.671137,1633,18feee3f,8,   0.000000,0.00000000,0.00000000,  81.18750,0
1590778016.131928,1636,1cfd083f,8,   7.906324,0.82603214,2.21486664,   0.00000,0
1590778016.132503,1637,18feee3f,8,   0.000000,0.00000000,0.00000000,  81.21875,0
1590778047.593283,1640,1cfd083f,8,   7.906324,0.82603214,2.21486664,   0.00000,0
1590778047.593854,1641,18feee3f,8,   0.000000,0.00000000,0.00000000,  81.21875,0
1590778079.054656,1644,1cfd083f,8,   7.906324,0.82603214,2.21486664,   0.00000,0
1590778079.055195,1645,18feee3f,8,   0.000000,0.00000000,0.00000000,  81.21875,0
1590778110.517562,1648,1cfd083f,8,   7.906324,0.82603214,2.21486664,   0.00000,0
1590778110.518124,1649,18feee3f,8,   0.000000,0.00000000,0.00000000,  81.21875,0
1590778141.977365,1652,1cfd083f,8,   7.953200,0.82514698,2.21486664,   0.00000,0
1590778141.977899,1653,18feee3f,8,   0.000000,0.00000000,0.00000000,  81.25000,0
1590778173.438696,1656,1cfd083f,8,   7.953200,0.82514698,2.21486664,   0.00000,0
1590778173.439280,1657,18feee3f,8,   0.000000,0.00000000,0.00000000,  81.25000,0
1590778204.901212,1660,1cfd083f,8,   7.953200,0.82514698,2.21486664,   0.00000,0
1590778204.901801,1661,18feee3f,8,   0.000000,0.00000000,0.00000000,  81.25000,0
1590778236.361390,1664,1cfd083f,8,   7.890699,0.82523855,2.21437836,   0.00000,0
1590778236.361959,1665,18feee3f,8,   0.000000,0.00000000,0.00000000,  81.25000,0
1590778267.822747,1668,1cfd083f,8,   7.890699,0.82523855,2.21437836,   0.00000,0
1590778267.823315,1669,18feee3f,8,   0.000000,0.00000000,0.00000000,  81.25000,0
1590778299.284872,1672,1cfd083f,8,   7.890699,0.82523855,2.21437836,   0.00000,0
1590778299.285438,1673,18feee3f,8,   0.000000,0.00000000,0.00000000,  81.25000,0
1590778330.745457,1676,1cfd083f,8,   7.890699,0.82523855,2.21437836,   0.00000,0
1590778330.746022,1677,18feee3f,8,   0.000000,0.00000000,0.00000000,  81.25000,0
1590778362.206837,1680,1cfd083f,8,   7.875074,0.82603214,2.21486664,   0.00000,0
1590778362.207376,1681,18feee3f,8,   0.000000,0.00000000,0.00000000,  81.21875,0
1590778393.668561,1684,1cfd083f,8,   7.875074,0.82603214,2.21486664,   0.00000,0
1590778393.669110,1685,18feee3f,8,   0.000000,0.00000000,0.00000000,  81.21875,0
1590778425.129536,1688,1cfd083f,8,   7.875074,0.82603214,2.21486664,   0.00000,0
1590778425.130092,1689,18feee3f,8,   0.000000,0.00000000,0.00000000,  81.21875,0
1590778456.590878,1692,1cfd083f,8,   7.906324,0.82499437,2.21486664,   0.00000,0
1590778456.591420,1693,18feee3f,8,   0.000000,0.00000000,0.00000000,  81.18750,0
1590778488.052219,1696,1cfd083f,8,   7.906324,0.82499437,2.21486664,   0.00000,0
1590778488.052804,1697,18feee3f,8,   0.000000,0.00000000,0.00000000,  81.18750,0
1590778519.513555,1700,1cfd083f,8,   7.906324,0.82499437,2.21486664,   0.00000,0
1590778519.514122,1701,18feee3f,8,   0.000000,0.00000000,0.00000000,  81.18750,0
1590778550.974902,1704,1cfd083f,8,   7.906324,0.82499437,2.21486664,   0.00000,0
1590778550.975475,1705,18feee3f,8,   0.000000,0.00000000,0.00000000,  81.18750,0
1590778582.436266,1708,1cfd083f,8,   7.859449,0.82584900,2.21547700,   0.00000,0
1590778582.436807,1709,18feee3f,8,   0.000000,0.00000000,0.00000000,  81.09375,0
1590778613.897590,1712,1cfd083f,8,   7.859449,0.82584900,2.21547700,   0.00000,0
1590778613.898172,1713,18feee3f,8,   0.000000,0.00000000,0.00000000,  81.09375,0
1590778645.358942,1716,1cfd083f,8,   7.859449,0.82584900,2.21547700,   0.00000,0
1590778645.359513,1717,18feee3f,8,   0.000000,0.00000000,0.00000000,  81.09375,0
1590778676.821874,1720,1cfd083f,8,   7.921949,0.82597109,2.21498871,   0.00000,0
1590778676.822412,1721,18feee3f,8,   0.000000,0.00000000,0.00000000,  81.09375,0
1590778708.281662,1724,1cfd083f,8,   7.921949,0.82597109,2.21498871,   0.00000,0
1590778708.282201,1725,18feee3f,8,   0.000000,0.00000000,0.00000000,  81.09375,0
1590778739.742977,1728,1cfd083f,8,   7.921949,0.82597109,2.21498871,   0.00000,0
1590778739.743540,1729,18feee3f,8,   0.000000,0.00000000,0.00000000,  81.09375,0
1590778771.205495,1732,1cfd083f,8,   7.921949,0.82572691,2.21584322,   0.00000,0
1590778771.206068,1733,18feee3f,8,   0.000000,0.00000000,0.00000000,  81.09375,0
1590778802.667651,1736,1cfd083f,8,   7.921949,0.82572691,2.21584322,   0.00000,0
1590778802.668253,1737,18feee3f,8,   0.000000,0.00000000,0.00000000,  81.12500,0
1590778834.127059,1740,1cfd083f,8,   7.921949,0.82572691,2.21584322,   0.00000,0
1590778834.127612,1741,18feee3f,8,   0.000000,0.00000000,0.00000000,  81.12500,0
1590778865.588404,1744,1cfd083f,8,   7.921949,0.82572691,2.21584322,   0.00000,0
1590778865.588945,1745,18feee3f,8,   0.000000,0.00000000,0.00000000,  81.12500,0
1590778897.051328,1748,1cfd083f,8,   7.921949,0.82584900,2.21511079,   0.00000,0
1590778897.051913,1749,18feee3f,8,   0.000000,0.00000000,0.00000000,  81.18750,0
1590778928.511133,1752,1cfd083f,8,   7.921949,0.82584900,2.21511079,   0.00000,0
1590778928.511676,1753,18feee3f,8,   0.000000,0.00000000,0.00000000,  81.18750,0
1590778959.972484,1756,1cfd083f,8,   7.921949,0.82584900,2.21511079,   0.00000,0
1590778959.973049,1757,18feee3f,8,   0.000000,0.00000000,0.00000000,  81.18750,0
1590778991.433855,1760,1cfd083f,8,   7.890699,0.82603214,2.21657564,   0.00000,0
1590778991.434430,1761,18feee3f,8,   0.000000,0.00000000,0.00000000,  81.12500,0
1590779022.895219,1764,1cfd083f,8,   7.890699,0.82603214,2.21657564,   0.00000,0
1590779022.895783,1765,18feee3f,8,   0.000000,0.00000000,0.00000000,  81.09375,0
1590779054.356590,1768,1cfd083f,8,   7.890699,0.82603214,2.21657564,   0.00000,0
1590779054.357153,1769,18feee3f,8,   0.000000,0.00000000,0.00000000,  81.09375,0
1590779085.818731,1772,1cfd083f,8,   7.890699,0.82603214,2.21657564,   0.00000,0
1590779085.819300,1773,18feee3f,8,   0.000000,0.00000000,0.00000000,  81.09375,0
1590779117.279351,1776,1cfd083f,8,   7.875074,0.82600161,2.21608736,   0.00000,0
1590779117.279911,1777,18feee3f,8,   0.000000,0.00000000,0.00000000,  81.09375,0
1590779148.740707,1780,1cfd083f,8,   7.875074,0.82600161,2.21608736,   0.00000,0
1590779148.741327,1781,18feee3f,8,   0.000000,0.00000000,0.00000000,  81.09375,0
1590779180.202431,1784,1cfd083f,8,   7.875074,0.82600161,2.21608736,   0.00000,0
1590779180.203001,1785,18feee3f,8,   0.000000,0.00000000,0.00000000,  81.09375,0
1590779211.663436,1788,1cfd083f,8,   7.875074,0.82600161,2.21608736,   0.00000,0
1590779211.664045,1789,18feee3f,8,   0.000000,0.00000000,0.00000000,  81.09375,0
1590779243.124796,1792,1cfd083f,8,   7.921949,0.82508594,2.21596529,   0.00000,0
1590779243.125376,1793,18feee3f,8,   0.000000,0.00000000,0.00000000,  81.03125,0
1590779274.586145,1796,1cfd083f,8,   7.921949,0.82508594,2.21596529,   0.00000,0
1590779274.586716,1797,18feee3f,8,   0.000000,0.00000000,0.00000000,  81.03125,0
1590779306.047542,1800,1cfd083f,8,   7.921949,0.82508594,2.21596529,   0.00000,0
1590779306.048111,1801,18feee3f,8,   0.000000,0.00000000,0.00000000,  81.03125,0
1590779337.508893,1804,1cfd083f,8,   7.875074,0.82694781,2.21547700,   0.00000,0
1590779337.509461,1805,18feee3f,8,   0.000000,0.00000000,0.00000000,  81.06250,0
1590779368.970269,1808,1cfd083f,8,   7.875074,0.82694781,2.21547700,   0.00000,0
1590779368.970806,1809,18feee3f,8,   0.000000,0.00000000,0.00000000,  81.06250,0
1590779400.431593,1812,1cfd083f,8,   7.875074,0.82694781,2.21547700,   0.00000,0
1590779400.432167,1813,18feee3f,8,   0.000000,0.00000000,0.00000000,  81.06250,0
1590779431.892964,1816,1cfd083f,8,   7.921949,0.82545221,2.21535493,   0.00000,0
1590779431.893528,1817,18feee3f,8,   0.000000,0.00000000,0.00000000,  81.06250,0
1590779463.354345,1820,1cfd083f,8,   7.921949,0.82545221,2.21535493,   0.00000,0
1590779463.354915,1821,18feee3f,8,   0.000000,0.00000000,0.00000000,  81.03125,0
1590779494.815667,1824,1cfd083f,8,   7.921949,0.82545221,2.21535493,   0.00000,0
1590779494.816276,1825,18feee3f,8,   0.000000,0.00000000,0.00000000,  81.03125,0
1590779526.277065,1828,1cfd083f,8,   7.968825,0.82505541,2.21389007,   0.00000,0
1590779526.277598,1829,18feee3f,8,   0.000000,0.00000000,0.00000000,  81.06250,0
