timestamp,count,id,dlc,Viscosity (cp),Density (gm/cc),Dielectric constant (-),Temperature (C), Status
1590786104.086016,0,1cfd083f,8,  63.500595,0.12404370,0.49609888,   0.00000,0
1590786104.087350,1,18feee3f,8,   0.000000,0.00000000,0.00000000,  80.68750,0
1590786135.545112,4,1cfd083f,8,  63.500595,0.12404370,0.49609888,   0.00000,0
1590786135.545688,5,18feee3f,8,   0.000000,0.00000000,0.00000000,  80.68750,0
1590786167.007106,8,1cfd083f,8,  63.500595,0.12404370,0.49609888,   0.00000,0
1590786167.007696,9,18feee3f,8,   0.000000,0.00000000,0.00000000,  84.68750,0
1590786198.469162,12,1cfd083f,8,  63.500595,0.12404370,0.49609888,   0.00000,0
1590786198.469751,13,18feee3f,8,   0.000000,0.00000000,0.00000000,  84.75000,0
1590786198.470313,14,18ff313f,8,   0.000000,0.00000000,0.00000000,   0.00000,8
1590786229.928813,16,1cfd083f,8,  63.500595,0.12404370,0.49609888,   0.00000,0
1590786229.929424,17,18feee3f,8,   0.000000,0.00000000,0.00000000,  84.75000,0
1590786229.930000,18,18ff313f,8,   0.000000,0.00000000,0.00000000,   0.00000,8
1590786261.390081,20,1cfd083f,8,  63.500595,0.12404370,0.49609888,   0.00000,0
1590786261.390661,21,18feee3f,8,   0.000000,0.00000000,0.00000000,  84.75000,0
1590786261.391221,22,18ff313f,8,   0.000000,0.00000000,0.00000000,   0.00000,8
1590786292.852545,24,1cfd083f,8,   7.593821,0.82966432,2.23195666,   0.00000,0
1590786292.853112,25,18feee3f,8,   0.000000,0.00000000,0.00000000,  86.21875,0
1590786324.312627,28,1cfd083f,8,   7.593821,0.82966432,2.23195666,   0.00000,0
1590786324.313227,29,18feee3f,8,   0.000000,0.00000000,0.00000000,  86.21875,0
1590786355.773901,32,1cfd083f,8,   7.593821,0.82966432,2.23195666,   0.00000,0
1590786355.774481,33,18feee3f,8,   0.000000,0.00000000,0.00000000,  86.21875,0
1590786387.235185,36,1cfd083f,8,   7.125067,0.82627632,2.22487651,   0.00000,0
1590786387.235755,37,18feee3f,8,   0.000000,0.00000000,0.00000000,-250.50000,0
1590786418.696434,40,1cfd083f,8,   7.125067,0.82627632,2.22487651,   0.00000,0
1590786418.697005,41,18feee3f,8,   0.000000,0.00000000,0.00000000,-250.50000,0
1590786450.157712,44,1cfd083f,8,   7.125067,0.82627632,2.22487651,   0.00000,0
1590786450.158279,45,18feee3f,8,   0.000000,0.00000000,0.00000000,-250.50000,0
1590786481.618978,48,1cfd083f,8,   6.937565,0.82484176,0.13989402,   0.00000,0
1590786481.619546,49,18feee3f,8,   0.000000,0.00000000,0.00000000,-250.09375,0
1590786513.080267,52,1cfd083f,8,   6.937565,0.82484176,0.13989402,   0.00000,0
1590786513.080828,53,18feee3f,8,   0.000000,0.00000000,0.00000000,-250.03125,0
1590786544.541537,56,1cfd083f,8,   6.937565,0.82484176,0.13989402,   0.00000,0
1590786544.542083,57,18feee3f,8,   0.000000,0.00000000,0.00000000,-250.03125,0
1590786576.002842,60,1cfd083f,8,   6.937565,0.82484176,0.13989402,   0.00000,0
1590786576.003363,61,18feee3f,8,   0.000000,0.00000000,0.00000000,-250.03125,0
1590786607.464083,64,1cfd083f,8,   6.781314,0.82569639,2.21010585,   0.00000,0
1590786607.464656,65,18feee3f,8,   0.000000,0.00000000,0.00000000,  87.65625,0
1590786638.925362,68,1cfd083f,8,   6.781314,0.82569639,2.21010585,   0.00000,0
1590786638.925918,69,18feee3f,8,   0.000000,0.00000000,0.00000000,  87.65625,0
1590786670.386647,72,1cfd083f,8,   6.781314,0.82569639,2.21010585,   0.00000,0
1590786670.387222,73,18feee3f,8,   0.000000,0.00000000,0.00000000,  87.65625,0
1590786701.847941,76,1cfd083f,8,   6.718813,0.82481123,2.20778649,   0.00000,0
1590786701.848543,77,18feee3f,8,   0.000000,0.00000000,0.00000000,  87.53125,0
1590786733.309220,80,1cfd083f,8,   6.718813,0.82481123,2.20778649,   0.00000,0
1590786733.309773,81,18feee3f,8,   0.000000,0.00000000,0.00000000,  87.53125,0
1590786764.770482,84,1cfd083f,8,   6.718813,0.82481123,2.20778649,   0.00000,0
1590786764.771048,85,18feee3f,8,   0.000000,0.00000000,0.00000000,  87.53125,0
1590786796.231788,88,1cfd083f,8,   6.718813,0.82481123,2.20778649,   0.00000,0
1590786796.232326,89,18feee3f,8,   0.000000,0.00000000,0.00000000,  87.53125,0
1590786827.693081,92,1cfd083f,8,   6.750063,0.82432287,2.20680992,   0.00000,0
1590786827.693617,93,18feee3f,8,   0.000000,0.00000000,0.00000000,  86.03125,0
1590786859.154342,96,1cfd083f,8,   6.750063,0.82432287,2.20680992,   0.00000,0
1590786859.154909,97,18feee3f,8,   0.000000,0.00000000,0.00000000,  86.03125,0
1590786890.617585,100,1cfd083f,8,   6.750063,0.82432287,2.20680992,   0.00000,0
1590786890.618160,101,18feee3f,8,   0.000000,0.00000000,0.00000000,  86.03125,0
1590786922.076917,104,1cfd083f,8,   6.750063,0.82490280,2.20668785,   0.00000,0
1590786922.077494,105,18feee3f,8,   0.000000,0.00000000,0.00000000,  84.06250,0
1590786953.538176,108,1cfd083f,8,   6.750063,0.82490280,2.20668785,   0.00000,0
1590786953.538752,109,18feee3f,8,   0.000000,0.00000000,0.00000000,  84.00000,0
1590786985.001025,112,1cfd083f,8,   6.750063,0.82490280,2.20668785,   0.00000,0
1590786985.001604,113,18feee3f,8,   0.000000,0.00000000,0.00000000,  84.00000,0
1590787016.460737,116,1cfd083f,8,   7.046941,0.82587952,2.20900721,   0.00000,0
1590787016.461346,117,18feee3f,8,   0.000000,0.00000000,0.00000000,  82.00000,0
1590787047.922026,120,1cfd083f,8,   7.046941,0.82587952,2.20900721,   0.00000,0
1590787047.922599,121,18feee3f,8,   0.000000,0.00000000,0.00000000,  81.96875,0
1590787079.384392,124,1cfd083f,8,   7.046941,0.82587952,2.20900721,   0.00000,0
1590787079.385004,125,18feee3f,8,   0.000000,0.00000000,0.00000000,  81.96875,0
1590787110.844385,128,1cfd083f,8,   7.390694,0.82761931,2.21083828,   0.00000,0
1590787110.844980,129,18feee3f,8,   0.000000,0.00000000,0.00000000,-250.71875,0
1590787142.305589,132,1cfd083f,8,   7.390694,0.82761931,2.21083828,   0.00000,0
1590787142.306166,133,18feee3f,8,   0.000000,0.00000000,0.00000000,-250.87500,0
1590787173.767556,136,1cfd083f,8,   7.390694,0.82761931,2.21083828,   0.00000,0
1590787173.768123,137,18feee3f,8,   0.000000,0.00000000,0.00000000,-250.87500,0
1590787205.227971,140,1cfd083f,8,   7.390694,0.82761931,2.21083828,   0.00000,0
1590787205.228517,141,18feee3f,8,   0.000000,0.00000000,0.00000000,-250.87500,0
1590787236.689181,144,1cfd083f,8,   7.687572,0.82990850,2.21401214,   0.00000,0
1590787236.689727,145,18feee3f,8,   0.000000,0.00000000,0.00000000,  77.46875,0
1590787268.150723,148,1cfd083f,8,   7.687572,0.82990850,2.21401214,   0.00000,0
1590787268.151263,149,18feee3f,8,   0.000000,0.00000000,0.00000000,  77.46875,0
1590787299.611521,152,1cfd083f,8,   7.687572,0.82990850,2.21401214,   0.00000,0
1590787299.612111,153,18feee3f,8,   0.000000,0.00000000,0.00000000,  77.46875,0
1590787331.072725,156,1cfd083f,8,   8.265702,0.83140411,2.22682966,   0.00000,0
1590787331.073298,157,18feee3f,8,   0.000000,0.00000000,0.00000000,  77.34375,0
1590787362.533946,160,1cfd083f,8,   8.265702,0.83140411,2.22682966,   0.00000,0
1590787362.534518,161,18feee3f,8,   0.000000,0.00000000,0.00000000,  77.34375,0
1590787393.995116,164,1cfd083f,8,   8.265702,0.83140411,2.22682966,   0.00000,0
1590787393.995683,165,18feee3f,8,   0.000000,0.00000000,0.00000000,  77.34375,0
1590787425.456318,168,1cfd083f,8,   8.640706,0.83351016,2.22341165,   0.00000,0
1590787425.456887,169,18feee3f,8,   0.000000,0.00000000,0.00000000,  78.28125,0
1590787456.917529,172,1cfd083f,8,   8.640706,0.83351016,2.22341165,   0.00000,0
1590787456.918070,173,18feee3f,8,   0.000000,0.00000000,0.00000000,  78.34375,0
1590787488.378698,176,1cfd083f,8,   8.640706,0.83351016,2.22341165,   0.00000,0
1590787488.379278,177,18feee3f,8,   0.000000,0.00000000,0.00000000,  78.34375,0
1590787519.839914,180,1cfd083f,8,   8.625081,0.83387643,2.22573101,   0.00000,0
1590787519.840456,181,18feee3f,8,   0.000000,0.00000000,0.00000000,  79.71875,0
1590787551.301106,184,1cfd083f,8,   8.625081,0.83387643,2.22573101,   0.00000,0
1590787551.301680,185,18feee3f,8,   0.000000,0.00000000,0.00000000,  79.84375,0
1590787582.762297,188,1cfd083f,8,   8.625081,0.83387643,2.22573101,   0.00000,0
1590787582.762874,189,18feee3f,8,   0.000000,0.00000000,0.00000000,  79.84375,0
1590787614.223493,192,1cfd083f,8,   8.625081,0.83387643,2.22573101,   0.00000,0
1590787614.224069,193,18feee3f,8,   0.000000,0.00000000,0.00000000,  79.84375,0
1590787645.684690,196,1cfd083f,8,   8.421954,0.83280814,2.22585308,   0.00000,0
1590787645.685269,197,18feee3f,8,   0.000000,0.00000000,0.00000000,  80.90625,0
1590787677.147894,200,1cfd083f,8,   8.421954,0.83280814,2.22585308,   0.00000,0
1590787677.148438,201,18feee3f,8,   0.000000,0.00000000,0.00000000,  80.90625,0
1590787708.607104,204,1cfd083f,8,   8.421954,0.83280814,2.22585308,   0.00000,0
1590787708.607683,205,18feee3f,8,   0.000000,0.00000000,0.00000000,  80.90625,0
1590787740.068328,208,1cfd083f,8,   0.546880,0.83228926,2.22414408,   0.00000,0
1590787740.068890,209,18feee3f,8,   0.000000,0.00000000,0.00000000,  80.93750,0
1590787771.531090,212,1cfd083f,8,   0.546880,0.83228926,2.22414408,   0.00000,0
1590787771.531636,213,18feee3f,8,   0.000000,0.00000000,0.00000000,  80.93750,0
1590787802.990741,216,1cfd083f,8,   0.546880,0.83228926,2.22414408,   0.00000,0
1590787802.991284,217,18feee3f,8,   0.000000,0.00000000,0.00000000,  80.93750,0
1590787834.452740,220,1cfd083f,8,   7.875074,0.83030529,2.22377787,   0.00000,0
1590787834.453299,221,18feee3f,8,   0.000000,0.00000000,0.00000000,  80.71875,0
1590787865.914320,224,1cfd083f,8,   7.875074,0.83030529,2.22377787,   0.00000,0
1590787865.914863,225,18feee3f,8,   0.000000,0.00000000,0.00000000,  80.71875,0
1590787897.374340,228,1cfd083f,8,   7.875074,0.83030529,2.22377787,   0.00000,0
1590787897.374927,229,18feee3f,8,   0.000000,0.00000000,0.00000000,  80.71875,0
1590787928.835558,232,1cfd083f,8,   7.843824,0.83009164,2.22292337,   0.00000,0
1590787928.836137,233,18feee3f,8,   0.000000,0.00000000,0.00000000,  80.21875,0
1590787960.297581,236,1cfd083f,8,   7.843824,0.83009164,2.22292337,   0.00000,0
1590787960.298123,237,18feee3f,8,   0.000000,0.00000000,0.00000000,  80.18750,0
1590787991.757986,240,1cfd083f,8,   7.843824,0.83009164,2.22292337,   0.00000,0
1590787991.758564,241,18feee3f,8,   0.000000,0.00000000,0.00000000,  80.18750,0
1590788023.219227,244,1cfd083f,8,   7.921949,0.83036634,2.22292337,   0.00000,0
1590788023.219787,245,18feee3f,8,   0.000000,0.00000000,0.00000000,  79.65625,0
1590788054.680803,248,1cfd083f,8,   7.921949,0.83036634,2.22292337,   0.00000,0
1590788054.681370,249,18feee3f,8,   0.000000,0.00000000,0.00000000,  79.59375,0
1590788086.141645,252,1cfd083f,8,   7.921949,0.83036634,2.22292337,   0.00000,0
1590788086.142216,253,18feee3f,8,   0.000000,0.00000000,0.00000000,  79.59375,0
1590788117.602876,256,1cfd083f,8,   7.984450,0.83112940,2.22414408,   0.00000,0
1590788117.603442,257,18feee3f,8,   0.000000,0.00000000,0.00000000,-250.65625,0
1590788149.064103,260,1cfd083f,8,   7.984450,0.83112940,2.22414408,   0.00000,0
1590788149.064630,261,18feee3f,8,   0.000000,0.00000000,0.00000000,-250.71875,0
1590788180.525316,264,1cfd083f,8,   7.984450,0.83112940,2.22414408,   0.00000,0
1590788180.525880,265,18feee3f,8,   0.000000,0.00000000,0.00000000,-250.71875,0
1590788211.986519,268,1cfd083f,8,   7.984450,0.83112940,2.22414408,   0.00000,0
1590788211.987092,269,18feee3f,8,   0.000000,0.00000000,0.00000000,-250.71875,0
1590788243.447733,272,1cfd083f,8,   0.625006,0.83183142,2.22499858,   0.00000,0
1590788243.448302,273,18feee3f,8,   0.000000,0.00000000,0.00000000,-250.68750,0
1590788274.908950,276,1cfd083f,8,   0.625006,0.83183142,2.22499858,   0.00000,0
1590788274.909517,277,18feee3f,8,   0.000000,0.00000000,0.00000000,-250.68750,0
1590788306.370181,280,1cfd083f,8,   0.625006,0.83183142,2.22499858,   0.00000,0
1590788306.370746,281,18feee3f,8,   0.000000,0.00000000,0.00000000,-250.68750,0
1590788337.832962,284,1cfd083f,8,   0.625006,0.83280814,2.22487651,   0.00000,0
1590788337.833553,285,18feee3f,8,   0.000000,0.00000000,0.00000000,  79.68750,0
1590788369.292617,288,1cfd083f,8,   0.625006,0.83280814,2.22487651,   0.00000,0
1590788369.293187,289,18feee3f,8,   0.000000,0.00000000,0.00000000,  79.71875,0
1590788400.753850,292,1cfd083f,8,   0.625006,0.83280814,2.22487651,   0.00000,0
1590788400.754392,293,18feee3f,8,   0.000000,0.00000000,0.00000000,  79.71875,0
1590788432.216230,296,1cfd083f,8,   0.640631,0.83189247,2.22646344,   0.00000,0
1590788432.216809,297,18feee3f,8,   0.000000,0.00000000,0.00000000,  80.18750,0
1590788463.678255,300,1cfd083f,8,   0.640631,0.83189247,2.22646344,   0.00000,0
1590788463.678811,301,18feee3f,8,   0.000000,0.00000000,0.00000000,  80.21875,0
1590788495.137516,304,1cfd083f,8,   0.640631,0.83189247,2.22646344,   0.00000,0
1590788495.138077,305,18feee3f,8,   0.000000,0.00000000,0.00000000,  80.21875,0
1590788526.598715,308,1cfd083f,8,   0.640631,0.83189247,2.22646344,   0.00000,0
1590788526.599310,309,18feee3f,8,   0.000000,0.00000000,0.00000000,  80.21875,0
1590788558.061521,312,1cfd083f,8,   0.640631,0.83189247,2.22646344,   0.00000,0
1590788558.062087,313,18feee3f,8,   0.000000,0.00000000,0.00000000,  80.21875,0
1590788589.521164,316,1cfd083f,8,   0.531255,0.83189247,2.22560894,   0.00000,0
1590788589.521729,317,18feee3f,8,   0.000000,0.00000000,0.00000000,  80.65625,0
1590788620.982398,320,1cfd083f,8,   0.531255,0.83189247,2.22560894,   0.00000,0
1590788620.982965,321,18feee3f,8,   0.000000,0.00000000,0.00000000,  80.65625,0
1590788652.444795,324,1cfd083f,8,   0.531255,0.83189247,2.22560894,   0.00000,0
1590788652.445362,325,18feee3f,8,   0.000000,0.00000000,0.00000000,  80.65625,0
1590788683.904852,328,1cfd083f,8,   7.968825,0.83103784,2.22463237,   0.00000,0
1590788683.905418,329,18feee3f,8,   0.000000,0.00000000,0.00000000,  80.62500,0
1590788715.366056,332,1cfd083f,8,   7.968825,0.83103784,2.22463237,   0.00000,0
1590788715.366621,333,18feee3f,8,   0.000000,0.00000000,0.00000000,  80.62500,0
1590788746.828062,336,1cfd083f,8,   7.968825,0.83103784,2.22463237,   0.00000,0
1590788746.828619,337,18feee3f,8,   0.000000,0.00000000,0.00000000,  80.62500,0
1590788778.288529,340,1cfd083f,8,   7.890699,0.83073261,2.22426615,   0.00000,0
1590788778.289088,341,18feee3f,8,   0.000000,0.00000000,0.00000000,  80.50000,0
1590788809.749747,344,1cfd083f,8,   7.890699,0.83073261,2.22426615,   0.00000,0
1590788809.750326,345,18feee3f,8,   0.000000,0.00000000,0.00000000,  80.50000,0
1590788841.211347,348,1cfd083f,8,   7.890699,0.83073261,2.22426615,   0.00000,0
1590788841.211905,349,18feee3f,8,   0.000000,0.00000000,0.00000000,  80.50000,0
1590788872.672181,352,1cfd083f,8,   7.859449,0.83067156,2.22389994,   0.00000,0
1590788872.672757,353,18feee3f,8,   0.000000,0.00000000,0.00000000,  80.31250,0
1590788904.133425,356,1cfd083f,8,   7.859449,0.83067156,2.22389994,   0.00000,0
1590788904.133993,357,18feee3f,8,   0.000000,0.00000000,0.00000000,  80.37500,0
1590788935.594648,360,1cfd083f,8,   7.859449,0.83067156,2.22389994,   0.00000,0
1590788935.595208,361,18feee3f,8,   0.000000,0.00000000,0.00000000,  80.37500,0
1590788967.055882,364,1cfd083f,8,   7.875074,0.83048843,2.22499858,   0.00000,0
1590788967.056490,365,18feee3f,8,   0.000000,0.00000000,0.00000000,  80.25000,0
1590788998.517125,368,1cfd083f,8,   7.875074,0.83048843,2.22499858,   0.00000,0
1590788998.517681,369,18feee3f,8,   0.000000,0.00000000,0.00000000,  80.28125,0
1590789029.978336,372,1cfd083f,8,   7.875074,0.83048843,2.22499858,   0.00000,0
1590789029.978903,373,18feee3f,8,   0.000000,0.00000000,0.00000000,  80.28125,0
1590789061.439578,376,1cfd083f,8,   7.875074,0.83048843,2.22499858,   0.00000,0
1590789061.440120,377,18feee3f,8,   0.000000,0.00000000,0.00000000,  80.28125,0
1590789092.900783,380,1cfd083f,8,   7.921949,0.83064104,2.22365580,   0.00000,0
1590789092.901357,381,18feee3f,8,   0.000000,0.00000000,0.00000000,  80.21875,0
1590789124.361977,384,1cfd083f,8,   7.921949,0.83064104,2.22365580,   0.00000,0
1590789124.362547,385,18feee3f,8,   0.000000,0.00000000,0.00000000,  80.21875,0
1590789155.823112,388,1cfd083f,8,   7.937574,0.83137358,2.22438823,   0.00000,0
1590789155.823688,389,18feee3f,8,   0.000000,0.00000000,0.00000000,  80.15625,0
1590789187.284276,392,1cfd083f,8,   7.937574,0.83137358,2.22438823,   0.00000,0
1590789187.284857,393,18feee3f,8,   0.000000,0.00000000,0.00000000,  80.15625,0
1590789218.745450,396,1cfd083f,8,   7.937574,0.83137358,2.22438823,   0.00000,0
1590789218.746020,397,18feee3f,8,   0.000000,0.00000000,0.00000000,  80.15625,0
1590789250.208611,400,1cfd083f,8,   7.937574,0.83137358,2.22438823,   0.00000,0
1590789250.209147,401,18feee3f,8,   0.000000,0.00000000,0.00000000,  80.15625,0
1590789281.667804,404,1cfd083f,8,   7.953200,0.83106836,2.22438823,   0.00000,0
1590789281.668371,405,18feee3f,8,   0.000000,0.00000000,0.00000000,  80.25000,0
1590789313.128985,408,1cfd083f,8,   7.953200,0.83106836,2.22438823,   0.00000,0
1590789313.129559,409,18feee3f,8,   0.000000,0.00000000,0.00000000,  80.25000,0
1590789344.591719,412,1cfd083f,8,   7.953200,0.83106836,2.22438823,   0.00000,0
1590789344.592325,413,18feee3f,8,   0.000000,0.00000000,0.00000000,  80.25000,0
1590789376.051439,416,1cfd083f,8,   7.921949,0.83186194,2.22463237,   0.00000,0
1590789376.051926,417,18feee3f,8,   0.000000,0.00000000,0.00000000,  80.40625,0
1590789407.512544,420,1cfd083f,8,   7.921949,0.83186194,2.22463237,   0.00000,0
1590789407.513121,421,18feee3f,8,   0.000000,0.00000000,0.00000000,  80.37500,0
1590789438.974884,424,1cfd083f,8,   7.921949,0.83186194,2.22463237,   0.00000,0
1590789438.975479,425,18feee3f,8,   0.000000,0.00000000,0.00000000,  80.37500,0
1590789470.434934,428,1cfd083f,8,   0.500005,0.83061052,2.22402201,   0.00000,0
1590789470.435493,429,18feee3f,8,   0.000000,0.00000000,0.00000000,  80.50000,0
1590789501.896128,432,1cfd083f,8,   0.500005,0.83061052,2.22402201,   0.00000,0
1590789501.896700,433,18feee3f,8,   0.000000,0.00000000,0.00000000,  80.53125,0
1590789533.358075,436,1cfd083f,8,   0.500005,0.83061052,2.22402201,   0.00000,0
1590789533.358641,437,18feee3f,8,   0.000000,0.00000000,0.00000000,  80.53125,0
1590789564.818507,440,1cfd083f,8,   0.500005,0.83061052,2.22402201,   0.00000,0
1590789564.819071,441,18feee3f,8,   0.000000,0.00000000,0.00000000,  80.53125,0
1590789596.279686,444,1cfd083f,8,   7.937574,0.82990850,2.22487651,   0.00000,0
1590789596.280249,445,18feee3f,8,   0.000000,0.00000000,0.00000000,  80.56250,0
1590789627.741257,448,1cfd083f,8,   7.937574,0.82990850,2.22487651,   0.00000,0
1590789627.741822,449,18feee3f,8,   0.000000,0.00000000,0.00000000,  80.56250,0
1590789659.202106,452,1cfd083f,8,   7.937574,0.82990850,2.22487651,   0.00000,0
1590789659.202649,453,18feee3f,8,   0.000000,0.00000000,0.00000000,  80.56250,0
1590789690.663297,456,1cfd083f,8,   7.859449,0.83036634,2.22524273,   0.00000,0
1590789690.663862,457,18feee3f,8,   0.000000,0.00000000,0.00000000,  80.59375,0
1590789722.124490,460,1cfd083f,8,   7.859449,0.83036634,2.22524273,   0.00000,0
1590789722.125066,461,18feee3f,8,   0.000000,0.00000000,0.00000000,  80.56250,0
1590789753.585703,464,1cfd083f,8,   7.859449,0.83036634,2.22524273,   0.00000,0
1590789753.586277,465,18feee3f,8,   0.000000,0.00000000,0.00000000,  80.56250,0
1590789785.046919,468,1cfd083f,8,   7.859449,0.83036634,2.22524273,   0.00000,0
1590789785.047457,469,18feee3f,8,   0.000000,0.00000000,0.00000000,  80.56250,0
1590789816.508116,472,1cfd083f,8,   7.921949,0.82987798,2.22463237,   0.00000,0
1590789816.508680,473,18feee3f,8,   0.000000,0.00000000,0.00000000,  80.65625,0
1590789847.969331,476,1cfd083f,8,   7.921949,0.82987798,2.22463237,   0.00000,0
1590789847.969877,477,18feee3f,8,   0.000000,0.00000000,0.00000000,  80.65625,0
1590789879.430513,480,1cfd083f,8,   7.921949,0.82987798,2.22463237,   0.00000,0
1590789879.431099,481,18feee3f,8,   0.000000,0.00000000,0.00000000,  80.65625,0
1590789910.893298,484,1cfd083f,8,   7.796948,0.83119045,2.22414408,   0.00000,0
1590789910.893860,485,18feee3f,8,   0.000000,0.00000000,0.00000000,  80.75000,0
1590789942.352932,488,1cfd083f,8,   7.796948,0.83119045,2.22414408,   0.00000,0
1590789942.353499,489,18feee3f,8,   0.000000,0.00000000,0.00000000,  80.71875,0
1590789973.814157,492,1cfd083f,8,   7.796948,0.83119045,2.22414408,   0.00000,0
1590789973.814733,493,18feee3f,8,   0.000000,0.00000000,0.00000000,  80.71875,0
1590790005.275374,496,1cfd083f,8,   7.796948,0.83119045,2.22414408,   0.00000,0
1590790005.275941,497,18feee3f,8,   0.000000,0.00000000,0.00000000,  80.71875,0
1590790036.738536,500,1cfd083f,8,   7.843824,0.83058000,2.22377787,   0.00000,0
1590790036.739102,501,18feee3f,8,   0.000000,0.00000000,0.00000000,  80.78125,0
1590790068.197784,504,1cfd083f,8,   7.843824,0.83058000,2.22377787,   0.00000,0
1590790068.198352,505,18feee3f,8,   0.000000,0.00000000,0.00000000,  80.78125,0
1590790099.659001,508,1cfd083f,8,   7.843824,0.83058000,2.22377787,   0.00000,0
1590790099.659555,509,18feee3f,8,   0.000000,0.00000000,0.00000000,  80.78125,0
1590790131.121784,512,1cfd083f,8,   7.843824,0.83085470,2.22292337,   0.00000,0
1590790131.122341,513,18feee3f,8,   0.000000,0.00000000,0.00000000,  80.71875,0
1590790162.581431,516,1cfd083f,8,   7.843824,0.83085470,2.22292337,   0.00000,0
1590790162.582024,517,18feee3f,8,   0.000000,0.00000000,0.00000000,  80.71875,0
1590790194.042656,520,1cfd083f,8,   7.843824,0.83085470,2.22292337,   0.00000,0
1590790194.043211,521,18feee3f,8,   0.000000,0.00000000,0.00000000,  80.71875,0
1590790225.503903,524,1cfd083f,8,   7.875074,0.83015268,2.22377787,   0.00000,0
1590790225.504445,525,18feee3f,8,   0.000000,0.00000000,0.00000000,  80.68750,0
1590790256.965103,528,1cfd083f,8,   7.875074,0.83015268,2.22377787,   0.00000,0
1590790256.965669,529,18feee3f,8,   0.000000,0.00000000,0.00000000,  80.68750,0
1590790288.426333,532,1cfd083f,8,   7.875074,0.83015268,2.22377787,   0.00000,0
1590790288.426899,533,18feee3f,8,   0.000000,0.00000000,0.00000000,  80.68750,0
1590790319.888310,536,1cfd083f,8,   7.875074,0.83015268,2.22377787,   0.00000,0
1590790319.888865,537,18feee3f,8,   0.000000,0.00000000,0.00000000,  80.68750,0
1590790351.348758,540,1cfd083f,8,   7.859449,0.82957275,2.22389994,   0.00000,0
1590790351.349314,541,18feee3f,8,   0.000000,0.00000000,0.00000000,  80.56250,0
1590790382.809951,544,1cfd083f,8,   7.859449,0.82957275,2.22389994,   0.00000,0
1590790382.810506,545,18feee3f,8,   0.000000,0.00000000,0.00000000,  80.56250,0
1590790414.271557,548,1cfd083f,8,   7.859449,0.82957275,2.22389994,   0.00000,0
1590790414.272108,549,18feee3f,8,   0.000000,0.00000000,0.00000000,  80.56250,0
1590790445.732427,552,1cfd083f,8,   7.859449,0.83061052,2.22341165,   0.00000,0
1590790445.732987,553,18feee3f,8,   0.000000,0.00000000,0.00000000,  80.40625,0
1590790477.193621,556,1cfd083f,8,   7.859449,0.83061052,2.22341165,   0.00000,0
1590790477.194198,557,18feee3f,8,   0.000000,0.00000000,0.00000000,  80.40625,0
1590790508.654840,560,1cfd083f,8,   7.859449,0.83061052,2.22341165,   0.00000,0
1590790508.655412,561,18feee3f,8,   0.000000,0.00000000,0.00000000,  80.40625,0
1590790540.116057,564,1cfd083f,8,   7.906324,0.83003059,2.22316751,   0.00000,0
1590790540.116657,565,18feee3f,8,   0.000000,0.00000000,0.00000000,  80.25000,0
1590790571.577285,568,1cfd083f,8,   7.906324,0.83003059,2.22316751,   0.00000,0
1590790571.577890,569,18feee3f,8,   0.000000,0.00000000,0.00000000,  80.25000,0
1590790603.038516,572,1cfd083f,8,   7.968825,0.82975589,2.22353372,   0.00000,0
1590790603.039081,573,18feee3f,8,   0.000000,0.00000000,0.00000000,  80.25000,0
1590790634.499726,576,1cfd083f,8,   7.968825,0.82975589,2.22353372,   0.00000,0
1590790634.500317,577,18feee3f,8,   0.000000,0.00000000,0.00000000,  80.25000,0
1590790665.960940,580,1cfd083f,8,   7.968825,0.82975589,2.22353372,   0.00000,0
1590790665.961537,581,18feee3f,8,   0.000000,0.00000000,0.00000000,  80.25000,0
1590790697.422175,584,1cfd083f,8,   7.968825,0.82975589,2.22353372,   0.00000,0
1590790697.422752,585,18feee3f,8,   0.000000,0.00000000,0.00000000,  80.25000,0
1590790728.883383,588,1cfd083f,8,   7.937574,0.83073261,2.22280130,   0.00000,0
1590790728.883960,589,18feee3f,8,   0.000000,0.00000000,0.00000000,  80.15625,0
1590790760.344594,592,1cfd083f,8,   7.937574,0.83073261,2.22280130,   0.00000,0
1590790760.345185,593,18feee3f,8,   0.000000,0.00000000,0.00000000,  80.15625,0
1590790791.805823,596,1cfd083f,8,   7.937574,0.83073261,2.22280130,   0.00000,0
1590790791.806389,597,18feee3f,8,   0.000000,0.00000000,0.00000000,  80.15625,0
1590790823.267037,600,1cfd083f,8,   7.984450,0.83100731,2.22451030,   0.00000,0
1590790823.267604,601,18feee3f,8,   0.000000,0.00000000,0.00000000,  80.31250,0
1590790854.728260,604,1cfd083f,8,   7.984450,0.83100731,2.22451030,   0.00000,0
1590790854.728826,605,18feee3f,8,   0.000000,0.00000000,0.00000000,  80.31250,0
1590790886.189498,608,1cfd083f,8,   7.984450,0.83100731,2.22451030,   0.00000,0
1590790886.190059,609,18feee3f,8,   0.000000,0.00000000,0.00000000,  80.31250,0
1590790917.652270,612,1cfd083f,8,   7.984450,0.83100731,2.22451030,   0.00000,0
1590790917.652837,613,18feee3f,8,   0.000000,0.00000000,0.00000000,  80.31250,0
1590790949.111929,616,1cfd083f,8,   7.937574,0.83128202,2.22377787,   0.00000,0
1590790949.112495,617,18feee3f,8,   0.000000,0.00000000,0.00000000,  80.53125,0
1590790980.573195,620,1cfd083f,8,   7.937574,0.83128202,2.22377787,   0.00000,0
1590790980.573698,621,18feee3f,8,   0.000000,0.00000000,0.00000000,  80.53125,0
1590791012.035549,624,1cfd083f,8,   7.937574,0.83128202,2.22377787,   0.00000,0
1590791012.036115,625,18feee3f,8,   0.000000,0.00000000,0.00000000,  80.53125,0
1590791043.495610,628,1cfd083f,8,   7.906324,0.83100731,2.22451030,   0.00000,0
1590791043.496155,629,18feee3f,8,   0.000000,0.00000000,0.00000000,  80.71875,0
1590791074.956814,632,1cfd083f,8,   7.906324,0.83100731,2.22451030,   0.00000,0
1590791074.957379,633,18feee3f,8,   0.000000,0.00000000,0.00000000,  80.71875,0
1590791106.418784,636,1cfd083f,8,   7.906324,0.83100731,2.22451030,   0.00000,0
1590791106.419376,637,18feee3f,8,   0.000000,0.00000000,0.00000000,  80.71875,0
1590791137.879253,640,1cfd083f,8,   7.906324,0.83100731,2.22451030,   0.00000,0
1590791137.879840,641,18feee3f,8,   0.000000,0.00000000,0.00000000,  80.71875,0
1590791169.340684,644,1cfd083f,8,   7.875074,0.83125149,2.22377787,   0.00000,0
1590791169.341250,645,18feee3f,8,   0.000000,0.00000000,0.00000000,  80.87500,0
1590791200.802510,648,1cfd083f,8,   7.875074,0.83125149,2.22377787,   0.00000,0
1590791200.803083,649,18feee3f,8,   0.000000,0.00000000,0.00000000,  80.87500,0
1590791232.263631,652,1cfd083f,8,   7.875074,0.83030529,2.22426615,   0.00000,0
1590791232.264175,653,18feee3f,8,   0.000000,0.00000000,0.00000000,  80.93750,0
1590791263.725080,656,1cfd083f,8,   7.875074,0.83030529,2.22426615,   0.00000,0
1590791263.725624,657,18feee3f,8,   0.000000,0.00000000,0.00000000,  80.90625,0
1590791295.186506,660,1cfd083f,8,   7.875074,0.83030529,2.22426615,   0.00000,0
1590791295.187073,661,18feee3f,8,   0.000000,0.00000000,0.00000000,  80.90625,0
1590791326.647932,664,1cfd083f,8,   7.828198,0.83024425,2.22353372,   0.00000,0
1590791326.648498,665,18feee3f,8,   0.000000,0.00000000,0.00000000,  80.93750,0
1590791358.109344,668,1cfd083f,8,   7.828198,0.83024425,2.22353372,   0.00000,0
1590791358.109912,669,18feee3f,8,   0.000000,0.00000000,0.00000000,  80.93750,0
1590791389.570763,672,1cfd083f,8,   7.828198,0.83024425,2.22353372,   0.00000,0
1590791389.571356,673,18feee3f,8,   0.000000,0.00000000,0.00000000,  80.93750,0
1590791421.032181,676,1cfd083f,8,   7.828198,0.83024425,2.22353372,   0.00000,0
1590791421.032722,677,18feee3f,8,   0.000000,0.00000000,0.00000000,  80.93750,0
1590791452.493570,680,1cfd083f,8,   7.781323,0.83082418,2.22292337,   0.00000,0
1590791452.494151,681,18feee3f,8,   0.000000,0.00000000,0.00000000,  81.00000,0
1590791483.954953,684,1cfd083f,8,   7.781323,0.83082418,2.22292337,   0.00000,0
1590791483.955527,685,18feee3f,8,   0.000000,0.00000000,0.00000000,  81.00000,0
1590791515.416368,688,1cfd083f,8,   7.781323,0.83082418,2.22292337,   0.00000,0
1590791515.416912,689,18feee3f,8,   0.000000,0.00000000,0.00000000,  81.00000,0
1590791546.877714,692,1cfd083f,8,   7.812573,0.83027477,2.22328958,   0.00000,0
1590791546.878281,693,18feee3f,8,   0.000000,0.00000000,0.00000000,  80.90625,0
1590791578.339088,696,1cfd083f,8,   7.812573,0.83027477,2.22328958,   0.00000,0
1590791578.339633,697,18feee3f,8,   0.000000,0.00000000,0.00000000,  80.90625,0
1590791609.802389,700,1cfd083f,8,   7.812573,0.83027477,2.22328958,   0.00000,0
1590791609.802954,701,18feee3f,8,   0.000000,0.00000000,0.00000000,  80.90625,0
1590791641.261780,704,1cfd083f,8,   7.812573,0.82990850,2.22292337,   0.00000,0
1590791641.262399,705,18feee3f,8,   0.000000,0.00000000,0.00000000,  80.78125,0
1590791672.723120,708,1cfd083f,8,   7.812573,0.82990850,2.22292337,   0.00000,0
1590791672.723694,709,18feee3f,8,   0.000000,0.00000000,0.00000000,  80.78125,0
1590791704.186036,712,1cfd083f,8,   7.812573,0.82990850,2.22292337,   0.00000,0
1590791704.186575,713,18feee3f,8,   0.000000,0.00000000,0.00000000,  80.78125,0
1590791735.645796,716,1cfd083f,8,   7.843824,0.83045791,2.22292337,   0.00000,0
1590791735.646370,717,18feee3f,8,   0.000000,0.00000000,0.00000000,  80.59375,0
1590791767.107123,720,1cfd083f,8,   7.843824,0.83045791,2.22292337,   0.00000,0
1590791767.107689,721,18feee3f,8,   0.000000,0.00000000,0.00000000,  80.59375,0
1590791798.569605,724,1cfd083f,8,   7.843824,0.83045791,2.22292337,   0.00000,0
1590791798.570169,725,18feee3f,8,   0.000000,0.00000000,0.00000000,  80.59375,0
1590791830.029797,728,1cfd083f,8,   7.875074,0.83015268,2.22316751,   0.00000,0
1590791830.030352,729,18feee3f,8,   0.000000,0.00000000,0.00000000,  80.37500,0
1590791861.491090,732,1cfd083f,8,   7.875074,0.83015268,2.22316751,   0.00000,0
1590791861.491662,733,18feee3f,8,   0.000000,0.00000000,0.00000000,  80.34375,0
1590791892.953163,736,1cfd083f,8,   7.875074,0.83015268,2.22316751,   0.00000,0
1590791892.953728,737,18feee3f,8,   0.000000,0.00000000,0.00000000,  80.34375,0
1590791924.413709,740,1cfd083f,8,   7.843824,0.83167881,2.22365580,   0.00000,0
1590791924.414284,741,18feee3f,8,   0.000000,0.00000000,0.00000000,  80.18750,0
1590791955.875011,744,1cfd083f,8,   7.843824,0.83167881,2.22365580,   0.00000,0
1590791955.875576,745,18feee3f,8,   0.000000,0.00000000,0.00000000,  80.18750,0
1590791987.336704,748,1cfd083f,8,   7.843824,0.83167881,2.22365580,   0.00000,0
1590791987.337250,749,18feee3f,8,   0.000000,0.00000000,0.00000000,  80.18750,0
1590792018.797624,752,1cfd083f,8,   7.937574,0.83106836,2.22328958,   0.00000,0
1590792018.798195,753,18feee3f,8,   0.000000,0.00000000,0.00000000,  80.03125,0
1590792050.258961,756,1cfd083f,8,   7.937574,0.83106836,2.22328958,   0.00000,0
1590792050.259500,757,18feee3f,8,   0.000000,0.00000000,0.00000000,  80.03125,0
1590792081.720219,760,1cfd083f,8,   7.937574,0.83106836,2.22328958,   0.00000,0
1590792081.720788,761,18feee3f,8,   0.000000,0.00000000,0.00000000,  80.03125,0
1590792113.181506,764,1cfd083f,8,   7.937574,0.83106836,2.22328958,   0.00000,0
1590792113.182079,765,18feee3f,8,   0.000000,0.00000000,0.00000000,  80.03125,0
1590792144.642783,768,1cfd083f,8,   0.500005,0.82996955,2.22499858,   0.00000,0
1590792144.643365,769,18feee3f,8,   0.000000,0.00000000,0.00000000,  80.03125,0
1590792176.104084,772,1cfd083f,8,   0.500005,0.82996955,2.22499858,   0.00000,0
1590792176.104642,773,18feee3f,8,   0.000000,0.00000000,0.00000000,  80.03125,0
1590792207.565362,776,1cfd083f,8,   0.500005,0.82996955,2.22499858,   0.00000,0
1590792207.565937,777,18feee3f,8,   0.000000,0.00000000,0.00000000,  80.03125,0
1590792239.026689,780,1cfd083f,8,   0.531255,0.83036634,2.22438823,   0.00000,0
1590792239.027238,781,18feee3f,8,   0.000000,0.00000000,0.00000000,  80.21875,0
1590792270.487926,784,1cfd083f,8,   0.531255,0.83036634,2.22438823,   0.00000,0
1590792270.488492,785,18feee3f,8,   0.000000,0.00000000,0.00000000,  80.21875,0
1590792301.949205,788,1cfd083f,8,   0.531255,0.83036634,2.22438823,   0.00000,0
1590792301.949799,789,18feee3f,8,   0.000000,0.00000000,0.00000000,  80.21875,0
1590792333.410490,792,1cfd083f,8,   7.937574,0.83180090,2.22536480,   0.00000,0
1590792333.411065,793,18feee3f,8,   0.000000,0.00000000,0.00000000,  80.40625,0
1590792364.871779,796,1cfd083f,8,   7.937574,0.83180090,2.22536480,   0.00000,0
1590792364.872344,797,18feee3f,8,   0.000000,0.00000000,0.00000000,  80.40625,0
1590792396.335007,800,1cfd083f,8,   7.937574,0.83180090,2.22536480,   0.00000,0
1590792396.335584,801,18feee3f,8,   0.000000,0.00000000,0.00000000,  80.40625,0
1590792427.794305,804,1cfd083f,8,   7.984450,0.83058000,2.22524273,   0.00000,0
1590792427.794869,805,18feee3f,8,   0.000000,0.00000000,0.00000000,  80.50000,0
1590792459.255590,808,1cfd083f,8,   7.984450,0.83058000,2.22524273,   0.00000,0
1590792459.256167,809,18feee3f,8,   0.000000,0.00000000,0.00000000,  80.56250,0
1590792490.718445,812,1cfd083f,8,   7.984450,0.83058000,2.22524273,   0.00000,0
1590792490.718982,813,18feee3f,8,   0.000000,0.00000000,0.00000000,  80.56250,0
1590792522.178122,816,1cfd083f,8,   7.984450,0.83058000,2.22524273,   0.00000,0
1590792522.178699,817,18feee3f,8,   0.000000,0.00000000,0.00000000,  80.56250,0
1590792553.639400,820,1cfd083f,8,   7.890699,0.83109888,2.22402201,   0.00000,0
1590792553.639990,821,18feee3f,8,   0.000000,0.00000000,0.00000000,  80.68750,0
1590792585.101827,824,1cfd083f,8,   7.890699,0.83109888,2.22402201,   0.00000,0
1590792585.102396,825,18feee3f,8,   0.000000,0.00000000,0.00000000,  80.68750,0
1590792616.561966,828,1cfd083f,8,   7.890699,0.83109888,2.22402201,   0.00000,0
1590792616.562505,829,18feee3f,8,   0.000000,0.00000000,0.00000000,  80.68750,0
1590792648.023199,832,1cfd083f,8,   7.890699,0.83109888,2.22353372,   0.00000,0
1590792648.023782,833,18feee3f,8,   0.000000,0.00000000,0.00000000,  80.78125,0
1590792679.485247,836,1cfd083f,8,   7.890699,0.83109888,2.22353372,   0.00000,0
1590792679.485825,837,18feee3f,8,   0.000000,0.00000000,0.00000000,  80.78125,0
1590792710.945766,840,1cfd083f,8,   7.890699,0.83109888,2.22353372,   0.00000,0
1590792710.946339,841,18feee3f,8,   0.000000,0.00000000,0.00000000,  80.78125,0
1590792742.406998,844,1cfd083f,8,   7.890699,0.83039686,2.22280130,   0.00000,0
1590792742.407598,845,18feee3f,8,   0.000000,0.00000000,0.00000000,  80.78125,0
1590792773.868666,848,1cfd083f,8,   7.890699,0.83039686,2.22280130,   0.00000,0
1590792773.869211,849,18feee3f,8,   0.000000,0.00000000,0.00000000,  80.84375,0
1590792805.329537,852,1cfd083f,8,   7.890699,0.83039686,2.22280130,   0.00000,0
1590792805.330133,853,18feee3f,8,   0.000000,0.00000000,0.00000000,  80.84375,0
1590792836.790825,856,1cfd083f,8,   7.890699,0.83039686,2.22280130,   0.00000,0
1590792836.791400,857,18feee3f,8,   0.000000,0.00000000,0.00000000,  80.84375,0
1590792868.252084,860,1cfd083f,8,   7.828198,0.83045791,2.22377787,   0.00000,0
1590792868.252651,861,18feee3f,8,   0.000000,0.00000000,0.00000000,  80.81250,0
1590792899.713353,864,1cfd083f,8,   7.828198,0.83045791,2.22377787,   0.00000,0
1590792899.713921,865,18feee3f,8,   0.000000,0.00000000,0.00000000,  80.81250,0
1590792931.174601,868,1cfd083f,8,   7.828198,0.83045791,2.22377787,   0.00000,0
1590792931.175170,869,18feee3f,8,   0.000000,0.00000000,0.00000000,  80.81250,0
1590792962.635899,872,1cfd083f,8,   7.765698,0.83112940,2.23036973,   0.00000,0
1590792962.636437,873,18feee3f,8,   0.000000,0.00000000,0.00000000,  80.81250,0
1590792994.097139,876,1cfd083f,8,   7.765698,0.83112940,2.23036973,   0.00000,0
1590792994.097705,877,18feee3f,8,   0.000000,0.00000000,0.00000000,  80.81250,0
1590793025.558404,880,1cfd083f,8,   7.765698,0.83112940,2.23036973,   0.00000,0
1590793025.558973,881,18feee3f,8,   0.000000,0.00000000,0.00000000,  80.81250,0
1590793057.021242,884,1cfd083f,8,   7.875074,0.82917596,2.23134631,   0.00000,0
1590793057.021783,885,18feee3f,8,   0.000000,0.00000000,0.00000000,  80.75000,0
1590793088.480946,888,1cfd083f,8,   7.875074,0.82917596,2.23134631,   0.00000,0
1590793088.481490,889,18feee3f,8,   0.000000,0.00000000,0.00000000,  80.75000,0
1590793119.942196,892,1cfd083f,8,   7.875074,0.82917596,2.23134631,   0.00000,0
1590793119.942772,893,18feee3f,8,   0.000000,0.00000000,0.00000000,  80.75000,0
1590793151.404624,896,1cfd083f,8,   7.796948,0.83076313,2.22988145,   0.00000,0
1590793151.405160,897,18feee3f,8,   0.000000,0.00000000,0.00000000,  80.56250,0
1590793182.866663,900,1cfd083f,8,   7.796948,0.83076313,2.22988145,   0.00000,0
1590793182.867232,901,18feee3f,8,   0.000000,0.00000000,0.00000000,  80.56250,0
1590793214.325934,904,1cfd083f,8,   7.796948,0.83076313,2.22988145,   0.00000,0
1590793214.326511,905,18feee3f,8,   0.000000,0.00000000,0.00000000,  80.56250,0
1590793245.787158,908,1cfd083f,8,   7.796948,0.83076313,2.22988145,   0.00000,0
1590793245.787726,909,18feee3f,8,   0.000000,0.00000000,0.00000000,  80.56250,0
1590793277.249927,912,1cfd083f,8,   7.828198,0.83030529,2.23012559,   0.00000,0
1590793277.250505,913,18feee3f,8,   0.000000,0.00000000,0.00000000,  78.03125,0
1590793308.709590,916,1cfd083f,8,   7.828198,0.83030529,2.23012559,   0.00000,0
1590793308.710172,917,18feee3f,8,   0.000000,0.00000000,0.00000000,  78.03125,0
1590793340.170776,920,1cfd083f,8,   7.828198,0.83030529,2.23012559,   0.00000,0
1590793340.171356,921,18feee3f,8,   0.000000,0.00000000,0.00000000,  78.03125,0
1590793371.632000,924,1cfd083f,8,   7.843824,0.83137358,2.22328958,   0.00000,0
1590793371.632580,925,18feee3f,8,   0.000000,0.00000000,0.00000000,  78.43750,0
1590793403.093256,928,1cfd083f,8,   7.843824,0.83137358,2.22328958,   0.00000,0
1590793403.093815,929,18feee3f,8,   0.000000,0.00000000,0.00000000,  78.40625,0
1590793434.554464,932,1cfd083f,8,   7.843824,0.83137358,2.22328958,   0.00000,0
1590793434.555062,933,18feee3f,8,   0.000000,0.00000000,0.00000000,  78.40625,0
1590793466.016459,936,1cfd083f,8,   7.843824,0.83137358,2.22328958,   0.00000,0
1590793466.017001,937,18feee3f,8,   0.000000,0.00000000,0.00000000,  78.40625,0
1590793497.476890,940,1cfd083f,8,   7.906324,0.83106836,2.22365580,   0.00000,0
1590793497.477467,941,18feee3f,8,   0.000000,0.00000000,0.00000000,  78.71875,0
1590793528.938128,944,1cfd083f,8,   7.906324,0.83106836,2.22365580,   0.00000,0
1590793528.938706,945,18feee3f,8,   0.000000,0.00000000,0.00000000,  78.71875,0
1590793560.399736,948,1cfd083f,8,   7.906324,0.83106836,2.22365580,   0.00000,0
1590793560.400281,949,18feee3f,8,   0.000000,0.00000000,0.00000000,  78.71875,0
1590793591.860574,952,1cfd083f,8,   0.500005,0.83106836,2.22341165,   0.00000,0
1590793591.861153,953,18feee3f,8,   0.000000,0.00000000,0.00000000,-250.96875,0
1590793623.321816,956,1cfd083f,8,   0.500005,0.83106836,2.22341165,   0.00000,0
1590793623.322395,957,18feee3f,8,   0.000000,0.00000000,0.00000000,-250.96875,0
1590793654.783059,960,1cfd083f,8,   0.500005,0.83106836,2.22341165,   0.00000,0
1590793654.783638,961,18feee3f,8,   0.000000,0.00000000,0.00000000,-250.96875,0
1590793686.244296,964,1cfd083f,8,   7.953200,0.83195351,2.22414408,   0.00000,0
1590793686.244838,965,18feee3f,8,   0.000000,0.00000000,0.00000000,-250.53125,0
1590793717.705569,968,1cfd083f,8,   7.953200,0.83195351,2.22414408,   0.00000,0
1590793717.706087,969,18feee3f,8,   0.000000,0.00000000,0.00000000,-250.53125,0
1590793749.166774,972,1cfd083f,8,   7.953200,0.83195351,2.22414408,   0.00000,0
1590793749.167306,973,18feee3f,8,   0.000000,0.00000000,0.00000000,-250.53125,0
1590793780.627998,976,1cfd083f,8,   0.515630,0.83125149,2.22463237,   0.00000,0
1590793780.628571,977,18feee3f,8,   0.000000,0.00000000,0.00000000,  79.90625,0
1590793812.089229,980,1cfd083f,8,   0.515630,0.83125149,2.22463237,   0.00000,0
1590793812.089781,981,18feee3f,8,   0.000000,0.00000000,0.00000000,  79.90625,0
1590793843.550451,984,1cfd083f,8,   0.515630,0.83125149,2.22463237,   0.00000,0
1590793843.551082,985,18feee3f,8,   0.000000,0.00000000,0.00000000,  79.90625,0
1590793875.011684,988,1cfd083f,8,   7.921949,0.83103784,2.22475444,   0.00000,0
1590793875.012261,989,18feee3f,8,   0.000000,0.00000000,0.00000000,  80.18750,0
1590793906.472923,992,1cfd083f,8,   7.921949,0.83103784,2.22475444,   0.00000,0
1590793906.473490,993,18feee3f,8,   0.000000,0.00000000,0.00000000,  80.21875,0
1590793937.934168,996,1cfd083f,8,   7.921949,0.83103784,2.22475444,   0.00000,0
1590793937.934732,997,18feee3f,8,   0.000000,0.00000000,0.00000000,  80.21875,0
1590793969.397394,1000,1cfd083f,8,   7.921949,0.83103784,2.22475444,   0.00000,0
1590793969.397935,1001,18feee3f,8,   0.000000,0.00000000,0.00000000,  80.21875,0
1590794000.856662,1004,1cfd083f,8,   7.906324,0.83058000,2.22438823,   0.00000,0
1590794000.857239,1005,18feee3f,8,   0.000000,0.00000000,0.00000000,  80.50000,0
1590794032.317890,1008,1cfd083f,8,   7.906324,0.83058000,2.22438823,   0.00000,0
1590794032.318458,1009,18feee3f,8,   0.000000,0.00000000,0.00000000,  80.50000,0
1590794063.780725,1012,1cfd083f,8,   7.906324,0.83058000,2.22438823,   0.00000,0
1590794063.781293,1013,18feee3f,8,   0.000000,0.00000000,0.00000000,  80.50000,0
1590794095.240393,1016,1cfd083f,8,   7.906324,0.82987798,2.22341165,   0.00000,0
1590794095.240953,1017,18feee3f,8,   0.000000,0.00000000,0.00000000,  80.65625,0
1590794126.701610,1020,1cfd083f,8,   7.906324,0.82987798,2.22341165,   0.00000,0
1590794126.702178,1021,18feee3f,8,   0.000000,0.00000000,0.00000000,  80.62500,0
1590794158.164037,1024,1cfd083f,8,   7.906324,0.82987798,2.22341165,   0.00000,0
1590794158.164614,1025,18feee3f,8,   0.000000,0.00000000,0.00000000,  80.62500,0
1590794189.624118,1028,1cfd083f,8,   7.828198,0.83024425,2.22353372,   0.00000,0
1590794189.624689,1029,18feee3f,8,   0.000000,0.00000000,0.00000000,  80.68750,0
1590794221.085359,1032,1cfd083f,8,   7.828198,0.83024425,2.22353372,   0.00000,0
1590794221.085931,1033,18feee3f,8,   0.000000,0.00000000,0.00000000,  80.71875,0
1590794252.547366,1036,1cfd083f,8,   7.828198,0.83024425,2.22353372,   0.00000,0
1590794252.547935,1037,18feee3f,8,   0.000000,0.00000000,0.00000000,  80.71875,0
1590794284.007859,1040,1cfd083f,8,   7.875074,0.82984746,2.22328958,   0.00000,0
1590794284.008443,1041,18feee3f,8,   0.000000,0.00000000,0.00000000,  80.81250,0
1590794315.469107,1044,1cfd083f,8,   7.875074,0.82984746,2.22328958,   0.00000,0
1590794315.469683,1045,18feee3f,8,   0.000000,0.00000000,0.00000000,  80.81250,0
1590794346.930723,1048,1cfd083f,8,   7.875074,0.82984746,2.22328958,   0.00000,0
1590794346.931290,1049,18feee3f,8,   0.000000,0.00000000,0.00000000,  80.81250,0
1590794378.391595,1052,1cfd083f,8,   7.812573,0.83067156,2.22255715,   0.00000,0
1590794378.392214,1053,18feee3f,8,   0.000000,0.00000000,0.00000000,  80.75000,0
1590794409.852848,1056,1cfd083f,8,   7.812573,0.83067156,2.22255715,   0.00000,0
1590794409.853417,1057,18feee3f,8,   0.000000,0.00000000,0.00000000,  80.75000,0
1590794441.314096,1060,1cfd083f,8,   7.812573,0.83067156,2.22255715,   0.00000,0
1590794441.314676,1061,18feee3f,8,   0.000000,0.00000000,0.00000000,  80.75000,0
1590794472.775344,1064,1cfd083f,8,   7.812573,0.83067156,2.22255715,   0.00000,0
1590794472.775910,1065,18feee3f,8,   0.000000,0.00000000,0.00000000,  80.75000,0
1590794504.236583,1068,1cfd083f,8,   7.812573,0.83042738,2.22267922,   0.00000,0
1590794504.237158,1069,18feee3f,8,   0.000000,0.00000000,0.00000000,  80.62500,0
1590794535.697854,1072,1cfd083f,8,   7.812573,0.83042738,2.22267922,   0.00000,0
1590794535.698398,1073,18feee3f,8,   0.000000,0.00000000,0.00000000,  80.62500,0
1590794567.159106,1076,1cfd083f,8,   7.812573,0.83042738,2.22267922,   0.00000,0
1590794567.159653,1077,18feee3f,8,   0.000000,0.00000000,0.00000000,  80.62500,0
1590794598.620331,1080,1cfd083f,8,   7.796948,0.83073261,2.22280130,   0.00000,0
1590794598.620908,1081,18feee3f,8,   0.000000,0.00000000,0.00000000,  80.46875,0
1590794630.081604,1084,1cfd083f,8,   7.796948,0.83073261,2.22280130,   0.00000,0
1590794630.082147,1085,18feee3f,8,   0.000000,0.00000000,0.00000000,  80.50000,0
1590794661.542828,1088,1cfd083f,8,   7.796948,0.83073261,2.22280130,   0.00000,0
1590794661.543406,1089,18feee3f,8,   0.000000,0.00000000,0.00000000,  80.50000,0
1590794693.004087,1092,1cfd083f,8,   7.796948,0.83073261,2.22280130,   0.00000,0
1590794693.004664,1093,18feee3f,8,   0.000000,0.00000000,0.00000000,  80.50000,0
1590794724.466520,1096,1cfd083f,8,   7.875074,0.83021373,2.22304544,   0.00000,0
1590794724.467096,1097,18feee3f,8,   0.000000,0.00000000,0.00000000,  80.28125,0
1590794755.928581,1100,1cfd083f,8,   7.875074,0.83021373,2.22304544,   0.00000,0
1590794755.929146,1101,18feee3f,8,   0.000000,0.00000000,0.00000000,  80.28125,0
1590794787.387841,1104,1cfd083f,8,   7.875074,0.83021373,2.22304544,   0.00000,0
1590794787.388428,1105,18feee3f,8,   0.000000,0.00000000,0.00000000,  80.28125,0
1590794818.849855,1108,1cfd083f,8,   7.890699,0.83088522,2.22341165,   0.00000,0
1590794818.850423,1109,18feee3f,8,   0.000000,0.00000000,0.00000000,  80.15625,0
1590794850.311914,1112,1cfd083f,8,   7.890699,0.83088522,2.22341165,   0.00000,0
1590794850.312480,1113,18feee3f,8,   0.000000,0.00000000,0.00000000,  80.12500,0
1590794881.771594,1116,1cfd083f,8,   7.890699,0.83088522,2.22341165,   0.00000,0
1590794881.772162,1117,18feee3f,8,   0.000000,0.00000000,0.00000000,  80.12500,0
1590794913.232825,1120,1cfd083f,8,   7.890699,0.83088522,2.22341165,   0.00000,0
1590794913.233400,1121,18feee3f,8,   0.000000,0.00000000,0.00000000,  80.12500,0
1590794944.695276,1124,1cfd083f,8,   7.968825,0.83119045,2.22316751,   0.00000,0
1590794944.695815,1125,18feee3f,8,   0.000000,0.00000000,0.00000000,  80.00000,0
1590794976.155343,1128,1cfd083f,8,   7.968825,0.83119045,2.22316751,   0.00000,0
1590794976.155949,1129,18feee3f,8,   0.000000,0.00000000,0.00000000,  80.00000,0
1590795007.616598,1132,1cfd083f,8,   0.515630,0.83048843,2.22377787,   0.00000,0
1590795007.617172,1133,18feee3f,8,   0.000000,0.00000000,0.00000000,  80.00000,0
1590795039.078602,1136,1cfd083f,8,   0.515630,0.83048843,2.22377787,   0.00000,0
1590795039.079167,1137,18feee3f,8,   0.000000,0.00000000,0.00000000,  80.06250,0
1590795070.539096,1140,1cfd083f,8,   0.515630,0.83048843,2.22377787,   0.00000,0
1590795070.539670,1141,18feee3f,8,   0.000000,0.00000000,0.00000000,  80.06250,0
1590795102.000337,1144,1cfd083f,8,   0.515630,0.83048843,2.22377787,   0.00000,0
1590795102.000919,1145,18feee3f,8,   0.000000,0.00000000,0.00000000,  80.06250,0
1590795133.461957,1148,1cfd083f,8,   0.531255,0.83109888,2.22426615,   0.00000,0
1590795133.462535,1149,18feee3f,8,   0.000000,0.00000000,0.00000000,  80.06250,0
1590795164.922828,1152,1cfd083f,8,   0.531255,0.83109888,2.22426615,   0.00000,0
1590795164.923406,1153,18feee3f,8,   0.000000,0.00000000,0.00000000,  80.06250,0
1590795196.384101,1156,1cfd083f,8,   0.531255,0.83109888,2.22426615,   0.00000,0
1590795196.384646,1157,18feee3f,8,   0.000000,0.00000000,0.00000000,  80.06250,0
1590795227.845330,1160,1cfd083f,8,   0.531255,0.83109888,2.22426615,   0.00000,0
1590795227.845907,1161,18feee3f,8,   0.000000,0.00000000,0.00000000,  80.06250,0
1590795259.306474,1164,1cfd083f,8,   7.968825,0.83140411,2.22377787,   0.00000,0
1590795259.307054,1165,18feee3f,8,   0.000000,0.00000000,0.00000000,  80.50000,0
1590795290.767564,1168,1cfd083f,8,   7.968825,0.83140411,2.22377787,   0.00000,0
1590795290.768097,1169,18feee3f,8,   0.000000,0.00000000,0.00000000,  80.50000,0
1590795322.228638,1172,1cfd083f,8,   7.968825,0.83140411,2.22377787,   0.00000,0
1590795322.229175,1173,18feee3f,8,   0.000000,0.00000000,0.00000000,  80.50000,0
1590795353.689723,1176,1cfd083f,8,   7.875074,0.83067156,2.22475444,   0.00000,0
1590795353.690255,1177,18feee3f,8,   0.000000,0.00000000,0.00000000,  80.56250,0
1590795385.150856,1180,1cfd083f,8,   7.875074,0.83067156,2.22475444,   0.00000,0
1590795385.151363,1181,18feee3f,8,   0.000000,0.00000000,0.00000000,  80.56250,0
1590795416.611900,1184,1cfd083f,8,   7.875074,0.83067156,2.22475444,   0.00000,0
1590795416.612438,1185,18feee3f,8,   0.000000,0.00000000,0.00000000,  80.56250,0
1590795448.073005,1188,1cfd083f,8,   7.875074,0.83067156,2.22475444,   0.00000,0
1590795448.073538,1189,18feee3f,8,   0.000000,0.00000000,0.00000000,  80.56250,0
1590795479.534091,1192,1cfd083f,8,   7.906324,0.83094627,2.22402201,   0.00000,0
1590795479.534672,1193,18feee3f,8,   0.000000,0.00000000,0.00000000,  80.71875,0
1590795510.995227,1196,1cfd083f,8,   7.906324,0.83094627,2.22402201,   0.00000,0
1590795510.995850,1197,18feee3f,8,   0.000000,0.00000000,0.00000000,  80.71875,0
1590795542.458308,1200,1cfd083f,8,   7.906324,0.83094627,2.22402201,   0.00000,0
1590795542.458882,1201,18feee3f,8,   0.000000,0.00000000,0.00000000,  80.71875,0
1590795573.917499,1204,1cfd083f,8,   7.875074,0.83125149,2.22255715,   0.00000,0
1590795573.918052,1205,18feee3f,8,   0.000000,0.00000000,0.00000000,  80.75000,0
1590795605.378644,1208,1cfd083f,8,   7.875074,0.83125149,2.22255715,   0.00000,0
1590795605.379188,1209,18feee3f,8,   0.000000,0.00000000,0.00000000,  80.75000,0
1590795636.841351,1212,1cfd083f,8,   7.875074,0.83125149,2.22255715,   0.00000,0
1590795636.841925,1213,18feee3f,8,   0.000000,0.00000000,0.00000000,  80.75000,0
1590795668.300909,1216,1cfd083f,8,   7.843824,0.83103784,2.22389994,   0.00000,0
1590795668.301485,1217,18feee3f,8,   0.000000,0.00000000,0.00000000,  80.78125,0
1590795699.762060,1220,1cfd083f,8,   7.843824,0.83103784,2.22389994,   0.00000,0
1590795699.762636,1221,18feee3f,8,   0.000000,0.00000000,0.00000000,  80.81250,0
1590795731.224399,1224,1cfd083f,8,   7.843824,0.83103784,2.22389994,   0.00000,0
1590795731.224937,1225,18feee3f,8,   0.000000,0.00000000,0.00000000,  80.81250,0
1590795762.684390,1228,1cfd083f,8,   7.812573,0.83024425,2.22292337,   0.00000,0
1590795762.684959,1229,18feee3f,8,   0.000000,0.00000000,0.00000000,  80.75000,0
1590795794.145544,1232,1cfd083f,8,   7.812573,0.83024425,2.22292337,   0.00000,0
1590795794.146116,1233,18feee3f,8,   0.000000,0.00000000,0.00000000,  80.75000,0
1590795825.607505,1236,1cfd083f,8,   7.812573,0.83024425,2.22292337,   0.00000,0
1590795825.608049,1237,18feee3f,8,   0.000000,0.00000000,0.00000000,  80.75000,0
1590795857.067908,1240,1cfd083f,8,   7.812573,0.83024425,2.22292337,   0.00000,0
1590795857.068450,1241,18feee3f,8,   0.000000,0.00000000,0.00000000,  80.75000,0
1590795888.529078,1244,1cfd083f,8,   7.812573,0.83085470,2.22353372,   0.00000,0
1590795888.529646,1245,18feee3f,8,   0.000000,0.00000000,0.00000000,  80.59375,0
1590795919.990603,1248,1cfd083f,8,   7.812573,0.83085470,2.22353372,   0.00000,0
1590795919.991191,1249,18feee3f,8,   0.000000,0.00000000,0.00000000,  80.59375,0
1590795951.451439,1252,1cfd083f,8,   7.812573,0.83085470,2.22353372,   0.00000,0
1590795951.451983,1253,18feee3f,8,   0.000000,0.00000000,0.00000000,  80.59375,0
1590795982.912625,1256,1cfd083f,8,   7.859449,0.83073261,2.22341165,   0.00000,0
1590795982.913167,1257,18feee3f,8,   0.000000,0.00000000,0.00000000,  80.46875,0
1590796014.373814,1260,1cfd083f,8,   7.859449,0.83073261,2.22341165,   0.00000,0
1590796014.374355,1261,18feee3f,8,   0.000000,0.00000000,0.00000000,  80.46875,0
1590796045.835014,1264,1cfd083f,8,   7.859449,0.83073261,2.22341165,   0.00000,0
1590796045.835573,1265,18feee3f,8,   0.000000,0.00000000,0.00000000,  80.46875,0
1590796077.296197,1268,1cfd083f,8,   7.875074,0.83088522,2.22304544,   0.00000,0
1590796077.296767,1269,18feee3f,8,   0.000000,0.00000000,0.00000000,  80.28125,0
1590796108.757397,1272,1cfd083f,8,   7.875074,0.83088522,2.22304544,   0.00000,0
1590796108.757962,1273,18feee3f,8,   0.000000,0.00000000,0.00000000,  80.28125,0
1590796140.218598,1276,1cfd083f,8,   7.875074,0.83088522,2.22304544,   0.00000,0
1590796140.219165,1277,18feee3f,8,   0.000000,0.00000000,0.00000000,  80.28125,0
1590796171.679785,1280,1cfd083f,8,   7.875074,0.83088522,2.22304544,   0.00000,0
1590796171.680365,1281,18feee3f,8,   0.000000,0.00000000,0.00000000,  80.28125,0
1590796203.140991,1284,1cfd083f,8,   7.921949,0.83061052,2.22438823,   0.00000,0
1590796203.141538,1285,18feee3f,8,   0.000000,0.00000000,0.00000000,  80.15625,0
1590796234.602174,1288,1cfd083f,8,   7.921949,0.83061052,2.22438823,   0.00000,0
1590796234.602758,1289,18feee3f,8,   0.000000,0.00000000,0.00000000,  80.15625,0
1590796266.063406,1292,1cfd083f,8,   7.921949,0.83061052,2.22438823,   0.00000,0
1590796266.063954,1293,18feee3f,8,   0.000000,0.00000000,0.00000000,  80.15625,0
1590796297.525767,1296,1cfd083f,8,   7.968825,0.83054947,2.22414408,   0.00000,0
1590796297.526346,1297,18feee3f,8,   0.000000,0.00000000,0.00000000,  80.12500,0
1590796328.987772,1300,1cfd083f,8,   7.968825,0.83054947,2.22414408,   0.00000,0
1590796328.988345,1301,18feee3f,8,   0.000000,0.00000000,0.00000000,  80.12500,0
1590796360.446992,1304,1cfd083f,8,   7.968825,0.83054947,2.22414408,   0.00000,0
1590796360.447567,1305,18feee3f,8,   0.000000,0.00000000,0.00000000,  80.12500,0
1590796391.908975,1308,1cfd083f,8,   7.984450,0.83067156,2.22438823,   0.00000,0
1590796391.909553,1309,18feee3f,8,   0.000000,0.00000000,0.00000000,  80.15625,0
1590796423.370979,1312,1cfd083f,8,   7.984450,0.83067156,2.22438823,   0.00000,0
1590796423.371603,1313,18feee3f,8,   0.000000,0.00000000,0.00000000,  80.15625,0
1590796454.830655,1316,1cfd083f,8,   7.984450,0.83067156,2.22438823,   0.00000,0
1590796454.831192,1317,18feee3f,8,   0.000000,0.00000000,0.00000000,  80.15625,0
1590796486.292219,1320,1cfd083f,8,   7.968825,0.83140411,2.22377787,   0.00000,0
1590796486.292763,1321,18feee3f,8,   0.000000,0.00000000,0.00000000,  80.34375,0
1590796517.754223,1324,1cfd083f,8,   7.968825,0.83140411,2.22377787,   0.00000,0
1590796517.754789,1325,18feee3f,8,   0.000000,0.00000000,0.00000000,  80.31250,0
1590796549.214297,1328,1cfd083f,8,   7.968825,0.83140411,2.22377787,   0.00000,0
1590796549.214838,1329,18feee3f,8,   0.000000,0.00000000,0.00000000,  80.31250,0
1590796580.675489,1332,1cfd083f,8,   7.968825,0.83140411,2.22377787,   0.00000,0
1590796580.676059,1333,18feee3f,8,   0.000000,0.00000000,0.00000000,  80.31250,0
1590796612.136731,1336,1cfd083f,8,   7.968825,0.83097679,2.22414408,   0.00000,0
1590796612.137308,1337,18feee3f,8,   0.000000,0.00000000,0.00000000,  80.43750,0
1590796643.597926,1340,1cfd083f,8,   7.968825,0.83097679,2.22414408,   0.00000,0
1590796643.598535,1341,18feee3f,8,   0.000000,0.00000000,0.00000000,  80.43750,0
1590796675.059139,1344,1cfd083f,8,   7.968825,0.83097679,2.22414408,   0.00000,0
1590796675.059730,1345,18feee3f,8,   0.000000,0.00000000,0.00000000,  80.43750,0
1590796706.520376,1348,1cfd083f,8,   7.921949,0.83058000,2.22475444,   0.00000,0
1590796706.520916,1349,18feee3f,8,   0.000000,0.00000000,0.00000000,  80.59375,0
1590796737.981573,1352,1cfd083f,8,   7.921949,0.83058000,2.22475444,   0.00000,0
1590796737.982141,1353,18feee3f,8,   0.000000,0.00000000,0.00000000,  80.59375,0
1590796769.442816,1356,1cfd083f,8,   7.921949,0.83058000,2.22475444,   0.00000,0
1590796769.443356,1357,18feee3f,8,   0.000000,0.00000000,0.00000000,  80.59375,0
1590796800.904028,1360,1cfd083f,8,   7.921949,0.83058000,2.22475444,   0.00000,0
1590796800.904603,1361,18feee3f,8,   0.000000,0.00000000,0.00000000,  80.59375,0
1590796832.365254,1364,1cfd083f,8,   7.859449,0.83125149,2.22377787,   0.00000,0
1590796832.365819,1365,18feee3f,8,   0.000000,0.00000000,0.00000000,  80.68750,0
1590796863.826459,1368,1cfd083f,8,   7.859449,0.83125149,2.22377787,   0.00000,0
1590796863.827039,1369,18feee3f,8,   0.000000,0.00000000,0.00000000,  80.68750,0
1590796895.287696,1372,1cfd083f,8,   7.859449,0.83125149,2.22377787,   0.00000,0
1590796895.288265,1373,18feee3f,8,   0.000000,0.00000000,0.00000000,  80.68750,0
1590796926.748917,1376,1cfd083f,8,   7.921949,0.83018320,2.22267922,   0.00000,0
1590796926.749495,1377,18feee3f,8,   0.000000,0.00000000,0.00000000,  80.75000,0
1590796958.210170,1380,1cfd083f,8,   7.921949,0.83018320,2.22267922,   0.00000,0
1590796958.210705,1381,18feee3f,8,   0.000000,0.00000000,0.00000000,  80.71875,0
1590796989.671360,1384,1cfd083f,8,   7.921949,0.83018320,2.22267922,   0.00000,0
1590796989.671931,1385,18feee3f,8,   0.000000,0.00000000,0.00000000,  80.71875,0
1590797021.132592,1388,1cfd083f,8,   7.921949,0.83018320,2.22267922,   0.00000,0
1590797021.133167,1389,18feee3f,8,   0.000000,0.00000000,0.00000000,  80.71875,0
1590797052.593835,1392,1cfd083f,8,   7.843824,0.83061052,2.22353372,   0.00000,0
1590797052.594397,1393,18feee3f,8,   0.000000,0.00000000,0.00000000,  80.71875,0
1590797084.055036,1396,1cfd083f,8,   7.843824,0.83061052,2.22353372,   0.00000,0
1590797084.055614,1397,18feee3f,8,   0.000000,0.00000000,0.00000000,  80.71875,0
1590797115.518219,1400,1cfd083f,8,   7.843824,0.83061052,2.22353372,   0.00000,0
1590797115.518794,1401,18feee3f,8,   0.000000,0.00000000,0.00000000,  80.71875,0
1590797146.977497,1404,1cfd083f,8,   7.875074,0.83039686,2.22341165,   0.00000,0
1590797146.978073,1405,18feee3f,8,   0.000000,0.00000000,0.00000000,  80.59375,0
1590797178.438742,1408,1cfd083f,8,   7.875074,0.83039686,2.22341165,   0.00000,0
1590797178.439336,1409,18feee3f,8,   0.000000,0.00000000,0.00000000,  80.62500,0
1590797209.901501,1412,1cfd083f,8,   7.875074,0.83039686,2.22341165,   0.00000,0
1590797209.902075,1413,18feee3f,8,   0.000000,0.00000000,0.00000000,  80.62500,0
1590797241.361155,1416,1cfd083f,8,   7.875074,0.83039686,2.22341165,   0.00000,0
1590797241.361737,1417,18feee3f,8,   0.000000,0.00000000,0.00000000,  80.62500,0
1590797272.822394,1420,1cfd083f,8,   7.859449,0.83036634,2.22280130,   0.00000,0
1590797272.822975,1421,18feee3f,8,   0.000000,0.00000000,0.00000000,  80.46875,0
1590797304.284923,1424,1cfd083f,8,   7.859449,0.83036634,2.22280130,   0.00000,0
1590797304.285466,1425,18feee3f,8,   0.000000,0.00000000,0.00000000,  80.46875,0
1590797335.745204,1428,1cfd083f,8,   7.859449,0.83036634,2.22280130,   0.00000,0
1590797335.745768,1429,18feee3f,8,   0.000000,0.00000000,0.00000000,  80.46875,0
1590797367.206669,1432,1cfd083f,8,   7.875074,0.83064104,2.22316751,   0.00000,0
1590797367.207238,1433,18feee3f,8,   0.000000,0.00000000,0.00000000,  80.37500,0
1590797398.668870,1436,1cfd083f,8,   7.875074,0.83064104,2.22316751,   0.00000,0
1590797398.669445,1437,18feee3f,8,   0.000000,0.00000000,0.00000000,  80.37500,0
1590797430.129553,1440,1cfd083f,8,   7.875074,0.83064104,2.22316751,   0.00000,0
1590797430.130142,1441,18feee3f,8,   0.000000,0.00000000,0.00000000,  80.37500,0
1590797461.590991,1444,1cfd083f,8,   7.937574,0.83051895,2.22328958,   0.00000,0
1590797461.591559,1445,18feee3f,8,   0.000000,0.00000000,0.00000000,  80.25000,0
1590797493.052799,1448,1cfd083f,8,   7.937574,0.83051895,2.22328958,   0.00000,0
1590797493.053399,1449,18feee3f,8,   0.000000,0.00000000,0.00000000,  80.25000,0
1590797524.513837,1452,1cfd083f,8,   7.937574,0.83051895,2.22328958,   0.00000,0
1590797524.514412,1453,18feee3f,8,   0.000000,0.00000000,0.00000000,  80.25000,0
1590797555.975227,1456,1cfd083f,8,   7.921949,0.83122097,2.22341165,   0.00000,0
1590797555.975797,1457,18feee3f,8,   0.000000,0.00000000,0.00000000,  80.25000,0
1590797587.436646,1460,1cfd083f,8,   7.921949,0.83122097,2.22341165,   0.00000,0
1590797587.437185,1461,18feee3f,8,   0.000000,0.00000000,0.00000000,  80.25000,0
1590797618.897992,1464,1cfd083f,8,   7.921949,0.83122097,2.22341165,   0.00000,0
1590797618.898573,1465,18feee3f,8,   0.000000,0.00000000,0.00000000,  80.25000,0
1590797650.359381,1468,1cfd083f,8,   0.500005,0.83045791,2.22414408,   0.00000,0
1590797650.359943,1469,18feee3f,8,   0.000000,0.00000000,0.00000000,  80.15625,0
1590797681.820769,1472,1cfd083f,8,   0.500005,0.83045791,2.22414408,   0.00000,0
1590797681.821345,1473,18feee3f,8,   0.000000,0.00000000,0.00000000,  80.15625,0
1590797713.282148,1476,1cfd083f,8,   0.500005,0.83045791,2.22414408,   0.00000,0
1590797713.282786,1477,18feee3f,8,   0.000000,0.00000000,0.00000000,  80.15625,0
1590797744.743489,1480,1cfd083f,8,   0.500005,0.83045791,2.22414408,   0.00000,0
1590797744.744064,1481,18feee3f,8,   0.000000,0.00000000,0.00000000,  80.15625,0
1590797776.204847,1484,1cfd083f,8,   7.953200,0.83158724,2.22426615,   0.00000,0
1590797776.205412,1485,18feee3f,8,   0.000000,0.00000000,0.00000000,  80.18750,0
1590797807.666220,1488,1cfd083f,8,   7.953200,0.83158724,2.22426615,   0.00000,0
1590797807.666760,1489,18feee3f,8,   0.000000,0.00000000,0.00000000,  80.18750,0
1590797839.127555,1492,1cfd083f,8,   7.953200,0.83158724,2.22426615,   0.00000,0
1590797839.128130,1493,18feee3f,8,   0.000000,0.00000000,0.00000000,  80.18750,0
1590797870.588878,1496,1cfd083f,8,   7.953200,0.83158724,2.22426615,   0.00000,0
1590797870.589450,1497,18feee3f,8,   0.000000,0.00000000,0.00000000,  80.18750,0
1590797902.052189,1500,1cfd083f,8,   7.984450,0.83100731,2.22438823,   0.00000,0
1590797902.052762,1501,18feee3f,8,   0.000000,0.00000000,0.00000000,  80.34375,0
1590797933.511574,1504,1cfd083f,8,   7.984450,0.83100731,2.22438823,   0.00000,0
1590797933.512108,1505,18feee3f,8,   0.000000,0.00000000,0.00000000,  80.34375,0
1590797964.972881,1508,1cfd083f,8,   7.984450,0.83100731,2.22438823,   0.00000,0
1590797964.973447,1509,18feee3f,8,   0.000000,0.00000000,0.00000000,  80.34375,0
1590797996.434206,1512,1cfd083f,8,   7.984450,0.83128202,2.22451030,   0.00000,0
1590797996.434771,1513,18feee3f,8,   0.000000,0.00000000,0.00000000,  80.43750,0
1590798027.895529,1516,1cfd083f,8,   7.984450,0.83128202,2.22451030,   0.00000,0
1590798027.896095,1517,18feee3f,8,   0.000000,0.00000000,0.00000000,  80.40625,0
1590798059.356870,1520,1cfd083f,8,   7.984450,0.83128202,2.22451030,   0.00000,0
1590798059.357414,1521,18feee3f,8,   0.000000,0.00000000,0.00000000,  80.40625,0
1590798090.819362,1524,1cfd083f,8,   7.984450,0.83128202,2.22451030,   0.00000,0
1590798090.819903,1525,18feee3f,8,   0.000000,0.00000000,0.00000000,  80.40625,0
1590798122.279497,1528,1cfd083f,8,   7.937574,0.83042738,2.23024766,   0.00000,0
1590798122.280048,1529,18feee3f,8,   0.000000,0.00000000,0.00000000,  80.40625,0
1590798153.740805,1532,1cfd083f,8,   7.937574,0.83042738,2.23024766,   0.00000,0
1590798153.741350,1533,18feee3f,8,   0.000000,0.00000000,0.00000000,  80.40625,0
1590798185.202884,1536,1cfd083f,8,   7.937574,0.83042738,2.23024766,   0.00000,0
1590798185.203428,1537,18feee3f,8,   0.000000,0.00000000,0.00000000,  80.40625,0
1590798216.663421,1540,1cfd083f,8,   7.906324,0.83024425,2.23061388,   0.00000,0
1590798216.663972,1541,18feee3f,8,   0.000000,0.00000000,0.00000000,  80.37500,0
1590798248.124701,1544,1cfd083f,8,   7.906324,0.83024425,2.23061388,   0.00000,0
1590798248.125291,1545,18feee3f,8,   0.000000,0.00000000,0.00000000,  80.37500,0
1590798279.586378,1548,1cfd083f,8,   7.906324,0.83024425,2.23061388,   0.00000,0
1590798279.586958,1549,18feee3f,8,   0.000000,0.00000000,0.00000000,  80.37500,0
1590798311.047312,1552,1cfd083f,8,   7.968825,0.83012216,2.22988145,   0.00000,0
1590798311.047896,1553,18feee3f,8,   0.000000,0.00000000,0.00000000,  80.28125,0
1590798342.508588,1556,1cfd083f,8,   7.968825,0.83012216,2.22988145,   0.00000,0
1590798342.509159,1557,18feee3f,8,   0.000000,0.00000000,0.00000000,  80.28125,0
1590798373.969896,1560,1cfd083f,8,   7.968825,0.83012216,2.22988145,   0.00000,0
1590798373.970467,1561,18feee3f,8,   0.000000,0.00000000,0.00000000,  80.28125,0
1590798405.431194,1564,1cfd083f,8,   7.921949,0.83076313,2.23049180,   0.00000,0
1590798405.431770,1565,18feee3f,8,   0.000000,0.00000000,0.00000000,  80.21875,0
1590798436.892504,1568,1cfd083f,8,   7.921949,0.83076313,2.23049180,   0.00000,0
1590798436.893070,1569,18feee3f,8,   0.000000,0.00000000,0.00000000,  80.21875,0
1590798468.353764,1572,1cfd083f,8,   7.921949,0.83076313,2.23049180,   0.00000,0
1590798468.354333,1573,18feee3f,8,   0.000000,0.00000000,0.00000000,  80.21875,0
1590798499.815047,1576,1cfd083f,8,   7.953200,0.83036634,2.23012559,   0.00000,0
1590798499.815618,1577,18feee3f,8,   0.000000,0.00000000,0.00000000,  80.37500,0
1590798531.276320,1580,1cfd083f,8,   7.953200,0.83036634,2.23012559,   0.00000,0
1590798531.276898,1581,18feee3f,8,   0.000000,0.00000000,0.00000000,  80.37500,0
1590798562.737622,1584,1cfd083f,8,   7.953200,0.83036634,2.23012559,   0.00000,0
1590798562.738198,1585,18feee3f,8,   0.000000,0.00000000,0.00000000,  80.37500,0
1590798594.198909,1588,1cfd083f,8,   7.953200,0.83036634,2.23012559,   0.00000,0
1590798594.199441,1589,18feee3f,8,   0.000000,0.00000000,0.00000000,  80.37500,0
1590798625.660190,1592,1cfd083f,8,   7.953200,0.83042738,2.23024766,   0.00000,0
1590798625.660731,1593,18feee3f,8,   0.000000,0.00000000,0.00000000,  80.56250,0
1590798657.121456,1596,1cfd083f,8,   7.953200,0.83042738,2.23024766,   0.00000,0
1590798657.122035,1597,18feee3f,8,   0.000000,0.00000000,0.00000000,  80.56250,0
1590798688.584706,1600,1cfd083f,8,   7.953200,0.83042738,2.23024766,   0.00000,0
1590798688.585283,1601,18feee3f,8,   0.000000,0.00000000,0.00000000,  80.56250,0
1590798720.044018,1604,1cfd083f,8,   7.953200,0.82981693,2.23073595,   0.00000,0
1590798720.044573,1605,18feee3f,8,   0.000000,0.00000000,0.00000000,  80.78125,0
1590798751.505305,1608,1cfd083f,8,   7.953200,0.82981693,2.23073595,   0.00000,0
1590798751.505844,1609,18feee3f,8,   0.000000,0.00000000,0.00000000,  80.78125,0
1590798782.968141,1612,1cfd083f,8,   7.953200,0.82981693,2.23073595,   0.00000,0
1590798782.968684,1613,18feee3f,8,   0.000000,0.00000000,0.00000000,  80.78125,0
1590798814.427839,1616,1cfd083f,8,   7.859449,0.83061052,2.23061388,   0.00000,0
1590798814.428402,1617,18feee3f,8,   0.000000,0.00000000,0.00000000,  80.87500,0
1590798845.889100,1620,1cfd083f,8,   7.859449,0.83061052,2.23061388,   0.00000,0
1590798845.889679,1621,18feee3f,8,   0.000000,0.00000000,0.00000000,  80.90625,0
1590798877.351557,1624,1cfd083f,8,   7.859449,0.83061052,2.23061388,   0.00000,0
1590798877.352129,1625,18feee3f,8,   0.000000,0.00000000,0.00000000,  80.90625,0
1590798908.811666,1628,1cfd083f,8,   7.843824,0.83000007,2.23000352,   0.00000,0
1590798908.812240,1629,18feee3f,8,   0.000000,0.00000000,0.00000000,  80.93750,0
1590798940.272929,1632,1cfd083f,8,   7.843824,0.83000007,2.23000352,   0.00000,0
1590798940.273504,1633,18feee3f,8,   0.000000,0.00000000,0.00000000,  80.96875,0
1590798971.734975,1636,1cfd083f,8,   7.843824,0.83000007,2.23000352,   0.00000,0
1590798971.735572,1637,18feee3f,8,   0.000000,0.00000000,0.00000000,  80.96875,0
1590799003.195506,1640,1cfd083f,8,   7.843824,0.83000007,2.23000352,   0.00000,0
1590799003.196046,1641,18feee3f,8,   0.000000,0.00000000,0.00000000,  80.96875,0
1590799034.656780,1644,1cfd083f,8,   7.828198,0.82954223,2.23012559,   0.00000,0
1590799034.657318,1645,18feee3f,8,   0.000000,0.00000000,0.00000000,  80.96875,0
1590799066.118402,1648,1cfd083f,8,   7.828198,0.82954223,2.23012559,   0.00000,0
1590799066.118982,1649,18feee3f,8,   0.000000,0.00000000,0.00000000,  80.96875,0
1590799097.579316,1652,1cfd083f,8,   7.828198,0.82954223,2.23012559,   0.00000,0
1590799097.579869,1653,18feee3f,8,   0.000000,0.00000000,0.00000000,  80.96875,0
1590799129.040584,1656,1cfd083f,8,   7.765698,0.83073261,2.22988145,   0.00000,0
1590799129.041159,1657,18feee3f,8,   0.000000,0.00000000,0.00000000,  80.87500,0
1590799160.501880,1660,1cfd083f,8,   7.765698,0.83073261,2.22988145,   0.00000,0
1590799160.502450,1661,18feee3f,8,   0.000000,0.00000000,0.00000000,  80.87500,0
1590799191.963133,1664,1cfd083f,8,   7.765698,0.83073261,2.22988145,   0.00000,0
1590799191.963708,1665,18feee3f,8,   0.000000,0.00000000,0.00000000,  80.87500,0
1590799223.424399,1668,1cfd083f,8,   7.812573,0.83015268,2.22939316,   0.00000,0
1590799223.424974,1669,18feee3f,8,   0.000000,0.00000000,0.00000000,  80.78125,0
1590799254.885733,1672,1cfd083f,8,   7.812573,0.83015268,2.22939316,   0.00000,0
1590799254.886266,1673,18feee3f,8,   0.000000,0.00000000,0.00000000,  80.78125,0
1590799286.346980,1676,1cfd083f,8,   7.812573,0.83015268,2.22939316,   0.00000,0
1590799286.347518,1677,18feee3f,8,   0.000000,0.00000000,0.00000000,  80.78125,0
1590799317.808237,1680,1cfd083f,8,   7.859449,0.82960328,2.22927109,   0.00000,0
1590799317.808794,1681,18feee3f,8,   0.000000,0.00000000,0.00000000,  80.65625,0
1590799349.269536,1684,1cfd083f,8,   7.859449,0.82960328,2.22927109,   0.00000,0
1590799349.270100,1685,18feee3f,8,   0.000000,0.00000000,0.00000000,  80.65625,0
1590799380.730808,1688,1cfd083f,8,   7.859449,0.82960328,2.22927109,   0.00000,0
1590799380.731367,1689,18feee3f,8,   0.000000,0.00000000,0.00000000,  80.65625,0
1590799412.192096,1692,1cfd083f,8,   7.843824,0.83018320,2.23000352,   0.00000,0
1590799412.192663,1693,18feee3f,8,   0.000000,0.00000000,0.00000000,  80.50000,0
1590799443.653363,1696,1cfd083f,8,   7.843824,0.83018320,2.23000352,   0.00000,0
1590799443.653948,1697,18feee3f,8,   0.000000,0.00000000,0.00000000,  80.46875,0
1590799475.116630,1700,1cfd083f,8,   7.843824,0.83018320,2.23000352,   0.00000,0
1590799475.117170,1701,18feee3f,8,   0.000000,0.00000000,0.00000000,  80.46875,0
1590799506.575936,1704,1cfd083f,8,   7.906324,0.82938962,2.23000352,   0.00000,0
1590799506.576517,1705,18feee3f,8,   0.000000,0.00000000,0.00000000,  80.28125,0
1590799538.037220,1708,1cfd083f,8,   7.906324,0.82938962,2.23000352,   0.00000,0
1590799538.037789,1709,18feee3f,8,   0.000000,0.00000000,0.00000000,  80.25000,0
1590799569.500099,1712,1cfd083f,8,   7.906324,0.82938962,2.23000352,   0.00000,0
1590799569.500619,1713,18feee3f,8,   0.000000,0.00000000,0.00000000,  80.25000,0
1590799600.959753,1716,1cfd083f,8,   7.906324,0.82938962,2.23000352,   0.00000,0
1590799600.960357,1717,18feee3f,8,   0.000000,0.00000000,0.00000000,  80.25000,0
1590799632.421055,1720,1cfd083f,8,   7.890699,0.83109888,2.22963730,   0.00000,0
1590799632.421599,1721,18feee3f,8,   0.000000,0.00000000,0.00000000,  80.12500,0
1590799663.883503,1724,1cfd083f,8,   7.890699,0.83109888,2.22963730,   0.00000,0
1590799663.884040,1725,18feee3f,8,   0.000000,0.00000000,0.00000000,  80.12500,0
1590799695.343606,1728,1cfd083f,8,   7.890699,0.83109888,2.22963730,   0.00000,0
1590799695.344181,1729,18feee3f,8,   0.000000,0.00000000,0.00000000,  80.12500,0
1590799726.804858,1732,1cfd083f,8,   7.937574,0.83091575,2.23024766,   0.00000,0
1590799726.805426,1733,18feee3f,8,   0.000000,0.00000000,0.00000000,  80.06250,0
1590799758.266898,1736,1cfd083f,8,   7.937574,0.83091575,2.23024766,   0.00000,0
1590799758.267472,1737,18feee3f,8,   0.000000,0.00000000,0.00000000,  80.06250,0
1590799789.727486,1740,1cfd083f,8,   7.937574,0.83091575,2.23024766,   0.00000,0
1590799789.727985,1741,18feee3f,8,   0.000000,0.00000000,0.00000000,  80.06250,0
1590799821.188708,1744,1cfd083f,8,   7.953200,0.83079366,2.23122423,   0.00000,0
1590799821.189283,1745,18feee3f,8,   0.000000,0.00000000,0.00000000,  80.15625,0
1590799852.650346,1748,1cfd083f,8,   7.953200,0.83079366,2.23122423,   0.00000,0
1590799852.650919,1749,18feee3f,8,   0.000000,0.00000000,0.00000000,  80.15625,0
1590799884.111265,1752,1cfd083f,8,   7.953200,0.83079366,2.23122423,   0.00000,0
1590799884.111808,1753,18feee3f,8,   0.000000,0.00000000,0.00000000,  80.15625,0
1590799915.572546,1756,1cfd083f,8,   0.515630,0.83058000,2.23024766,   0.00000,0
1590799915.573139,1757,18feee3f,8,   0.000000,0.00000000,0.00000000,  80.40625,0
1590799947.033815,1760,1cfd083f,8,   0.515630,0.83058000,2.23024766,   0.00000,0
1590799947.034395,1761,18feee3f,8,   0.000000,0.00000000,0.00000000,  80.46875,0
1590799978.495070,1764,1cfd083f,8,   0.515630,0.83058000,2.23024766,   0.00000,0
1590799978.495637,1765,18feee3f,8,   0.000000,0.00000000,0.00000000,  80.46875,0
1590800009.956350,1768,1cfd083f,8,   0.515630,0.83058000,2.23024766,   0.00000,0
1590800009.956923,1769,18feee3f,8,   0.000000,0.00000000,0.00000000,  80.46875,0
1590800041.419591,1772,1cfd083f,8,   0.500005,0.83051895,2.23098009,   0.00000,0
1590800041.420151,1773,18feee3f,8,   0.000000,0.00000000,0.00000000,  80.62500,0
1590800072.878901,1776,1cfd083f,8,   0.500005,0.83051895,2.23098009,   0.00000,0
1590800072.879479,1777,18feee3f,8,   0.000000,0.00000000,0.00000000,  80.62500,0
1590800104.340195,1780,1cfd083f,8,   0.500005,0.83051895,2.23098009,   0.00000,0
1590800104.340739,1781,18feee3f,8,   0.000000,0.00000000,0.00000000,  80.62500,0
1590800135.803011,1784,1cfd083f,8,   7.906324,0.83021373,2.23049180,   0.00000,0
1590800135.803586,1785,18feee3f,8,   0.000000,0.00000000,0.00000000,  80.68750,0
1590800167.262717,1788,1cfd083f,8,   7.906324,0.83021373,2.23049180,   0.00000,0
1590800167.263286,1789,18feee3f,8,   0.000000,0.00000000,0.00000000,  80.68750,0
1590800198.724007,1792,1cfd083f,8,   7.906324,0.83021373,2.23049180,   0.00000,0
1590800198.724574,1793,18feee3f,8,   0.000000,0.00000000,0.00000000,  80.68750,0
1590800230.185281,1796,1cfd083f,8,   7.906324,0.83021373,2.23049180,   0.00000,0
1590800230.185846,1797,18feee3f,8,   0.000000,0.00000000,0.00000000,  80.68750,0
1590800261.648499,1800,1cfd083f,8,   7.937574,0.82945066,2.23024766,   0.00000,0
1590800261.649071,1801,18feee3f,8,   0.000000,0.00000000,0.00000000,  80.81250,0
1590800293.107818,1804,1cfd083f,8,   7.937574,0.82945066,2.23024766,   0.00000,0
1590800293.108387,1805,18feee3f,8,   0.000000,0.00000000,0.00000000,  80.81250,0
1590800324.569128,1808,1cfd083f,8,   7.937574,0.82945066,2.23024766,   0.00000,0
1590800324.569662,1809,18feee3f,8,   0.000000,0.00000000,0.00000000,  80.81250,0
1590800356.030379,1812,1cfd083f,8,   7.812573,0.83082418,2.23061388,   0.00000,0
1590800356.030961,1813,18feee3f,8,   0.000000,0.00000000,0.00000000,  80.87500,0
1590800387.491643,1816,1cfd083f,8,   7.812573,0.83082418,2.23061388,   0.00000,0
1590800387.492228,1817,18feee3f,8,   0.000000,0.00000000,0.00000000,  80.90625,0
1590800418.952909,1820,1cfd083f,8,   7.812573,0.83082418,2.23061388,   0.00000,0
1590800418.953489,1821,18feee3f,8,   0.000000,0.00000000,0.00000000,  80.90625,0
1590800450.414203,1824,1cfd083f,8,   7.828198,0.83024425,2.22951523,   0.00000,0
1590800450.414751,1825,18feee3f,8,   0.000000,0.00000000,0.00000000,  80.81250,0
1590800481.875441,1828,1cfd083f,8,   7.828198,0.83024425,2.22951523,   0.00000,0
1590800481.876020,1829,18feee3f,8,   0.000000,0.00000000,0.00000000,  80.84375,0
