timestamp,count,id,Viscosity (cp),Density (gm/cc),Dielectric constant (-),Temperature (C), Status
1590698628.602495,0,1cfd083f,8,  10.843852,0.84043879,2.26454977,   0.00000,0
1590698628.602900,1,18feee3f,8,   0.000000,0.00000000,0.00000000,  77.06250,0
1590698660.063660,4,1cfd083f,8,   9.312587,0.83680660,0.14221338,   0.00000,0
1590698660.064221,5,18feee3f,8,   0.000000,0.00000000,0.00000000,  79.87500,0
1590698691.525010,8,1cfd083f,8,   9.312587,0.83680660,0.14221338,   0.00000,0
1590698691.525565,9,18feee3f,8,   0.000000,0.00000000,0.00000000,  79.87500,0
1590698722.986364,12,1cfd083f,8,   9.312587,0.83680660,0.14221338,   0.00000,0
1590698722.986923,13,18feee3f,8,   0.000000,0.00000000,0.00000000,  79.87500,0
1590698754.447694,16,1cfd083f,8,   8.562580,0.83280814,2.24147825,   0.00000,0
1590698754.448254,17,18feee3f,8,   0.000000,0.00000000,0.00000000,  81.15625,0
1590698785.909074,20,1cfd083f,8,   8.562580,0.83280814,2.24147825,   0.00000,0
1590698785.909634,21,18feee3f,8,   0.000000,0.00000000,0.00000000,  81.18750,0
1590698817.370424,24,1cfd083f,8,   8.562580,0.83280814,2.24147825,   0.00000,0
1590698817.370970,25,18feee3f,8,   0.000000,0.00000000,0.00000000,  81.18750,0
1590698848.831775,28,1cfd083f,8,   0.515630,0.83030529,2.23427602,   0.00000,0
1590698848.832369,29,18feee3f,8,   0.000000,0.00000000,0.00000000,  81.03125,0
1590698880.293122,32,1cfd083f,8,   0.515630,0.83030529,2.23427602,   0.00000,0
1590698880.293694,33,18feee3f,8,   0.000000,0.00000000,0.00000000,  80.96875,0
1590698911.754521,36,1cfd083f,8,   0.515630,0.83030529,2.23427602,   0.00000,0
1590698911.755081,37,18feee3f,8,   0.000000,0.00000000,0.00000000,  80.96875,0
1590698943.217018,40,1cfd083f,8,   0.515630,0.83030529,2.23427602,   0.00000,0
1590698943.217600,41,18feee3f,8,   0.000000,0.00000000,0.00000000,  80.96875,0
1590698974.677200,44,1cfd083f,8,   0.531255,0.82884021,2.22902695,   0.00000,0
1590698974.677849,45,18feee3f,8,   0.000000,0.00000000,0.00000000,  79.93750,0
1590699006.138575,48,1cfd083f,8,   0.531255,0.82884021,2.22902695,   0.00000,0
1590699006.139162,49,18feee3f,8,   0.000000,0.00000000,0.00000000,  79.93750,0
1590699037.600730,52,1cfd083f,8,   0.531255,0.82884021,2.22902695,   0.00000,0
1590699037.601289,53,18feee3f,8,   0.000000,0.00000000,0.00000000,  79.93750,0
1590699069.061309,56,1cfd083f,8,   7.859449,0.82938962,2.22890487,   0.00000,0
1590699069.061892,57,18feee3f,8,   0.000000,0.00000000,0.00000000,  78.68750,0
1590699100.522678,60,1cfd083f,8,   7.859449,0.82938962,2.22890487,   0.00000,0
1590699100.523284,61,18feee3f,8,   0.000000,0.00000000,0.00000000,  78.68750,0
1590699131.984440,64,1cfd083f,8,   7.859449,0.82938962,2.22890487,   0.00000,0
1590699131.985013,65,18feee3f,8,   0.000000,0.00000000,0.00000000,  78.68750,0
1590699163.445434,68,1cfd083f,8,   0.562505,0.82984746,2.22890487,   0.00000,0
1590699163.446015,69,18feee3f,8,   0.000000,0.00000000,0.00000000,  77.87500,0
1590699194.906800,72,1cfd083f,8,   0.562505,0.82984746,2.22890487,   0.00000,0
1590699194.907382,73,18feee3f,8,   0.000000,0.00000000,0.00000000,  77.87500,0
1590699226.368156,76,1cfd083f,8,   0.562505,0.82984746,2.22890487,   0.00000,0
1590699226.368744,77,18feee3f,8,   0.000000,0.00000000,0.00000000,  77.87500,0
1590699257.829529,80,1cfd083f,8,   0.703132,0.83271658,2.23098009,   0.00000,0
1590699257.830124,81,18feee3f,8,   0.000000,0.00000000,0.00000000,  77.75000,0
1590699289.290895,84,1cfd083f,8,   0.703132,0.83271658,2.23098009,   0.00000,0
1590699289.291465,85,18feee3f,8,   0.000000,0.00000000,0.00000000,  77.75000,0
1590699320.752272,88,1cfd083f,8,   0.703132,0.83271658,2.23098009,   0.00000,0
1590699320.752852,89,18feee3f,8,   0.000000,0.00000000,0.00000000,  77.75000,0
1590699352.213652,92,1cfd083f,8,   0.703132,0.83271658,2.23098009,   0.00000,0
1590699352.214224,93,18feee3f,8,   0.000000,0.00000000,0.00000000,  77.75000,0
1590699383.675026,96,1cfd083f,8,   8.390704,0.83387643,2.23220081,   0.00000,0
1590699383.675638,97,18feee3f,8,   0.000000,0.00000000,0.00000000,  78.53125,0
1590699415.136385,100,1cfd083f,8,   8.390704,0.83387643,2.23220081,   0.00000,0
1590699415.136964,101,18feee3f,8,   0.000000,0.00000000,0.00000000,  78.53125,0
1590699446.597773,104,1cfd083f,8,   8.390704,0.83387643,2.23220081,   0.00000,0
1590699446.598316,105,18feee3f,8,   0.000000,0.00000000,0.00000000,  78.53125,0
1590699478.059144,108,1cfd083f,8,   8.390704,0.83387643,2.23220081,   0.00000,0
1590699478.059708,109,18feee3f,8,   0.000000,0.00000000,0.00000000,  78.53125,0
1590699509.520519,112,1cfd083f,8,   8.484455,0.83256396,2.23342152,   0.00000,0
1590699509.521057,113,18feee3f,8,   0.000000,0.00000000,0.00000000,  79.56250,0
1590699540.983831,116,1cfd083f,8,   8.484455,0.83256396,2.23342152,   0.00000,0
1590699540.984404,117,18feee3f,8,   0.000000,0.00000000,0.00000000,  79.56250,0
1590699572.443258,120,1cfd083f,8,   8.484455,0.83256396,2.23342152,   0.00000,0
1590699572.443794,121,18feee3f,8,   0.000000,0.00000000,0.00000000,  79.56250,0
1590699603.905380,124,1cfd083f,8,   8.250077,0.83283867,2.22963730,   0.00000,0
1590699603.905946,125,18feee3f,8,   0.000000,0.00000000,0.00000000,  80.15625,0
1590699635.367566,128,1cfd083f,8,   8.250077,0.83283867,2.22963730,   0.00000,0
1590699635.368120,129,18feee3f,8,   0.000000,0.00000000,0.00000000,  80.15625,0
1590699666.827396,132,1cfd083f,8,   8.250077,0.83283867,2.22963730,   0.00000,0
1590699666.827939,133,18feee3f,8,   0.000000,0.00000000,0.00000000,  80.15625,0
1590699698.289104,136,1cfd083f,8,   0.578130,0.83198404,2.23000352,   0.00000,0
1590699698.289689,137,18feee3f,8,   0.000000,0.00000000,0.00000000,  80.31250,0
1590699729.751305,140,1cfd083f,8,   0.578130,0.83198404,2.23000352,   0.00000,0
1590699729.751849,141,18feee3f,8,   0.000000,0.00000000,0.00000000,  80.31250,0
1590699761.211492,144,1cfd083f,8,   0.578130,0.83198404,2.23000352,   0.00000,0
1590699761.212072,145,18feee3f,8,   0.000000,0.00000000,0.00000000,  80.31250,0
1590699792.672872,148,1cfd083f,8,   7.984450,0.83143463,2.22707380,   0.00000,0
1590699792.673431,149,18feee3f,8,   0.000000,0.00000000,0.00000000,  80.06250,0
1590699824.135040,152,1cfd083f,8,   7.984450,0.83143463,2.22707380,   0.00000,0
1590699824.135583,153,18feee3f,8,   0.000000,0.00000000,0.00000000,  80.06250,0
1590699855.595648,156,1cfd083f,8,   7.984450,0.83143463,2.22707380,   0.00000,0
1590699855.596190,157,18feee3f,8,   0.000000,0.00000000,0.00000000,  80.06250,0
1590699887.057016,160,1cfd083f,8,   7.984450,0.83143463,2.22707380,   0.00000,0
1590699887.057559,161,18feee3f,8,   0.000000,0.00000000,0.00000000,  80.06250,0
1590699918.518753,164,1cfd083f,8,   7.984450,0.83039686,2.22658551,   0.00000,0
1590699918.519329,165,18feee3f,8,   0.000000,0.00000000,0.00000000,  79.90625,0
1590699949.979779,168,1cfd083f,8,   7.984450,0.83039686,2.22658551,   0.00000,0
1590699949.980320,169,18feee3f,8,   0.000000,0.00000000,0.00000000,  79.90625,0
1590699981.441143,172,1cfd083f,8,   7.984450,0.83039686,2.22658551,   0.00000,0
1590699981.441716,173,18feee3f,8,   0.000000,0.00000000,0.00000000,  79.90625,0
1590700012.902500,176,1cfd083f,8,   7.968825,0.83079366,2.22768416,   0.00000,0
1590700012.903065,177,18feee3f,8,   0.000000,0.00000000,0.00000000,  79.75000,0
1590700044.363878,180,1cfd083f,8,   7.968825,0.83079366,2.22768416,   0.00000,0
1590700044.364479,181,18feee3f,8,   0.000000,0.00000000,0.00000000,  79.75000,0
1590700075.825261,184,1cfd083f,8,   7.968825,0.83079366,2.22768416,   0.00000,0
1590700075.825825,185,18feee3f,8,   0.000000,0.00000000,0.00000000,  79.75000,0
1590700107.288616,188,1cfd083f,8,   0.546880,0.83067156,2.22792830,   0.00000,0
1590700107.289169,189,18feee3f,8,   0.000000,0.00000000,0.00000000,  79.87500,0
1590700138.748037,192,1cfd083f,8,   0.546880,0.83067156,2.22792830,   0.00000,0
1590700138.748607,193,18feee3f,8,   0.000000,0.00000000,0.00000000,  79.87500,0
1590700170.209404,196,1cfd083f,8,   0.546880,0.83067156,2.22792830,   0.00000,0
1590700170.209981,197,18feee3f,8,   0.000000,0.00000000,0.00000000,  79.87500,0
1590700201.670806,200,1cfd083f,8,   0.546880,0.83067156,2.22792830,   0.00000,0
1590700201.671343,201,18feee3f,8,   0.000000,0.00000000,0.00000000,  79.87500,0
1590700233.132152,204,1cfd083f,8,   0.546880,0.83140411,2.22744001,   0.00000,0
1590700233.132726,205,18feee3f,8,   0.000000,0.00000000,0.00000000,  80.18750,0
1590700264.593519,208,1cfd083f,8,   0.546880,0.83140411,2.22744001,   0.00000,0
1590700264.594149,209,18feee3f,8,   0.000000,0.00000000,0.00000000,  80.18750,0
1590700296.054903,212,1cfd083f,8,   0.546880,0.83140411,2.22744001,   0.00000,0
1590700296.055486,213,18feee3f,8,   0.000000,0.00000000,0.00000000,  80.18750,0
