timestamp,count,id,dlc,Viscosity (cp),Density (gm/cc),Dielectric constant (-),Temperature (C), Status
1592492257.938486,0,1cfd083f,8,  13.093873,0.80585672,0.13903952,   0.00000,0
1592492257.938908,1,18feee3f,8,   0.000000,0.00000000,0.00000000,  82.18750,0
1592492289.399579,4,1cfd083f,8,  13.515752,0.80839009,2.21303557,   0.00000,0
1592492289.400172,5,18feee3f,8,   0.000000,0.00000000,0.00000000,  83.59375,0
1592492320.860850,8,1cfd083f,8,  13.515752,0.80839009,2.21303557,   0.00000,0
1592492320.861431,9,18feee3f,8,   0.000000,0.00000000,0.00000000,  83.34375,0
1592492352.322094,12,1cfd083f,8,  13.515752,0.80839009,2.21303557,   0.00000,0
1592492352.322665,13,18feee3f,8,   0.000000,0.00000000,0.00000000,  83.34375,0
1592492383.783732,16,1cfd083f,8,  13.515752,0.80839009,2.21303557,   0.00000,0
1592492383.784309,17,18feee3f,8,   0.000000,0.00000000,0.00000000,  83.34375,0
1592492415.244616,20,1cfd083f,8,  14.359510,0.83271658,2.22267922,   0.00000,0
1592492415.245194,21,18feee3f,8,   0.000000,0.00000000,0.00000000,  80.31250,0
1592492446.705898,24,1cfd083f,8,  14.359510,0.83271658,2.22267922,   0.00000,0
1592492446.706452,25,18feee3f,8,   0.000000,0.00000000,0.00000000,  80.28125,0
1592492478.167139,28,1cfd083f,8,  14.359510,0.83271658,2.22267922,   0.00000,0
1592492478.167714,29,18feee3f,8,   0.000000,0.00000000,0.00000000,  80.28125,0
1592492509.628392,32,1cfd083f,8,  14.359510,0.83271658,2.22267922,   0.00000,0
1592492509.628957,33,18feee3f,8,   0.000000,0.00000000,0.00000000,  80.28125,0
1592492541.089677,36,1cfd083f,8,  13.343875,0.82227786,0.13916159,   0.00000,0
1592492541.090221,37,18feee3f,8,   0.000000,0.00000000,0.00000000,  77.03125,0
1592492572.550916,40,1cfd083f,8,  13.343875,0.82227786,0.13916159,   0.00000,0
1592492572.551489,41,18feee3f,8,   0.000000,0.00000000,0.00000000,  76.96875,0
1592492604.012161,44,1cfd083f,8,  13.343875,0.82227786,0.13916159,   0.00000,0
1592492604.012739,45,18feee3f,8,   0.000000,0.00000000,0.00000000,  76.96875,0
1592492635.473412,48,1cfd083f,8,  13.343875,0.82227786,0.13916159,   0.00000,0
1592492635.473978,49,18feee3f,8,   0.000000,0.00000000,0.00000000,  76.96875,0
1592492666.936229,52,1cfd083f,8,  14.281384,0.82459757,2.22243508,   0.00000,0
1592492666.936810,53,18feee3f,8,   0.000000,0.00000000,0.00000000,  73.87500,0
1592492698.395925,56,1cfd083f,8,  14.281384,0.82459757,2.22243508,   0.00000,0
1592492698.396480,57,18feee3f,8,   0.000000,0.00000000,0.00000000,  73.90625,0
1592492729.857132,60,1cfd083f,8,  14.281384,0.82459757,2.22243508,   0.00000,0
1592492729.857725,61,18feee3f,8,   0.000000,0.00000000,0.00000000,  73.90625,0
1592492761.318393,64,1cfd083f,8,  14.281384,0.82459757,2.22243508,   0.00000,0
1592492761.318944,65,18feee3f,8,   0.000000,0.00000000,0.00000000,  73.90625,0
1592492792.781573,68,1cfd083f,8,  15.609521,0.82710042,2.22817244,   0.00000,0
1592492792.782162,69,18feee3f,8,   0.000000,0.00000000,0.00000000,  75.78125,0
1592492824.240869,72,1cfd083f,8,  15.609521,0.82710042,2.22817244,   0.00000,0
1592492824.241434,73,18feee3f,8,   0.000000,0.00000000,0.00000000,  75.78125,0
1592492855.702110,76,1cfd083f,8,  15.609521,0.82710042,2.22817244,   0.00000,0
1592492855.702677,77,18feee3f,8,   0.000000,0.00000000,0.00000000,  75.78125,0
1592492887.164899,80,1cfd083f,8,  15.609521,0.82710042,2.22817244,   0.00000,0
1592492887.165473,81,18feee3f,8,   0.000000,0.00000000,0.00000000,  75.78125,0
1592492918.624593,84,1cfd083f,8,  15.875149,0.05197993,2.22121436,   0.00000,0
1592492918.625160,85,18feee3f,8,   0.000000,0.00000000,0.00000000,  78.62500,0
1592492950.085843,88,1cfd083f,8,  15.875149,0.05197993,2.22121436,   0.00000,0
1592492950.086476,89,18feee3f,8,   0.000000,0.00000000,0.00000000,  78.65625,0
1592492981.548227,92,1cfd083f,8,  15.875149,0.05197993,2.22121436,   0.00000,0
1592492981.548820,93,18feee3f,8,   0.000000,0.00000000,0.00000000,  78.65625,0
1592493013.008303,96,1cfd083f,8,  15.875149,0.05197993,2.22121436,   0.00000,0
1592493013.008880,97,18feee3f,8,   0.000000,0.00000000,0.00000000,  78.65625,0
1592493044.469649,100,1cfd083f,8,  15.343894,0.82594057,2.22121436,   0.00000,0
1592493044.470190,101,18feee3f,8,   0.000000,0.00000000,0.00000000,  79.93750,0
1592493075.931779,104,1cfd083f,8,  15.343894,0.82594057,2.22121436,   0.00000,0
1592493075.932328,105,18feee3f,8,   0.000000,0.00000000,0.00000000,  79.93750,0
1592493107.392371,108,1cfd083f,8,  15.343894,0.82594057,2.22121436,   0.00000,0
1592493107.392917,109,18feee3f,8,   0.000000,0.00000000,0.00000000,  79.93750,0
1592493138.853719,112,1cfd083f,8,  15.343894,0.82594057,2.22121436,   0.00000,0
1592493138.854304,113,18feee3f,8,   0.000000,0.00000000,0.00000000,  79.93750,0
1592493170.315470,116,1cfd083f,8,  14.297009,0.82536064,2.21633150,   0.00000,0
1592493170.316047,117,18feee3f,8,   0.000000,0.00000000,0.00000000,  79.96875,0
1592493201.776465,120,1cfd083f,8,  14.297009,0.82536064,2.21633150,   0.00000,0
1592493201.777006,121,18feee3f,8,   0.000000,0.00000000,0.00000000,  79.96875,0
1592493233.237792,124,1cfd083f,8,  14.297009,0.82536064,2.21633150,   0.00000,0
1592493233.238380,125,18feee3f,8,   0.000000,0.00000000,0.00000000,  79.96875,0
1592493264.699150,128,1cfd083f,8,  14.297009,0.82536064,2.21633150,   0.00000,0
1592493264.699725,129,18feee3f,8,   0.000000,0.00000000,0.00000000,  79.96875,0
1592493296.160470,132,1cfd083f,8,  13.922006,0.82462810,2.21376800,   0.00000,0
1592493296.161031,133,18feee3f,8,   0.000000,0.00000000,0.00000000,-250.62500,0
1592493327.621795,136,1cfd083f,8,  13.922006,0.82462810,2.21376800,   0.00000,0
1592493327.622390,137,18feee3f,8,   0.000000,0.00000000,0.00000000,-250.62500,0
1592493359.083128,140,1cfd083f,8,  13.922006,0.82462810,2.21376800,   0.00000,0
1592493359.083692,141,18feee3f,8,   0.000000,0.00000000,0.00000000,-250.62500,0
1592493390.544471,144,1cfd083f,8,  14.078257,0.82407869,2.21547700,   0.00000,0
1592493390.545053,145,18feee3f,8,   0.000000,0.00000000,0.00000000,  78.90625,0
1592493422.005794,148,1cfd083f,8,  14.078257,0.82407869,2.21547700,   0.00000,0
1592493422.006361,149,18feee3f,8,   0.000000,0.00000000,0.00000000,  78.87500,0
1592493453.467119,152,1cfd083f,8,  14.078257,0.82407869,2.21547700,   0.00000,0
1592493453.467691,153,18feee3f,8,   0.000000,0.00000000,0.00000000,  78.87500,0
1592493484.928437,156,1cfd083f,8,  14.343884,0.82563534,2.21547700,   0.00000,0
1592493484.929008,157,18feee3f,8,   0.000000,0.00000000,0.00000000,  78.84375,0
1592493516.389753,160,1cfd083f,8,  14.343884,0.82563534,2.21547700,   0.00000,0
1592493516.390308,161,18feee3f,8,   0.000000,0.00000000,0.00000000,  78.87500,0
1592493547.851083,164,1cfd083f,8,  14.343884,0.82563534,2.21547700,   0.00000,0
1592493547.851603,165,18feee3f,8,   0.000000,0.00000000,0.00000000,  78.87500,0
1592493579.314311,168,1cfd083f,8,  14.343884,0.82563534,2.21547700,   0.00000,0
1592493579.314906,169,18feee3f,8,   0.000000,0.00000000,0.00000000,  78.87500,0
1592493610.773651,172,1cfd083f,8,  14.343884,0.82563534,2.21547700,   0.00000,0
1592493610.774236,173,18feee3f,8,   0.000000,0.00000000,0.00000000,  78.87500,0
1592493642.234940,176,1cfd083f,8,  14.500136,0.82615423,2.21669772,   0.00000,0
1592493642.235532,177,18feee3f,8,   0.000000,0.00000000,0.00000000,-250.56250,0
1592493673.697830,180,1cfd083f,8,  14.500136,0.82615423,2.21669772,   0.00000,0
1592493673.698370,181,18feee3f,8,   0.000000,0.00000000,0.00000000,-250.56250,0
1592493705.157537,184,1cfd083f,8,  14.500136,0.82615423,2.21669772,   0.00000,0
1592493705.158106,185,18feee3f,8,   0.000000,0.00000000,0.00000000,-250.56250,0
1592493736.619206,188,1cfd083f,8,  14.703263,0.82478071,2.21791843,   0.00000,0
1592493736.619763,189,18feee3f,8,   0.000000,0.00000000,0.00000000,  80.03125,0
1592493768.081313,192,1cfd083f,8,  14.703263,0.82478071,2.21791843,   0.00000,0
1592493768.081880,193,18feee3f,8,   0.000000,0.00000000,0.00000000,  80.03125,0
1592493799.541463,196,1cfd083f,8,  14.703263,0.82478071,2.21791843,   0.00000,0
1592493799.542001,197,18feee3f,8,   0.000000,0.00000000,0.00000000,  80.03125,0
1592493831.002732,200,1cfd083f,8,  14.437635,0.82481123,2.21718600,   0.00000,0
1592493831.003308,201,18feee3f,8,   0.000000,0.00000000,0.00000000,  80.50000,0
1592493862.464804,204,1cfd083f,8,  14.437635,0.82481123,2.21718600,   0.00000,0
1592493862.465342,205,18feee3f,8,   0.000000,0.00000000,0.00000000,  80.50000,0
1592493893.925306,208,1cfd083f,8,  14.437635,0.82481123,2.21718600,   0.00000,0
1592493893.925885,209,18feee3f,8,   0.000000,0.00000000,0.00000000,  80.50000,0
1592493925.386599,212,1cfd083f,8,  14.437635,0.82481123,2.21718600,   0.00000,0
1592493925.387177,213,18feee3f,8,   0.000000,0.00000000,0.00000000,  80.50000,0
1592493956.848244,216,1cfd083f,8,  14.234508,0.82465862,2.21535493,   0.00000,0
1592493956.848815,217,18feee3f,8,   0.000000,0.00000000,0.00000000,  80.65625,0
1592493988.309168,220,1cfd083f,8,  14.234508,0.82465862,2.21535493,   0.00000,0
1592493988.309770,221,18feee3f,8,   0.000000,0.00000000,0.00000000,  80.65625,0
1592494019.770452,224,1cfd083f,8,  14.234508,0.82465862,2.21535493,   0.00000,0
1592494019.771016,225,18feee3f,8,   0.000000,0.00000000,0.00000000,  80.65625,0
1592494051.231743,228,1cfd083f,8,  14.000131,0.82520803,2.21413421,   0.00000,0
1592494051.232321,229,18feee3f,8,   0.000000,0.00000000,0.00000000,  80.59375,0
1592494082.693048,232,1cfd083f,8,  14.000131,0.82520803,2.21413421,   0.00000,0
1592494082.693579,233,18feee3f,8,   0.000000,0.00000000,0.00000000,  80.59375,0
1592494114.154299,236,1cfd083f,8,  14.000131,0.82520803,2.21413421,   0.00000,0
1592494114.154865,237,18feee3f,8,   0.000000,0.00000000,0.00000000,  80.59375,0
1592494145.617556,240,1cfd083f,8,  14.000131,0.82426183,2.21327971,   0.00000,0
1592494145.618126,241,18feee3f,8,   0.000000,0.00000000,0.00000000,  80.46875,0
1592494177.076865,244,1cfd083f,8,  14.000131,0.82426183,2.21327971,   0.00000,0
1592494177.077447,245,18feee3f,8,   0.000000,0.00000000,0.00000000,  80.43750,0
1592494208.538176,248,1cfd083f,8,  14.000131,0.82426183,2.21327971,   0.00000,0
1592494208.538742,249,18feee3f,8,   0.000000,0.00000000,0.00000000,  80.43750,0
1592494239.999449,252,1cfd083f,8,  14.000131,0.82426183,2.21327971,   0.00000,0
1592494240.000033,253,18feee3f,8,   0.000000,0.00000000,0.00000000,  80.43750,0
1592494271.460732,256,1cfd083f,8,  14.187633,0.82349876,2.21291350,   0.00000,0
1592494271.461297,257,18feee3f,8,   0.000000,0.00000000,0.00000000,  80.25000,0
1592494302.922010,260,1cfd083f,8,  14.187633,0.82349876,2.21291350,   0.00000,0
1592494302.922581,261,18feee3f,8,   0.000000,0.00000000,0.00000000,  80.25000,0
1592494334.383296,264,1cfd083f,8,  14.187633,0.82349876,2.21291350,   0.00000,0
1592494334.383861,265,18feee3f,8,   0.000000,0.00000000,0.00000000,  80.25000,0
1592494365.846524,268,1cfd083f,8,  14.187633,0.82349876,2.21291350,   0.00000,0
1592494365.847116,269,18feee3f,8,   0.000000,0.00000000,0.00000000,  80.25000,0
1592494397.305864,272,1cfd083f,8,  14.203258,0.82377347,2.21450043,   0.00000,0
1592494397.306430,273,18feee3f,8,   0.000000,0.00000000,0.00000000,  80.12500,0
1592494428.767116,276,1cfd083f,8,  14.203258,0.82377347,2.21450043,   0.00000,0
1592494428.767682,277,18feee3f,8,   0.000000,0.00000000,0.00000000,  80.12500,0
1592494460.229959,280,1cfd083f,8,  14.203258,0.82377347,2.21450043,   0.00000,0
1592494460.230531,281,18feee3f,8,   0.000000,0.00000000,0.00000000,  80.12500,0
1592494491.689666,284,1cfd083f,8,  14.281384,0.82441444,2.21413421,   0.00000,0
1592494491.690232,285,18feee3f,8,   0.000000,0.00000000,0.00000000,  80.18750,0
1592494523.150957,288,1cfd083f,8,  14.281384,0.82441444,2.21413421,   0.00000,0
1592494523.151549,289,18feee3f,8,   0.000000,0.00000000,0.00000000,  80.18750,0
1592494554.613405,292,1cfd083f,8,  14.281384,0.82441444,2.21413421,   0.00000,0
1592494554.613979,293,18feee3f,8,   0.000000,0.00000000,0.00000000,  80.18750,0
1592494586.073516,296,1cfd083f,8,  14.281384,0.82441444,2.21413421,   0.00000,0
1592494586.074154,297,18feee3f,8,   0.000000,0.00000000,0.00000000,  80.18750,0
1592494617.534765,300,1cfd083f,8,  14.281384,0.82426183,2.21474457,   0.00000,0
1592494617.535340,301,18feee3f,8,   0.000000,0.00000000,0.00000000,  80.46875,0
1592494648.996862,304,1cfd083f,8,  14.281384,0.82426183,2.21474457,   0.00000,0
1592494648.997404,305,18feee3f,8,   0.000000,0.00000000,0.00000000,  80.46875,0
1592494680.457349,308,1cfd083f,8,  14.281384,0.82426183,2.21474457,   0.00000,0
1592494680.457891,309,18feee3f,8,   0.000000,0.00000000,0.00000000,  80.46875,0
1592494711.918630,312,1cfd083f,8,  14.281384,0.82426183,2.21474457,   0.00000,0
1592494711.919172,313,18feee3f,8,   0.000000,0.00000000,0.00000000,  80.46875,0
1592494743.380262,316,1cfd083f,8,  14.312634,0.82471967,2.21498871,   0.00000,0
1592494743.380817,317,18feee3f,8,   0.000000,0.00000000,0.00000000,  80.68750,0
1592494774.841166,320,1cfd083f,8,  14.312634,0.82471967,2.21498871,   0.00000,0
1592494774.841732,321,18feee3f,8,   0.000000,0.00000000,0.00000000,  80.68750,0
1592494806.302439,324,1cfd083f,8,  14.312634,0.82471967,2.21498871,   0.00000,0
1592494806.303009,325,18feee3f,8,   0.000000,0.00000000,0.00000000,  80.68750,0
1592494837.763700,328,1cfd083f,8,  14.109507,0.82471967,2.21572114,   0.00000,0
1592494837.764279,329,18feee3f,8,   0.000000,0.00000000,0.00000000,  80.78125,0
1592494869.224968,332,1cfd083f,8,  14.109507,0.82471967,2.21572114,   0.00000,0
1592494869.225551,333,18feee3f,8,   0.000000,0.00000000,0.00000000,  80.78125,0
1592494900.686227,336,1cfd083f,8,  14.109507,0.82471967,2.21572114,   0.00000,0
1592494900.686801,337,18feee3f,8,   0.000000,0.00000000,0.00000000,  80.78125,0
1592494932.147516,340,1cfd083f,8,  14.109507,0.82471967,2.21572114,   0.00000,0
1592494932.148094,341,18feee3f,8,   0.000000,0.00000000,0.00000000,  80.78125,0
1592494963.608786,344,1cfd083f,8,  14.109507,0.82395660,2.21486664,   0.00000,0
1592494963.609363,345,18feee3f,8,   0.000000,0.00000000,0.00000000,  80.93750,0
1592494995.070036,348,1cfd083f,8,  14.109507,0.82395660,2.21486664,   0.00000,0
1592494995.070617,349,18feee3f,8,   0.000000,0.00000000,0.00000000,  80.93750,0
1592495026.531333,352,1cfd083f,8,  14.109507,0.82395660,2.21486664,   0.00000,0
1592495026.531911,353,18feee3f,8,   0.000000,0.00000000,0.00000000,  80.93750,0
1592495057.992593,356,1cfd083f,8,  14.078257,0.82362085,2.21327971,   0.00000,0
1592495057.993157,357,18feee3f,8,   0.000000,0.00000000,0.00000000,  80.96875,0
1592495089.453882,360,1cfd083f,8,  14.078257,0.82362085,2.21327971,   0.00000,0
1592495089.454483,361,18feee3f,8,   0.000000,0.00000000,0.00000000,  80.96875,0
1592495120.915250,364,1cfd083f,8,  14.078257,0.82362085,2.21327971,   0.00000,0
1592495120.915840,365,18feee3f,8,   0.000000,0.00000000,0.00000000,  80.96875,0
1592495152.378560,368,1cfd083f,8,  14.078257,0.82362085,2.21327971,   0.00000,0
1592495152.379144,369,18feee3f,8,   0.000000,0.00000000,0.00000000,  80.96875,0
1592495183.837946,372,1cfd083f,8,  13.984506,0.82355981,2.21474457,   0.00000,0
1592495183.838526,373,18feee3f,8,   0.000000,0.00000000,0.00000000,  81.00000,0
1592495215.299285,376,1cfd083f,8,  13.984506,0.82355981,2.21474457,   0.00000,0
1592495215.299854,377,18feee3f,8,   0.000000,0.00000000,0.00000000,  81.00000,0
1592495246.762180,380,1cfd083f,8,  13.984506,0.82355981,2.21474457,   0.00000,0
1592495246.762772,381,18feee3f,8,   0.000000,0.00000000,0.00000000,  81.00000,0
1592495278.221966,384,1cfd083f,8,  13.984506,0.82355981,2.21474457,   0.00000,0
1592495278.222526,385,18feee3f,8,   0.000000,0.00000000,0.00000000,  81.00000,0
1592495309.683267,388,1cfd083f,8,  13.828255,0.82481123,2.21279143,   0.00000,0
1592495309.683820,389,18feee3f,8,   0.000000,0.00000000,0.00000000,  80.93750,0
1592495341.145758,392,1cfd083f,8,  13.828255,0.82481123,2.21279143,   0.00000,0
1592495341.146309,393,18feee3f,8,   0.000000,0.00000000,0.00000000,  80.93750,0
1592495372.605913,396,1cfd083f,8,  13.828255,0.82481123,2.21279143,   0.00000,0
1592495372.606483,397,18feee3f,8,   0.000000,0.00000000,0.00000000,  80.93750,0
1592495404.067226,400,1cfd083f,8,  13.937631,0.82322406,2.21279143,   0.00000,0
1592495404.067795,401,18feee3f,8,   0.000000,0.00000000,0.00000000,  80.87500,0
1592495435.529322,404,1cfd083f,8,  13.937631,0.82322406,2.21279143,   0.00000,0
1592495435.529897,405,18feee3f,8,   0.000000,0.00000000,0.00000000,  80.87500,0
1592495466.989862,408,1cfd083f,8,  13.937631,0.82322406,2.21279143,   0.00000,0
1592495466.990449,409,18feee3f,8,   0.000000,0.00000000,0.00000000,  80.87500,0
1592495498.451183,412,1cfd083f,8,  13.937631,0.82322406,2.21279143,   0.00000,0
1592495498.451774,413,18feee3f,8,   0.000000,0.00000000,0.00000000,  80.87500,0
1592495529.912500,416,1cfd083f,8,  13.968881,0.82429235,2.21327971,   0.00000,0
1592495529.913071,417,18feee3f,8,   0.000000,0.00000000,0.00000000,  80.65625,0
1592495561.373818,420,1cfd083f,8,  13.968881,0.82429235,2.21327971,   0.00000,0
1592495561.374393,421,18feee3f,8,   0.000000,0.00000000,0.00000000,  80.65625,0
1592495592.835113,424,1cfd083f,8,  13.968881,0.82429235,2.21327971,   0.00000,0
1592495592.835684,425,18feee3f,8,   0.000000,0.00000000,0.00000000,  80.65625,0
1592495624.296423,428,1cfd083f,8,  13.968881,0.82429235,2.21327971,   0.00000,0
1592495624.297003,429,18feee3f,8,   0.000000,0.00000000,0.00000000,  80.65625,0
1592495655.757747,432,1cfd083f,8,  14.093882,0.82346824,2.21413421,   0.00000,0
1592495655.758302,433,18feee3f,8,   0.000000,0.00000000,0.00000000,  80.43750,0
1592495687.219034,436,1cfd083f,8,  14.093882,0.82346824,2.21413421,   0.00000,0
1592495687.219640,437,18feee3f,8,   0.000000,0.00000000,0.00000000,  80.43750,0
1592495718.680337,440,1cfd083f,8,  14.093882,0.82346824,2.21413421,   0.00000,0
1592495718.680918,441,18feee3f,8,   0.000000,0.00000000,0.00000000,  80.43750,0
1592495750.141659,444,1cfd083f,8,  14.093882,0.82435339,2.21413421,   0.00000,0
1592495750.142214,445,18feee3f,8,   0.000000,0.00000000,0.00000000,  80.25000,0
1592495781.602957,448,1cfd083f,8,  14.093882,0.82435339,2.21413421,   0.00000,0
1592495781.603506,449,18feee3f,8,   0.000000,0.00000000,0.00000000,  80.21875,0
1592495813.064244,452,1cfd083f,8,  14.093882,0.82435339,2.21413421,   0.00000,0
1592495813.064837,453,18feee3f,8,   0.000000,0.00000000,0.00000000,  80.21875,0
1592495844.525553,456,1cfd083f,8,  14.093882,0.82435339,2.21413421,   0.00000,0
1592495844.526142,457,18feee3f,8,   0.000000,0.00000000,0.00000000,  80.21875,0
1592495875.986865,460,1cfd083f,8,  14.093882,0.82435339,2.21413421,   0.00000,0
1592495875.987435,461,18feee3f,8,   0.000000,0.00000000,0.00000000,  80.21875,0
1592495907.448126,464,1cfd083f,8,  14.218883,0.82426183,2.21425628,   0.00000,0
1592495907.448692,465,18feee3f,8,   0.000000,0.00000000,0.00000000,  80.21875,0
1592495938.911465,468,1cfd083f,8,  14.218883,0.82426183,2.21425628,   0.00000,0
1592495938.911959,469,18feee3f,8,   0.000000,0.00000000,0.00000000,  80.21875,0
1592495970.370745,472,1cfd083f,8,  14.218883,0.82426183,2.21425628,   0.00000,0
1592495970.371314,473,18feee3f,8,   0.000000,0.00000000,0.00000000,  80.21875,0
1592496001.832003,476,1cfd083f,8,  14.234508,0.82505541,2.21389007,   0.00000,0
1592496001.832578,477,18feee3f,8,   0.000000,0.00000000,0.00000000,  80.21875,0
1592496033.294882,480,1cfd083f,8,  14.234508,0.82505541,2.21389007,   0.00000,0
1592496033.295448,481,18feee3f,8,   0.000000,0.00000000,0.00000000,  80.43750,0
1592496064.754635,484,1cfd083f,8,  14.234508,0.82505541,2.21389007,   0.00000,0
1592496064.755190,485,18feee3f,8,   0.000000,0.00000000,0.00000000,  80.43750,0
1592496096.215946,488,1cfd083f,8,  14.234508,0.82505541,2.21389007,   0.00000,0
1592496096.216495,489,18feee3f,8,   0.000000,0.00000000,0.00000000,  80.43750,0
1592496127.677191,492,1cfd083f,8,  14.234508,0.82462810,2.21450043,   0.00000,0
1592496127.677779,493,18feee3f,8,   0.000000,0.00000000,0.00000000,  80.56250,0
1592496159.138544,496,1cfd083f,8,  14.234508,0.82462810,2.21450043,   0.00000,0
1592496159.139066,497,18feee3f,8,   0.000000,0.00000000,0.00000000,  80.56250,0
1592496190.599782,500,1cfd083f,8,  14.234508,0.82462810,2.21450043,   0.00000,0
1592496190.600346,501,18feee3f,8,   0.000000,0.00000000,0.00000000,  80.56250,0
1592496222.061836,504,1cfd083f,8,  14.234508,0.82462810,2.21450043,   0.00000,0
1592496222.062429,505,18feee3f,8,   0.000000,0.00000000,0.00000000,  80.56250,0
1592496253.522371,508,1cfd083f,8,  14.218883,0.82423130,2.21486664,   0.00000,0
1592496253.522961,509,18feee3f,8,   0.000000,0.00000000,0.00000000,  80.62500,0
1592496284.983683,512,1cfd083f,8,  14.218883,0.82423130,2.21486664,   0.00000,0
1592496284.984258,513,18feee3f,8,   0.000000,0.00000000,0.00000000,  80.62500,0
1592496316.445337,516,1cfd083f,8,  14.218883,0.82423130,2.21486664,   0.00000,0
1592496316.445888,517,18feee3f,8,   0.000000,0.00000000,0.00000000,  80.62500,0
1592496347.906244,520,1cfd083f,8,  14.218883,0.82423130,2.21486664,   0.00000,0
1592496347.906834,521,18feee3f,8,   0.000000,0.00000000,0.00000000,  80.62500,0
1592496379.367529,524,1cfd083f,8,  14.031382,0.82548273,2.21401214,   0.00000,0
1592496379.368110,525,18feee3f,8,   0.000000,0.00000000,0.00000000,  80.71875,0
1592496410.828810,528,1cfd083f,8,  14.031382,0.82548273,2.21401214,   0.00000,0
1592496410.829417,529,18feee3f,8,   0.000000,0.00000000,0.00000000,  80.71875,0
1592496442.290119,532,1cfd083f,8,  14.031382,0.82548273,2.21401214,   0.00000,0
1592496442.290688,533,18feee3f,8,   0.000000,0.00000000,0.00000000,  80.71875,0
1592496473.751428,536,1cfd083f,8,  14.187633,0.82429235,2.21486664,   0.00000,0
1592496473.752005,537,18feee3f,8,   0.000000,0.00000000,0.00000000,  80.75000,0
1592496505.212721,540,1cfd083f,8,  14.187633,0.82429235,2.21486664,   0.00000,0
1592496505.213287,541,18feee3f,8,   0.000000,0.00000000,0.00000000,  80.75000,0
1592496536.673996,544,1cfd083f,8,  14.187633,0.82429235,2.21486664,   0.00000,0
1592496536.674566,545,18feee3f,8,   0.000000,0.00000000,0.00000000,  80.75000,0
1592496568.135275,548,1cfd083f,8,  14.187633,0.82429235,2.21486664,   0.00000,0
1592496568.135846,549,18feee3f,8,   0.000000,0.00000000,0.00000000,  80.75000,0
1592496599.598125,552,1cfd083f,8,  14.109507,0.82459757,2.21450043,   0.00000,0
1592496599.598691,553,18feee3f,8,   0.000000,0.00000000,0.00000000,  80.75000,0
1592496631.057844,556,1cfd083f,8,  14.109507,0.82459757,2.21450043,   0.00000,0
1592496631.058418,557,18feee3f,8,   0.000000,0.00000000,0.00000000,  80.78125,0
1592496662.519148,560,1cfd083f,8,  14.109507,0.82459757,2.21450043,   0.00000,0
1592496662.519744,561,18feee3f,8,   0.000000,0.00000000,0.00000000,  80.78125,0
1592496693.980435,564,1cfd083f,8,  14.109507,0.82459757,2.21450043,   0.00000,0
1592496693.981009,565,18feee3f,8,   0.000000,0.00000000,0.00000000,  80.78125,0
1592496725.441714,568,1cfd083f,8,  14.218883,0.82343772,2.21413421,   0.00000,0
1592496725.442285,569,18feee3f,8,   0.000000,0.00000000,0.00000000,  80.78125,0
1592496756.903017,572,1cfd083f,8,  14.218883,0.82343772,2.21413421,   0.00000,0
1592496756.903583,573,18feee3f,8,   0.000000,0.00000000,0.00000000,  80.78125,0
1592496788.364312,576,1cfd083f,8,  14.218883,0.82343772,2.21413421,   0.00000,0
1592496788.364879,577,18feee3f,8,   0.000000,0.00000000,0.00000000,  80.78125,0
1592496819.825579,580,1cfd083f,8,  14.297009,0.82221681,2.21511079,   0.00000,0
1592496819.826165,581,18feee3f,8,   0.000000,0.00000000,0.00000000,  80.78125,0
1592496851.286888,584,1cfd083f,8,  14.297009,0.82221681,2.21511079,   0.00000,0
1592496851.287427,585,18feee3f,8,   0.000000,0.00000000,0.00000000,  80.81250,0
1592496882.748161,588,1cfd083f,8,  14.297009,0.82221681,2.21511079,   0.00000,0
1592496882.748728,589,18feee3f,8,   0.000000,0.00000000,0.00000000,  80.81250,0
1592496914.210634,592,1cfd083f,8,  14.297009,0.82221681,2.21511079,   0.00000,0
1592496914.211167,593,18feee3f,8,   0.000000,0.00000000,0.00000000,  80.81250,0
1592496945.670741,596,1cfd083f,8,  14.093882,0.82444496,2.21303557,   0.00000,0
1592496945.671332,597,18feee3f,8,   0.000000,0.00000000,0.00000000,  80.81250,0
1592496977.132022,600,1cfd083f,8,  14.093882,0.82444496,2.21303557,   0.00000,0
1592496977.132616,601,18feee3f,8,   0.000000,0.00000000,0.00000000,  80.81250,0
1592497008.594088,604,1cfd083f,8,  14.093882,0.82444496,2.21303557,   0.00000,0
1592497008.594643,605,18feee3f,8,   0.000000,0.00000000,0.00000000,  80.81250,0
1592497040.054598,608,1cfd083f,8,  14.093882,0.82444496,2.21303557,   0.00000,0
1592497040.055186,609,18feee3f,8,   0.000000,0.00000000,0.00000000,  80.81250,0
1592497071.515912,612,1cfd083f,8,  14.031382,0.82478071,2.21340178,   0.00000,0
1592497071.516462,613,18feee3f,8,   0.000000,0.00000000,0.00000000,  80.71875,0
1592497102.977549,616,1cfd083f,8,  14.031382,0.82478071,2.21340178,   0.00000,0
1592497102.978130,617,18feee3f,8,   0.000000,0.00000000,0.00000000,  80.71875,0
1592497134.438547,620,1cfd083f,8,  14.031382,0.82478071,2.21340178,   0.00000,0
1592497134.439125,621,18feee3f,8,   0.000000,0.00000000,0.00000000,  80.71875,0
1592497165.899961,624,1cfd083f,8,  14.062632,0.82432287,2.21254728,   0.00000,0
1592497165.900536,625,18feee3f,8,   0.000000,0.00000000,0.00000000,  80.62500,0
1592497197.361350,628,1cfd083f,8,  14.062632,0.82432287,2.21254728,   0.00000,0
1592497197.361913,629,18feee3f,8,   0.000000,0.00000000,0.00000000,  80.62500,0
1592497228.822774,632,1cfd083f,8,  14.062632,0.82432287,2.21254728,   0.00000,0
1592497228.823351,633,18feee3f,8,   0.000000,0.00000000,0.00000000,  80.62500,0
1592497260.284145,636,1cfd083f,8,  14.062632,0.82432287,2.21254728,   0.00000,0
1592497260.284770,637,18feee3f,8,   0.000000,0.00000000,0.00000000,  80.62500,0
1592497291.745531,640,1cfd083f,8,  14.078257,0.82447548,2.21242521,   0.00000,0
1592497291.746099,641,18feee3f,8,   0.000000,0.00000000,0.00000000,  80.53125,0
1592497323.206902,644,1cfd083f,8,  14.078257,0.82447548,2.21242521,   0.00000,0
1592497323.207513,645,18feee3f,8,   0.000000,0.00000000,0.00000000,  80.53125,0
1592497354.668297,648,1cfd083f,8,  14.078257,0.82447548,2.21242521,   0.00000,0
1592497354.668876,649,18feee3f,8,   0.000000,0.00000000,0.00000000,  80.53125,0
1592497386.131248,652,1cfd083f,8,  14.125132,0.82426183,2.21242521,   0.00000,0
1592497386.131823,653,18feee3f,8,   0.000000,0.00000000,0.00000000,  80.46875,0
1592497417.591029,656,1cfd083f,8,  14.125132,0.82426183,2.21242521,   0.00000,0
1592497417.591609,657,18feee3f,8,   0.000000,0.00000000,0.00000000,  80.46875,0
1592497449.052407,660,1cfd083f,8,  14.125132,0.82426183,2.21242521,   0.00000,0
1592497449.052969,661,18feee3f,8,   0.000000,0.00000000,0.00000000,  80.46875,0
1592497480.513753,664,1cfd083f,8,  14.125132,0.82426183,2.21242521,   0.00000,0
1592497480.514323,665,18feee3f,8,   0.000000,0.00000000,0.00000000,  80.46875,0
1592497511.975107,668,1cfd083f,8,  14.218883,0.82380399,2.21340178,   0.00000,0
1592497511.975672,669,18feee3f,8,   0.000000,0.00000000,0.00000000,  80.40625,0
1592497543.436480,672,1cfd083f,8,  14.218883,0.82380399,2.21340178,   0.00000,0
1592497543.437055,673,18feee3f,8,   0.000000,0.00000000,0.00000000,  80.40625,0
1592497574.897836,676,1cfd083f,8,  14.218883,0.82380399,2.21340178,   0.00000,0
1592497574.898408,677,18feee3f,8,   0.000000,0.00000000,0.00000000,  80.40625,0
1592497606.359182,680,1cfd083f,8,  14.140758,0.82426183,2.21340178,   0.00000,0
1592497606.359744,681,18feee3f,8,   0.000000,0.00000000,0.00000000,  80.43750,0
1592497637.820533,684,1cfd083f,8,  14.140758,0.82426183,2.21340178,   0.00000,0
1592497637.821103,685,18feee3f,8,   0.000000,0.00000000,0.00000000,  80.40625,0
1592497669.281892,688,1cfd083f,8,  14.140758,0.82426183,2.21340178,   0.00000,0
1592497669.282442,689,18feee3f,8,   0.000000,0.00000000,0.00000000,  80.40625,0
1592497700.744408,692,1cfd083f,8,  14.140758,0.82426183,2.21340178,   0.00000,0
1592497700.744985,693,18feee3f,8,   0.000000,0.00000000,0.00000000,  80.40625,0
1592497732.204536,696,1cfd083f,8,  14.265759,0.82365138,2.21266935,   0.00000,0
1592497732.205091,697,18feee3f,8,   0.000000,0.00000000,0.00000000,  80.40625,0
1592497763.665885,700,1cfd083f,8,  14.265759,0.82365138,2.21266935,   0.00000,0
1592497763.666456,701,18feee3f,8,   0.000000,0.00000000,0.00000000,  80.40625,0
1592497795.127990,704,1cfd083f,8,  14.265759,0.82365138,2.21266935,   0.00000,0
1592497795.128523,705,18feee3f,8,   0.000000,0.00000000,0.00000000,  80.40625,0
1592497826.588567,708,1cfd083f,8,  14.156383,0.82478071,2.21266935,   0.00000,0
1592497826.589133,709,18feee3f,8,   0.000000,0.00000000,0.00000000,  80.31250,0
1592497858.049900,712,1cfd083f,8,  14.156383,0.82478071,2.21266935,   0.00000,0
1592497858.050466,713,18feee3f,8,   0.000000,0.00000000,0.00000000,  80.34375,0
1592497889.511569,716,1cfd083f,8,  14.156383,0.82478071,2.21266935,   0.00000,0
1592497889.512134,717,18feee3f,8,   0.000000,0.00000000,0.00000000,  80.34375,0
1592497920.972535,720,1cfd083f,8,  14.156383,0.82478071,2.21266935,   0.00000,0
1592497920.973098,721,18feee3f,8,   0.000000,0.00000000,0.00000000,  80.34375,0
1592497952.433887,724,1cfd083f,8,  14.312634,0.82386503,2.21450043,   0.00000,0
1592497952.434458,725,18feee3f,8,   0.000000,0.00000000,0.00000000,  80.25000,0
1592497983.895209,728,1cfd083f,8,  14.312634,0.82386503,2.21450043,   0.00000,0
1592497983.895779,729,18feee3f,8,   0.000000,0.00000000,0.00000000,  80.25000,0
1592498015.356516,732,1cfd083f,8,  14.312634,0.82386503,2.21450043,   0.00000,0
1592498015.357120,733,18feee3f,8,   0.000000,0.00000000,0.00000000,  80.25000,0
1592498046.817849,736,1cfd083f,8,  14.312634,0.82453653,2.21389007,   0.00000,0
1592498046.818406,737,18feee3f,8,   0.000000,0.00000000,0.00000000,  80.28125,0
1592498078.279158,740,1cfd083f,8,  14.312634,0.82453653,2.21389007,   0.00000,0
1592498078.279749,741,18feee3f,8,   0.000000,0.00000000,0.00000000,  80.28125,0
1592498109.740465,744,1cfd083f,8,  14.312634,0.82453653,2.21389007,   0.00000,0
1592498109.741059,745,18feee3f,8,   0.000000,0.00000000,0.00000000,  80.28125,0
1592498141.201784,748,1cfd083f,8,  14.312634,0.82453653,2.21389007,   0.00000,0
1592498141.202360,749,18feee3f,8,   0.000000,0.00000000,0.00000000,  80.28125,0
1592498172.663121,752,1cfd083f,8,  14.343884,0.82432287,2.21462250,   0.00000,0
1592498172.663689,753,18feee3f,8,   0.000000,0.00000000,0.00000000,  80.43750,0
1592498204.124432,756,1cfd083f,8,  14.343884,0.82432287,2.21462250,   0.00000,0
1592498204.125000,757,18feee3f,8,   0.000000,0.00000000,0.00000000,  80.43750,0
1592498235.585756,760,1cfd083f,8,  14.343884,0.82432287,2.21462250,   0.00000,0
1592498235.586396,761,18feee3f,8,   0.000000,0.00000000,0.00000000,  80.43750,0
1592498267.048230,764,1cfd083f,8,  14.343884,0.82432287,2.21498871,   0.00000,0
1592498267.048818,765,18feee3f,8,   0.000000,0.00000000,0.00000000,  80.59375,0
1592498298.510363,768,1cfd083f,8,  14.343884,0.82432287,2.21498871,   0.00000,0
1592498298.510930,769,18feee3f,8,   0.000000,0.00000000,0.00000000,  80.62500,0
1592498329.969717,772,1cfd083f,8,  14.343884,0.82432287,2.21498871,   0.00000,0
1592498329.970250,773,18feee3f,8,   0.000000,0.00000000,0.00000000,  80.62500,0
1592498361.431000,776,1cfd083f,8,  14.343884,0.82432287,2.21498871,   0.00000,0
1592498361.431573,777,18feee3f,8,   0.000000,0.00000000,0.00000000,  80.62500,0
1592498392.892321,780,1cfd083f,8,  14.218883,0.82487228,2.21376800,   0.00000,0
1592498392.892870,781,18feee3f,8,   0.000000,0.00000000,0.00000000,  80.75000,0
1592498424.353616,784,1cfd083f,8,  14.218883,0.82487228,2.21376800,   0.00000,0
1592498424.354180,785,18feee3f,8,   0.000000,0.00000000,0.00000000,  80.75000,0
1592498455.814933,788,1cfd083f,8,  14.218883,0.82487228,2.21376800,   0.00000,0
1592498455.815504,789,18feee3f,8,   0.000000,0.00000000,0.00000000,  80.75000,0
1592498487.277424,792,1cfd083f,8,  14.218883,0.82487228,2.21376800,   0.00000,0
1592498487.277965,793,18feee3f,8,   0.000000,0.00000000,0.00000000,  80.75000,0
1592498518.737551,796,1cfd083f,8,  14.187633,0.82447548,2.21352386,   0.00000,0
1592498518.738117,797,18feee3f,8,   0.000000,0.00000000,0.00000000,  80.81250,0
1592498550.198861,800,1cfd083f,8,  14.187633,0.82447548,2.21352386,   0.00000,0
1592498550.199425,801,18feee3f,8,   0.000000,0.00000000,0.00000000,  80.81250,0
1592498581.660954,804,1cfd083f,8,  14.187633,0.82447548,2.21352386,   0.00000,0
1592498581.661520,805,18feee3f,8,   0.000000,0.00000000,0.00000000,  80.81250,0
1592498613.121518,808,1cfd083f,8,  14.000131,0.82499437,2.21425628,   0.00000,0
1592498613.122084,809,18feee3f,8,   0.000000,0.00000000,0.00000000,  80.84375,0
1592498644.582831,812,1cfd083f,8,  14.000131,0.82499437,2.21425628,   0.00000,0
1592498644.583366,813,18feee3f,8,   0.000000,0.00000000,0.00000000,  80.84375,0
1592498676.044468,816,1cfd083f,8,  14.000131,0.82499437,2.21425628,   0.00000,0
1592498676.045042,817,18feee3f,8,   0.000000,0.00000000,0.00000000,  80.84375,0
1592498707.505440,820,1cfd083f,8,  14.000131,0.82499437,2.21425628,   0.00000,0
1592498707.506012,821,18feee3f,8,   0.000000,0.00000000,0.00000000,  80.84375,0
1592498738.966758,824,1cfd083f,8,  14.078257,0.82404817,2.21340178,   0.00000,0
1592498738.967316,825,18feee3f,8,   0.000000,0.00000000,0.00000000,  80.81250,0
1592498770.428046,828,1cfd083f,8,  14.078257,0.82404817,2.21340178,   0.00000,0
1592498770.428605,829,18feee3f,8,   0.000000,0.00000000,0.00000000,  80.81250,0
1592498801.889370,832,1cfd083f,8,  14.078257,0.82404817,2.21340178,   0.00000,0
1592498801.889917,833,18feee3f,8,   0.000000,0.00000000,0.00000000,  80.81250,0
1592498833.350671,836,1cfd083f,8,  14.078257,0.82404817,2.21340178,   0.00000,0
1592498833.351251,837,18feee3f,8,   0.000000,0.00000000,0.00000000,  80.81250,0
1592498864.813930,840,1cfd083f,8,  14.125132,0.82362085,2.21303557,   0.00000,0
1592498864.814509,841,18feee3f,8,   0.000000,0.00000000,0.00000000,  80.68750,0
1592498896.273260,844,1cfd083f,8,  14.125132,0.82362085,2.21303557,   0.00000,0
1592498896.273836,845,18feee3f,8,   0.000000,0.00000000,0.00000000,  80.65625,0
1592498927.734569,848,1cfd083f,8,  14.125132,0.82362085,2.21303557,   0.00000,0
1592498927.735152,849,18feee3f,8,   0.000000,0.00000000,0.00000000,  80.65625,0
1592498959.197460,852,1cfd083f,8,  14.031382,0.82429235,2.21389007,   0.00000,0
1592498959.198015,853,18feee3f,8,   0.000000,0.00000000,0.00000000,  80.56250,0
1592498990.657223,856,1cfd083f,8,  14.031382,0.82429235,2.21389007,   0.00000,0
1592498990.657763,857,18feee3f,8,   0.000000,0.00000000,0.00000000,  80.53125,0
1592499022.118565,860,1cfd083f,8,  14.031382,0.82429235,2.21389007,   0.00000,0
1592499022.119107,861,18feee3f,8,   0.000000,0.00000000,0.00000000,  80.53125,0
1592499053.579822,864,1cfd083f,8,  14.031382,0.82429235,2.21389007,   0.00000,0
1592499053.580392,865,18feee3f,8,   0.000000,0.00000000,0.00000000,  80.53125,0
1592499085.043081,868,1cfd083f,8,  14.031382,0.82429235,2.21389007,   0.00000,0
1592499085.043669,869,18feee3f,8,   0.000000,0.00000000,0.00000000,  80.53125,0
1592499116.502428,872,1cfd083f,8,  14.047007,0.82575743,2.21462250,   0.00000,0
1592499116.502982,873,18feee3f,8,   0.000000,0.00000000,0.00000000,  80.28125,0
1592499147.963733,876,1cfd083f,8,  14.047007,0.82575743,2.21462250,   0.00000,0
1592499147.964307,877,18feee3f,8,   0.000000,0.00000000,0.00000000,  80.28125,0
1592499179.426601,880,1cfd083f,8,  14.047007,0.82575743,2.21462250,   0.00000,0
1592499179.427151,881,18feee3f,8,   0.000000,0.00000000,0.00000000,  80.28125,0
1592499210.886307,884,1cfd083f,8,  14.172008,0.82459757,2.21486664,   0.00000,0
1592499210.886963,885,18feee3f,8,   0.000000,0.00000000,0.00000000,  80.09375,0
1592499242.347612,888,1cfd083f,8,  14.172008,0.82459757,2.21486664,   0.00000,0
1592499242.348175,889,18feee3f,8,   0.000000,0.00000000,0.00000000,  80.09375,0
1592499273.810048,892,1cfd083f,8,  14.172008,0.82459757,2.21486664,   0.00000,0
1592499273.810647,893,18feee3f,8,   0.000000,0.00000000,0.00000000,  80.09375,0
1592499305.270175,896,1cfd083f,8,  14.172008,0.82459757,2.21486664,   0.00000,0
1592499305.270746,897,18feee3f,8,   0.000000,0.00000000,0.00000000,  80.09375,0
1592499336.731475,900,1cfd083f,8,  14.375135,0.82346824,2.21498871,   0.00000,0
1592499336.732052,901,18feee3f,8,   0.000000,0.00000000,0.00000000,  80.15625,0
1592499368.193550,904,1cfd083f,8,  14.375135,0.82346824,2.21498871,   0.00000,0
1592499368.194084,905,18feee3f,8,   0.000000,0.00000000,0.00000000,  80.15625,0
1592499399.654052,908,1cfd083f,8,  14.328259,0.82475019,2.21437836,   0.00000,0
1592499399.654616,909,18feee3f,8,   0.000000,0.00000000,0.00000000,  80.40625,0
1592499431.115358,912,1cfd083f,8,  14.328259,0.82475019,2.21437836,   0.00000,0
1592499431.115905,913,18feee3f,8,   0.000000,0.00000000,0.00000000,  80.43750,0
