timestamp,count,id,dlc,Viscosity (cp),Density (gm/cc),Dielectric constant (-),Temperature (C), Status
1593702332.195930,0,1cfd083f,8,  22.890840,0.83286919,2.22499858,   0.00000,0
1593702332.196335,1,18feee3f,8,   0.000000,0.00000000,0.00000000,  98.18750,0
1593702363.656997,4,1cfd083f,8,  22.890840,0.83286919,2.22499858,   0.00000,0
1593702363.657572,5,18feee3f,8,   0.000000,0.00000000,0.00000000,  98.18750,0
1593702395.118261,8,1cfd083f,8,  14.218883,0.82114853,2.18117489,   0.00000,0
1593702395.118821,9,18feee3f,8,   0.000000,0.00000000,0.00000000,  98.18750,0
1593702426.581461,12,1cfd083f,8,  14.218883,0.82114853,2.18117489,   0.00000,0
1593702426.582032,13,18feee3f,8,   0.000000,0.00000000,0.00000000, 104.68750,0
1593702458.040711,16,1cfd083f,8,  14.218883,0.82114853,2.18117489,   0.00000,0
1593702458.041280,17,18feee3f,8,   0.000000,0.00000000,0.00000000, 104.68750,0
1593702489.501926,20,1cfd083f,8,  14.218883,0.82114853,2.18117489,   0.00000,0
1593702489.502498,21,18feee3f,8,   0.000000,0.00000000,0.00000000, 104.68750,0
1593702520.964727,24,1cfd083f,8,  10.687600,0.81138130,2.15492950,   0.00000,0
1593702520.965267,25,18feee3f,8,   0.000000,0.00000000,0.00000000, 105.90625,0
1593702552.422690,28,1cfd083f,8,  10.687600,0.81138130,2.15492950,   0.00000,0
1593702552.423256,29,18feee3f,8,   0.000000,0.00000000,0.00000000, 105.90625,0
1593702583.881293,32,1cfd083f,8,  10.687600,0.81138130,2.15492950,   0.00000,0
1593702583.881866,33,18feee3f,8,   0.000000,0.00000000,0.00000000, 105.90625,0
1593702615.340054,36,1cfd083f,8,   9.515714,0.80915316,2.12929447,   0.00000,0
1593702615.340617,37,18feee3f,8,   0.000000,0.00000000,0.00000000, 104.84375,0
1593702646.798949,40,1cfd083f,8,   9.515714,0.80915316,2.12929447,   0.00000,0
1593702646.799502,41,18feee3f,8,   0.000000,0.00000000,0.00000000, 104.81250,0
1593702678.257906,44,1cfd083f,8,   9.515714,0.80915316,2.12929447,   0.00000,0
1593702678.258501,45,18feee3f,8,   0.000000,0.00000000,0.00000000, 104.81250,0
1593702709.717037,48,1cfd083f,8,   9.515714,0.80820696,2.11965081,   0.00000,0
1593702709.717596,49,18feee3f,8,   0.000000,0.00000000,0.00000000, 102.59375,0
1593702741.176225,52,1cfd083f,8,   9.515714,0.80820696,2.11965081,   0.00000,0
1593702741.176783,53,18feee3f,8,   0.000000,0.00000000,0.00000000, 102.46875,0
1593702772.635537,56,1cfd083f,8,   9.515714,0.80820696,2.11965081,   0.00000,0
1593702772.636098,57,18feee3f,8,   0.000000,0.00000000,0.00000000, 102.46875,0
1593702804.094895,60,1cfd083f,8,   9.875093,0.80979413,2.11696524,   0.00000,0
1593702804.095460,61,18feee3f,8,   0.000000,0.00000000,0.00000000,  99.71875,0
1593702835.554392,64,1cfd083f,8,   9.875093,0.80979413,2.11696524,   0.00000,0
1593702835.554986,65,18feee3f,8,   0.000000,0.00000000,0.00000000,  99.50000,0
1593702867.013975,68,1cfd083f,8,   9.875093,0.80979413,2.11696524,   0.00000,0
1593702867.014534,69,18feee3f,8,   0.000000,0.00000000,0.00000000,  99.50000,0
1593702898.473611,72,1cfd083f,8,   9.875093,0.80979413,2.11696524,   0.00000,0
1593702898.474224,73,18feee3f,8,   0.000000,0.00000000,0.00000000,  99.50000,0
1593702929.933361,76,1cfd083f,8,  10.468848,0.81144235,2.12099360,   0.00000,0
1593702929.933913,77,18feee3f,8,   0.000000,0.00000000,0.00000000,  96.37500,0
1593702961.393174,80,1cfd083f,8,  10.468848,0.81144235,2.12099360,   0.00000,0
1593702961.393725,81,18feee3f,8,   0.000000,0.00000000,0.00000000,  96.37500,0
1593702992.853048,84,1cfd083f,8,  10.468848,0.81144235,2.12099360,   0.00000,0
1593702992.853607,85,18feee3f,8,   0.000000,0.00000000,0.00000000,  96.37500,0
1593703024.312994,88,1cfd083f,8,  10.468848,0.81144235,2.12099360,   0.00000,0
1593703024.313558,89,18feee3f,8,   0.000000,0.00000000,0.00000000,  96.37500,0
1593703055.772968,92,1cfd083f,8,  11.312606,0.81406729,0.13366837,   0.00000,0
1593703055.773556,93,18feee3f,8,   0.000000,0.00000000,0.00000000,  93.40625,0
1593703087.233048,96,1cfd083f,8,  11.312606,0.81406729,0.13366837,   0.00000,0
1593703087.233606,97,18feee3f,8,   0.000000,0.00000000,0.00000000,  93.37500,0
1593703118.693145,100,1cfd083f,8,  11.312606,0.81406729,0.13366837,   0.00000,0
1593703118.693743,101,18feee3f,8,   0.000000,0.00000000,0.00000000,  93.37500,0
1593703150.153326,104,1cfd083f,8,  11.312606,0.81406729,0.13366837,   0.00000,0
1593703150.153885,105,18feee3f,8,   0.000000,0.00000000,0.00000000,  93.37500,0
1593703181.614707,108,1cfd083f,8,   0.953134,0.81467774,2.13198004,   0.00000,0
1593703181.615267,109,18feee3f,8,   0.000000,0.00000000,0.00000000,  93.40625,0
1593703213.075753,112,1cfd083f,8,   0.953134,0.81467774,2.13198004,   0.00000,0
1593703213.076341,113,18feee3f,8,   0.000000,0.00000000,0.00000000,  93.40625,0
1593703244.534080,116,1cfd083f,8,   0.953134,0.81467774,2.13198004,   0.00000,0
1593703244.534665,117,18feee3f,8,   0.000000,0.00000000,0.00000000,  93.40625,0
1593703275.994443,120,1cfd083f,8,   0.953134,0.81467774,2.13198004,   0.00000,0
1593703275.994978,121,18feee3f,8,   0.000000,0.00000000,0.00000000,  93.40625,0
1593703307.456355,124,1cfd083f,8,  12.890746,0.81855411,2.13063726,   0.00000,0
1593703307.456917,125,18feee3f,8,   0.000000,0.00000000,0.00000000,  94.81250,0
1593703338.915222,128,1cfd083f,8,  12.890746,0.81855411,2.13063726,   0.00000,0
1593703338.915781,129,18feee3f,8,   0.000000,0.00000000,0.00000000,  94.81250,0
1593703370.375614,132,1cfd083f,8,  12.890746,0.81855411,2.13063726,   0.00000,0
1593703370.376194,133,18feee3f,8,   0.000000,0.00000000,0.00000000,  94.81250,0
1593703401.837249,136,1cfd083f,8,  12.750120,0.81773000,2.13478769,   0.00000,0
1593703401.837843,137,18feee3f,8,   0.000000,0.00000000,0.00000000,  96.46875,0
1593703433.296592,140,1cfd083f,8,  12.750120,0.81773000,2.13478769,   0.00000,0
1593703433.297158,141,18feee3f,8,   0.000000,0.00000000,0.00000000,  96.46875,0
1593703464.757067,144,1cfd083f,8,  12.750120,0.81773000,2.13478769,   0.00000,0
1593703464.757665,145,18feee3f,8,   0.000000,0.00000000,0.00000000,  96.46875,0
1593703496.217601,148,1cfd083f,8,  12.265740,0.81663119,2.13356697,   0.00000,0
1593703496.218190,149,18feee3f,8,   0.000000,0.00000000,0.00000000,  97.56250,0
1593703527.678149,152,1cfd083f,8,  12.265740,0.81663119,2.13356697,   0.00000,0
1593703527.678709,153,18feee3f,8,   0.000000,0.00000000,0.00000000,  97.59375,0
1593703559.138732,156,1cfd083f,8,  12.265740,0.81663119,2.13356697,   0.00000,0
1593703559.139289,157,18feee3f,8,   0.000000,0.00000000,0.00000000,  97.59375,0
1593703590.599672,160,1cfd083f,8,  12.265740,0.81663119,2.13356697,   0.00000,0
1593703590.600268,161,18feee3f,8,   0.000000,0.00000000,0.00000000,  97.59375,0
1593703622.059924,164,1cfd083f,8,  11.781360,0.81589864,2.13173590,   0.00000,0
1593703622.060499,165,18feee3f,8,   0.000000,0.00000000,0.00000000,  97.81250,0
1593703653.520572,168,1cfd083f,8,  11.781360,0.81589864,2.13173590,   0.00000,0
1593703653.521130,169,18feee3f,8,   0.000000,0.00000000,0.00000000,  97.81250,0
1593703684.981200,172,1cfd083f,8,  11.781360,0.81589864,2.13173590,   0.00000,0
1593703684.981742,173,18feee3f,8,   0.000000,0.00000000,0.00000000,  97.81250,0
1593703716.441851,176,1cfd083f,8,  11.562608,0.81498297,2.12734132,   0.00000,0
1593703716.442418,177,18feee3f,8,   0.000000,0.00000000,0.00000000,  97.50000,0
1593703747.902506,180,1cfd083f,8,  11.562608,0.81498297,2.12734132,   0.00000,0
1593703747.903103,181,18feee3f,8,   0.000000,0.00000000,0.00000000,  97.50000,0
1593703779.363204,184,1cfd083f,8,  11.562608,0.81498297,2.12734132,   0.00000,0
1593703779.363769,185,18feee3f,8,   0.000000,0.00000000,0.00000000,  97.50000,0
1593703810.823878,188,1cfd083f,8,  11.515733,0.81537976,0.13354630,   0.00000,0
1593703810.824446,189,18feee3f,8,   0.000000,0.00000000,0.00000000,  97.12500,0
1593703842.284596,192,1cfd083f,8,  11.515733,0.81537976,0.13354630,   0.00000,0
1593703842.285151,193,18feee3f,8,   0.000000,0.00000000,0.00000000,  97.12500,0
1593703873.745307,196,1cfd083f,8,  11.515733,0.81537976,0.13354630,   0.00000,0
1593703873.745871,197,18feee3f,8,   0.000000,0.00000000,0.00000000,  97.12500,0
1593703905.206038,200,1cfd083f,8,  11.515733,0.81537976,0.13354630,   0.00000,0
1593703905.206623,201,18feee3f,8,   0.000000,0.00000000,0.00000000,  97.12500,0
1593703936.666796,204,1cfd083f,8,  11.671984,0.81483035,0.13391252,   0.00000,0
1593703936.667359,205,18feee3f,8,   0.000000,0.00000000,0.00000000,  97.03125,0
1593703968.127544,208,1cfd083f,8,  11.671984,0.81483035,0.13391252,   0.00000,0
1593703968.128105,209,18feee3f,8,   0.000000,0.00000000,0.00000000,  97.03125,0
1593703999.590252,212,1cfd083f,8,  11.671984,0.81483035,0.13391252,   0.00000,0
1593703999.590840,213,18feee3f,8,   0.000000,0.00000000,0.00000000,  97.03125,0
1593704031.049079,216,1cfd083f,8,  11.812611,0.81486088,2.12782961,   0.00000,0
1593704031.049626,217,18feee3f,8,   0.000000,0.00000000,0.00000000,  97.21875,0
1593704062.509845,220,1cfd083f,8,  11.812611,0.81486088,2.12782961,   0.00000,0
1593704062.510425,221,18feee3f,8,   0.000000,0.00000000,0.00000000,  97.21875,0
1593704093.972183,224,1cfd083f,8,  11.812611,0.81486088,2.12782961,   0.00000,0
1593704093.972775,225,18feee3f,8,   0.000000,0.00000000,0.00000000,  97.21875,0
1593704125.431400,228,1cfd083f,8,  11.765735,0.81595969,0.13415666,   0.00000,0
1593704125.431976,229,18feee3f,8,   0.000000,0.00000000,0.00000000,  97.84375,0
1593704156.892199,232,1cfd083f,8,  11.765735,0.81595969,0.13415666,   0.00000,0
1593704156.892798,233,18feee3f,8,   0.000000,0.00000000,0.00000000,  97.84375,0
1593704188.354170,236,1cfd083f,8,  11.765735,0.81595969,0.13415666,   0.00000,0
1593704188.354734,237,18feee3f,8,   0.000000,0.00000000,0.00000000,  97.84375,0
1593704219.813815,240,1cfd083f,8,  11.718860,0.81461670,2.12807375,   0.00000,0
1593704219.814399,241,18feee3f,8,   0.000000,0.00000000,0.00000000,  98.50000,0
1593704251.274653,244,1cfd083f,8,  11.718860,0.81461670,2.12807375,   0.00000,0
1593704251.275224,245,18feee3f,8,   0.000000,0.00000000,0.00000000,  98.59375,0
1593704282.736227,248,1cfd083f,8,  11.718860,0.81461670,2.12807375,   0.00000,0
1593704282.736785,249,18feee3f,8,   0.000000,0.00000000,0.00000000,  98.59375,0
1593704314.196275,252,1cfd083f,8,  11.718860,0.81461670,2.12807375,   0.00000,0
1593704314.196825,253,18feee3f,8,   0.000000,0.00000000,0.00000000,  98.59375,0
1593704345.657099,256,1cfd083f,8,  11.718860,0.81461670,2.12807375,   0.00000,0
1593704345.657653,257,18feee3f,8,   0.000000,0.00000000,0.00000000,  98.59375,0
1593704377.117920,260,1cfd083f,8,  11.546983,0.81431147,0.13403459,   0.00000,0
1593704377.118469,261,18feee3f,8,   0.000000,0.00000000,0.00000000,  99.09375,0
1593704408.578748,264,1cfd083f,8,  11.546983,0.81431147,0.13403459,   0.00000,0
1593704408.579302,265,18feee3f,8,   0.000000,0.00000000,0.00000000,  99.09375,0
1593704440.039556,268,1cfd083f,8,  11.546983,0.81431147,0.13403459,   0.00000,0
1593704440.040127,269,18feee3f,8,   0.000000,0.00000000,0.00000000,  99.09375,0
1593704471.500382,272,1cfd083f,8,  11.546983,0.81431147,0.13403459,   0.00000,0
1593704471.500978,273,18feee3f,8,   0.000000,0.00000000,0.00000000,  99.09375,0
1593704502.961234,276,1cfd083f,8,  11.312606,0.81421990,2.12453368,   0.00000,0
1593704502.961785,277,18feee3f,8,   0.000000,0.00000000,0.00000000,  99.25000,0
1593704534.422074,280,1cfd083f,8,  11.312606,0.81421990,2.12453368,   0.00000,0
1593704534.422636,281,18feee3f,8,   0.000000,0.00000000,0.00000000,  99.25000,0
1593704565.882885,284,1cfd083f,8,  11.312606,0.81421990,2.12453368,   0.00000,0
1593704565.883479,285,18feee3f,8,   0.000000,0.00000000,0.00000000,  99.25000,0
1593704597.343752,288,1cfd083f,8,  11.312606,0.81421990,2.12453368,   0.00000,0
1593704597.344312,289,18feee3f,8,   0.000000,0.00000000,0.00000000,  99.25000,0
1593704628.804586,292,1cfd083f,8,  11.265731,0.81388415,2.12148189,   0.00000,0
1593704628.805154,293,18feee3f,8,   0.000000,0.00000000,0.00000000,  98.96875,0
1593704660.265409,296,1cfd083f,8,  11.265731,0.81388415,2.12148189,   0.00000,0
1593704660.265967,297,18feee3f,8,   0.000000,0.00000000,0.00000000,  98.93750,0
1593704691.726276,300,1cfd083f,8,  11.265731,0.81388415,2.12148189,   0.00000,0
1593704691.726824,301,18feee3f,8,   0.000000,0.00000000,0.00000000,  98.93750,0
1593704723.187098,304,1cfd083f,8,  11.265731,0.81388415,2.12148189,   0.00000,0
1593704723.187698,305,18feee3f,8,   0.000000,0.00000000,0.00000000,  98.93750,0
1593704754.649137,308,1cfd083f,8,  11.296981,0.81321266,2.12172603,   0.00000,0
1593704754.649682,309,18feee3f,8,   0.000000,0.00000000,0.00000000,  98.71875,0
1593704786.110782,312,1cfd083f,8,  11.296981,0.81321266,2.12172603,   0.00000,0
1593704786.111353,313,18feee3f,8,   0.000000,0.00000000,0.00000000,  98.68750,0
1593704817.569668,316,1cfd083f,8,  11.296981,0.81321266,2.12172603,   0.00000,0
1593704817.570227,317,18feee3f,8,   0.000000,0.00000000,0.00000000,  98.68750,0
1593704849.031285,320,1cfd083f,8,  11.218855,0.81525767,2.12050532,   0.00000,0
1593704849.031843,321,18feee3f,8,   0.000000,0.00000000,0.00000000,  98.68750,0
1593704880.492945,324,1cfd083f,8,  11.218855,0.81525767,2.12050532,   0.00000,0
1593704880.493509,325,18feee3f,8,   0.000000,0.00000000,0.00000000,  98.68750,0
1593704911.952269,328,1cfd083f,8,  11.218855,0.81525767,2.12050532,   0.00000,0
1593704911.952829,329,18feee3f,8,   0.000000,0.00000000,0.00000000,  98.68750,0
1593704943.413109,332,1cfd083f,8,  11.218855,0.81525767,2.12050532,   0.00000,0
1593704943.413672,333,18feee3f,8,   0.000000,0.00000000,0.00000000,  98.68750,0
1593704974.875155,336,1cfd083f,8,  11.359481,0.81397572,2.12258053,   0.00000,0
1593704974.875726,337,18feee3f,8,   0.000000,0.00000000,0.00000000,  98.81250,0
1593705006.334824,340,1cfd083f,8,  11.359481,0.81397572,2.12258053,   0.00000,0
1593705006.335424,341,18feee3f,8,   0.000000,0.00000000,0.00000000,  98.81250,0
1593705037.795720,344,1cfd083f,8,  11.359481,0.81397572,2.12258053,   0.00000,0
1593705037.796286,345,18feee3f,8,   0.000000,0.00000000,0.00000000,  98.81250,0
1593705069.256579,348,1cfd083f,8,  11.406357,0.81354841,2.12172603,   0.00000,0
1593705069.257146,349,18feee3f,8,   0.000000,0.00000000,0.00000000,  99.12500,0
1593705100.717444,352,1cfd083f,8,  11.406357,0.81354841,2.12172603,   0.00000,0
1593705100.718006,353,18feee3f,8,   0.000000,0.00000000,0.00000000,  99.15625,0
1593705132.178310,356,1cfd083f,8,  11.406357,0.81354841,2.12172603,   0.00000,0
1593705132.178877,357,18feee3f,8,   0.000000,0.00000000,0.00000000,  99.15625,0
1593705163.639573,360,1cfd083f,8,  11.406357,0.81354841,2.12172603,   0.00000,0
1593705163.640140,361,18feee3f,8,   0.000000,0.00000000,0.00000000,  99.15625,0
1593705195.100078,364,1cfd083f,8,  11.328231,0.81394520,2.12184810,   0.00000,0
1593705195.100641,365,18feee3f,8,   0.000000,0.00000000,0.00000000,  99.43750,0
1593705226.560925,368,1cfd083f,8,  11.328231,0.81394520,2.12184810,   0.00000,0
1593705226.561529,369,18feee3f,8,   0.000000,0.00000000,0.00000000,  99.43750,0
1593705258.021816,372,1cfd083f,8,  11.328231,0.81394520,2.12184810,   0.00000,0
1593705258.022378,373,18feee3f,8,   0.000000,0.00000000,0.00000000,  99.43750,0
1593705289.482692,376,1cfd083f,8,  11.312606,0.05112529,2.11989496,   0.00000,0
1593705289.483247,377,18feee3f,8,   0.000000,0.00000000,0.00000000,  99.62500,0
1593705320.943580,380,1cfd083f,8,  11.312606,0.05112529,2.11989496,   0.00000,0
1593705320.944138,381,18feee3f,8,   0.000000,0.00000000,0.00000000,  99.62500,0
1593705352.404455,384,1cfd083f,8,  11.312606,0.05112529,2.11989496,   0.00000,0
1593705352.405002,385,18feee3f,8,   0.000000,0.00000000,0.00000000,  99.62500,0
1593705383.865292,388,1cfd083f,8,  11.203230,0.81385363,2.12013910,   0.00000,0
1593705383.865887,389,18feee3f,8,   0.000000,0.00000000,0.00000000,  99.62500,0
1593705415.326178,392,1cfd083f,8,  11.203230,0.81385363,2.12013910,   0.00000,0
1593705415.326738,393,18feee3f,8,   0.000000,0.00000000,0.00000000,  99.62500,0
1593705446.787060,396,1cfd083f,8,  11.203230,0.81385363,2.12013910,   0.00000,0
1593705446.787641,397,18feee3f,8,   0.000000,0.00000000,0.00000000,  99.62500,0
1593705478.247945,400,1cfd083f,8,  11.203230,0.81385363,2.12013910,   0.00000,0
1593705478.248503,401,18feee3f,8,   0.000000,0.00000000,0.00000000,  99.62500,0
1593705509.708798,404,1cfd083f,8,  11.187605,0.05112529,2.11867424,   0.00000,0
1593705509.709394,405,18feee3f,8,   0.000000,0.00000000,0.00000000,  99.56250,0
1593705541.169708,408,1cfd083f,8,  11.187605,0.05112529,2.11867424,   0.00000,0
1593705541.170255,409,18feee3f,8,   0.000000,0.00000000,0.00000000,  99.53125,0
1593705572.632527,412,1cfd083f,8,  11.187605,0.05112529,2.11867424,   0.00000,0
1593705572.633102,413,18feee3f,8,   0.000000,0.00000000,0.00000000,  99.53125,0
1593705604.091457,416,1cfd083f,8,  11.187605,0.05112529,2.11867424,   0.00000,0
1593705604.092009,417,18feee3f,8,   0.000000,0.00000000,0.00000000,  99.53125,0
1593705635.552336,420,1cfd083f,8,  11.171980,0.81373154,2.11891839,   0.00000,0
1593705635.552879,421,18feee3f,8,   0.000000,0.00000000,0.00000000,  99.40625,0
1593705667.014753,424,1cfd083f,8,  11.171980,0.81373154,2.11891839,   0.00000,0
1593705667.015346,425,18feee3f,8,   0.000000,0.00000000,0.00000000,  99.40625,0
1593705698.474100,428,1cfd083f,8,  11.171980,0.81373154,2.11891839,   0.00000,0
1593705698.474658,429,18feee3f,8,   0.000000,0.00000000,0.00000000,  99.40625,0
1593705729.934973,432,1cfd083f,8,  11.171980,0.81342632,2.11891839,   0.00000,0
1593705729.935530,433,18feee3f,8,   0.000000,0.00000000,0.00000000,  99.31250,0
1593705761.397009,436,1cfd083f,8,  11.171980,0.81342632,2.11891839,   0.00000,0
1593705761.397553,437,18feee3f,8,   0.000000,0.00000000,0.00000000,  99.31250,0
1593705792.856707,440,1cfd083f,8,  11.171980,0.81342632,2.11891839,   0.00000,0
1593705792.857291,441,18feee3f,8,   0.000000,0.00000000,0.00000000,  99.31250,0
1593705824.317581,444,1cfd083f,8,  11.171980,0.81342632,2.11891839,   0.00000,0
1593705824.318167,445,18feee3f,8,   0.000000,0.00000000,0.00000000,  99.31250,0
1593705855.779236,448,1cfd083f,8,  11.281356,0.81333475,2.11891839,   0.00000,0
1593705855.779815,449,18feee3f,8,   0.000000,0.00000000,0.00000000,  99.34375,0
1593705887.239342,452,1cfd083f,8,  11.281356,0.81333475,2.11891839,   0.00000,0
1593705887.239936,453,18feee3f,8,   0.000000,0.00000000,0.00000000,  99.34375,0
