timestamp,count,id,dlc,Viscosity (cp),Density (gm/cc),Dielectric constant (-),Temperature (C), Status
1591972498.019770,0,1cfd083f,8,  47.547321,0.86415482,2.33388643,   0.00000,0
1591972498.020192,1,18feee3f,8,   0.000000,0.00000000,0.00000000,  73.28125,0
1591972529.480678,4,1cfd083f,8,  20.578318,0.84987026,2.30324646,   0.00000,0
1591972529.481252,5,18feee3f,8,   0.000000,0.00000000,0.00000000,-250.15625,0
1591972560.941744,8,1cfd083f,8,  20.578318,0.84987026,2.30324646,   0.00000,0
1591972560.942329,9,18feee3f,8,   0.000000,0.00000000,0.00000000,-250.15625,0
1591972592.402849,12,1cfd083f,8,  20.578318,0.84987026,2.30324646,   0.00000,0
1591972592.403427,13,18feee3f,8,   0.000000,0.00000000,0.00000000,-250.15625,0
1591972623.863993,16,1cfd083f,8,  10.828227,0.82719199,2.26821192,   0.00000,0
1591972623.864567,17,18feee3f,8,   0.000000,0.00000000,0.00000000,  92.03125,0
1591972655.325154,20,1cfd083f,8,  10.828227,0.82719199,2.26821192,   0.00000,0
1591972655.325729,21,18feee3f,8,   0.000000,0.00000000,0.00000000,  92.21875,0
1591972686.786381,24,1cfd083f,8,  10.828227,0.82719199,2.26821192,   0.00000,0
1591972686.786932,25,18feee3f,8,   0.000000,0.00000000,0.00000000,  92.21875,0
1591972718.247529,28,1cfd083f,8,   7.734448,0.81489140,2.23867060,   0.00000,0
1591972718.248095,29,18feee3f,8,   0.000000,0.00000000,0.00000000,  93.12500,0
1591972749.708752,32,1cfd083f,8,   7.734448,0.81489140,2.23867060,   0.00000,0
1591972749.709325,33,18feee3f,8,   0.000000,0.00000000,0.00000000,  93.15625,0
1591972781.169938,36,1cfd083f,8,   7.734448,0.81489140,2.23867060,   0.00000,0
1591972781.170511,37,18feee3f,8,   0.000000,0.00000000,0.00000000,  93.15625,0
1591972812.633111,40,1cfd083f,8,   7.734448,0.81489140,2.23867060,   0.00000,0
1591972812.633672,41,18feee3f,8,   0.000000,0.00000000,0.00000000,  93.15625,0
1591972844.092327,44,1cfd083f,8,   7.000066,0.81095399,0.14013817,   0.00000,0
1591972844.092903,45,18feee3f,8,   0.000000,0.00000000,0.00000000,  92.56250,0
1591972875.553552,48,1cfd083f,8,   7.000066,0.81095399,0.14013817,   0.00000,0
1591972875.554096,49,18feee3f,8,   0.000000,0.00000000,0.00000000,  92.56250,0
1591972907.016317,52,1cfd083f,8,   7.000066,0.81095399,0.14013817,   0.00000,0
1591972907.016859,53,18feee3f,8,   0.000000,0.00000000,0.00000000,  92.56250,0
1591972938.475968,56,1cfd083f,8,   6.906315,0.80967204,2.21193693,   0.00000,0
1591972938.476520,57,18feee3f,8,   0.000000,0.00000000,0.00000000,  90.84375,0
1591972969.937146,60,1cfd083f,8,   6.906315,0.80967204,2.21193693,   0.00000,0
1591972969.937727,61,18feee3f,8,   0.000000,0.00000000,0.00000000,  90.68750,0
1591973001.399501,64,1cfd083f,8,   6.906315,0.80967204,2.21193693,   0.00000,0
1591973001.400087,65,18feee3f,8,   0.000000,0.00000000,0.00000000,  90.68750,0
1591973032.859540,68,1cfd083f,8,   6.906315,0.80967204,2.21193693,   0.00000,0
1591973032.860120,69,18feee3f,8,   0.000000,0.00000000,0.00000000,  90.68750,0
1591973064.320734,72,1cfd083f,8,   7.015691,0.80997727,2.21108242,   0.00000,0
1591973064.321299,73,18feee3f,8,   0.000000,0.00000000,0.00000000,  88.43750,0
1591973095.782690,76,1cfd083f,8,   7.015691,0.80997727,2.21108242,   0.00000,0
1591973095.783259,77,18feee3f,8,   0.000000,0.00000000,0.00000000,  88.43750,0
1591973127.243139,80,1cfd083f,8,   7.015691,0.80997727,2.21108242,   0.00000,0
1591973127.243717,81,18feee3f,8,   0.000000,0.00000000,0.00000000,  88.43750,0
1591973158.704360,84,1cfd083f,8,   7.312569,0.81226646,2.20925135,   0.00000,0
1591973158.704890,85,18feee3f,8,   0.000000,0.00000000,0.00000000,  85.90625,0
1591973190.165897,88,1cfd083f,8,   7.312569,0.81226646,2.20925135,   0.00000,0
1591973190.166462,89,18feee3f,8,   0.000000,0.00000000,0.00000000,  85.75000,0
1591973221.626753,92,1cfd083f,8,   7.312569,0.81226646,2.20925135,   0.00000,0
1591973221.627323,93,18feee3f,8,   0.000000,0.00000000,0.00000000,  85.75000,0
1591973253.087950,96,1cfd083f,8,   7.734448,0.81495244,2.20290363,   0.00000,0
1591973253.088515,97,18feee3f,8,   0.000000,0.00000000,0.00000000,  83.37500,0
1591973284.549147,100,1cfd083f,8,   7.734448,0.81495244,2.20290363,   0.00000,0
1591973284.549871,101,18feee3f,8,   0.000000,0.00000000,0.00000000,  83.18750,0
1591973316.010339,104,1cfd083f,8,   7.734448,0.81495244,2.20290363,   0.00000,0
1591973316.010913,105,18feee3f,8,   0.000000,0.00000000,0.00000000,  83.18750,0
1591973347.471549,108,1cfd083f,8,   7.734448,0.81495244,2.20290363,   0.00000,0
1591973347.472129,109,18feee3f,8,   0.000000,0.00000000,0.00000000,  83.18750,0
1591973378.932749,112,1cfd083f,8,   8.250077,0.81751634,2.20607749,   0.00000,0
1591973378.933330,113,18feee3f,8,   0.000000,0.00000000,0.00000000,  80.40625,0
1591973410.393957,116,1cfd083f,8,   8.250077,0.81751634,2.20607749,   0.00000,0
1591973410.394528,117,18feee3f,8,   0.000000,0.00000000,0.00000000,  80.40625,0
1591973441.855187,120,1cfd083f,8,   8.250077,0.81751634,2.20607749,   0.00000,0
1591973441.855718,121,18feee3f,8,   0.000000,0.00000000,0.00000000,  80.40625,0
1591973473.316381,124,1cfd083f,8,   8.781332,0.82017180,2.21108242,   0.00000,0
1591973473.316925,125,18feee3f,8,   0.000000,0.00000000,0.00000000,  77.93750,0
1591973504.777553,128,1cfd083f,8,   8.781332,0.82017180,2.21108242,   0.00000,0
1591973504.778128,129,18feee3f,8,   0.000000,0.00000000,0.00000000,  77.93750,0
1591973536.238779,132,1cfd083f,8,   8.781332,0.82017180,2.21108242,   0.00000,0
1591973536.239346,133,18feee3f,8,   0.000000,0.00000000,0.00000000,  77.93750,0
1591973567.701135,136,1cfd083f,8,   9.453214,0.82267465,2.21608736,   0.00000,0
1591973567.701702,137,18feee3f,8,   0.000000,0.00000000,0.00000000,  76.93750,0
1591973599.163111,140,1cfd083f,8,   9.453214,0.82267465,2.21608736,   0.00000,0
1591973599.163713,141,18feee3f,8,   0.000000,0.00000000,0.00000000,  76.93750,0
1591973630.622484,144,1cfd083f,8,   9.453214,0.82267465,2.21608736,   0.00000,0
1591973630.623057,145,18feee3f,8,   0.000000,0.00000000,0.00000000,  76.93750,0
1591973662.083792,148,1cfd083f,8,   9.453214,0.82267465,2.21608736,   0.00000,0
1591973662.084366,149,18feee3f,8,   0.000000,0.00000000,0.00000000,  76.93750,0
1591973693.546671,152,1cfd083f,8,  10.015719,0.82618475,2.22170265,   0.00000,0
1591973693.547242,153,18feee3f,8,   0.000000,0.00000000,0.00000000,  77.81250,0
1591973725.006390,156,1cfd083f,8,  10.015719,0.82618475,2.22170265,   0.00000,0
1591973725.006948,157,18feee3f,8,   0.000000,0.00000000,0.00000000,  77.81250,0
1591973756.467698,160,1cfd083f,8,  10.015719,0.82618475,2.22170265,   0.00000,0
1591973756.468297,161,18feee3f,8,   0.000000,0.00000000,0.00000000,  77.81250,0
1591973787.928981,164,1cfd083f,8,  10.250096,0.82673415,2.22377787,   0.00000,0
1591973787.929572,165,18feee3f,8,   0.000000,0.00000000,0.00000000,  79.65625,0
1591973819.390264,168,1cfd083f,8,  10.250096,0.82673415,2.22377787,   0.00000,0
1591973819.390841,169,18feee3f,8,   0.000000,0.00000000,0.00000000,  79.71875,0
1591973850.851543,172,1cfd083f,8,  10.250096,0.82673415,2.22377787,   0.00000,0
1591973850.852117,173,18feee3f,8,   0.000000,0.00000000,0.00000000,  79.71875,0
1591973882.313585,176,1cfd083f,8,  10.250096,0.82673415,2.22377787,   0.00000,0
1591973882.314128,177,18feee3f,8,   0.000000,0.00000000,0.00000000,  79.71875,0
1591973913.774072,180,1cfd083f,8,  10.046969,0.82575743,2.22438823,   0.00000,0
1591973913.774662,181,18feee3f,8,   0.000000,0.00000000,0.00000000,  81.34375,0
1591973945.235349,184,1cfd083f,8,  10.046969,0.82575743,2.22438823,   0.00000,0
1591973945.235913,185,18feee3f,8,   0.000000,0.00000000,0.00000000,  81.34375,0
1591973976.696982,188,1cfd083f,8,  10.046969,0.82575743,2.22438823,   0.00000,0
1591973976.697547,189,18feee3f,8,   0.000000,0.00000000,0.00000000,  81.34375,0
1591974008.157867,192,1cfd083f,8,   9.562590,0.82230838,2.22280130,   0.00000,0
1591974008.158467,193,18feee3f,8,   0.000000,0.00000000,0.00000000,  81.87500,0
1591974039.619150,196,1cfd083f,8,   9.562590,0.82230838,2.22280130,   0.00000,0
1591974039.619727,197,18feee3f,8,   0.000000,0.00000000,0.00000000,  81.87500,0
1591974071.080401,200,1cfd083f,8,   9.562590,0.82230838,2.22280130,   0.00000,0
1591974071.080967,201,18feee3f,8,   0.000000,0.00000000,0.00000000,  81.87500,0
1591974102.541664,204,1cfd083f,8,   9.562590,0.82230838,2.22280130,   0.00000,0
1591974102.542214,205,18feee3f,8,   0.000000,0.00000000,0.00000000,  81.87500,0
1591974134.002921,208,1cfd083f,8,   9.156336,0.82157584,0.13891745,   0.00000,0
1591974134.003462,209,18feee3f,8,   0.000000,0.00000000,0.00000000,  81.53125,0
1591974165.464162,212,1cfd083f,8,   9.156336,0.82157584,0.13891745,   0.00000,0
1591974165.464733,213,18feee3f,8,   0.000000,0.00000000,0.00000000,  81.53125,0
1591974196.925405,216,1cfd083f,8,   9.156336,0.82157584,0.13891745,   0.00000,0
1591974196.925975,217,18feee3f,8,   0.000000,0.00000000,0.00000000,  81.53125,0
1591974228.386648,220,1cfd083f,8,   9.156336,0.82157584,0.13891745,   0.00000,0
1591974228.387247,221,18feee3f,8,   0.000000,0.00000000,0.00000000,  81.53125,0
1591974259.847915,224,1cfd083f,8,   9.093835,0.05143052,2.21694186,   0.00000,0
1591974259.848479,225,18feee3f,8,   0.000000,0.00000000,0.00000000,  80.78125,0
1591974291.309166,228,1cfd083f,8,   9.093835,0.05143052,2.21694186,   0.00000,0
1591974291.309783,229,18feee3f,8,   0.000000,0.00000000,0.00000000,  80.78125,0
1591974322.770396,232,1cfd083f,8,   9.093835,0.05143052,2.21694186,   0.00000,0
1591974322.770967,233,18feee3f,8,   0.000000,0.00000000,0.00000000,  80.78125,0
1591974354.232787,236,1cfd083f,8,   9.203211,0.05161365,2.21779636,   0.00000,0
1591974354.233351,237,18feee3f,8,   0.000000,0.00000000,0.00000000,  80.09375,0
1591974385.694835,240,1cfd083f,8,   9.203211,0.05161365,2.21779636,   0.00000,0
1591974385.695398,241,18feee3f,8,   0.000000,0.00000000,0.00000000,  80.06250,0
1591974417.154086,244,1cfd083f,8,   9.203211,0.05161365,2.21779636,   0.00000,0
1591974417.154661,245,18feee3f,8,   0.000000,0.00000000,0.00000000,  80.06250,0
1591974448.615337,248,1cfd083f,8,   9.203211,0.05161365,2.21779636,   0.00000,0
1591974448.615906,249,18feee3f,8,   0.000000,0.00000000,0.00000000,  80.06250,0
1591974480.078160,252,1cfd083f,8,   9.359463,0.82157584,2.21828465,   0.00000,0
1591974480.078692,253,18feee3f,8,   0.000000,0.00000000,0.00000000,  79.81250,0
1591974511.537798,256,1cfd083f,8,   9.359463,0.82157584,2.21828465,   0.00000,0
1591974511.538382,257,18feee3f,8,   0.000000,0.00000000,0.00000000,  79.81250,0
1591974542.999021,260,1cfd083f,8,   9.359463,0.82157584,2.21828465,   0.00000,0
1591974542.999585,261,18feee3f,8,   0.000000,0.00000000,0.00000000,  79.81250,0
1591974574.461411,264,1cfd083f,8,   9.468839,0.82294936,0.13867331,   0.00000,0
1591974574.461982,265,18feee3f,8,   0.000000,0.00000000,0.00000000,  80.00000,0
1591974605.921475,268,1cfd083f,8,   9.468839,0.82294936,0.13867331,   0.00000,0
1591974605.922070,269,18feee3f,8,   0.000000,0.00000000,0.00000000,  80.00000,0
1591974637.382746,272,1cfd083f,8,   9.468839,0.82294936,0.13867331,   0.00000,0
1591974637.383275,273,18feee3f,8,   0.000000,0.00000000,0.00000000,  80.00000,0
1591974668.843927,276,1cfd083f,8,   9.625090,0.82185054,0.13964988,   0.00000,0
1591974668.844511,277,18feee3f,8,   0.000000,0.00000000,0.00000000,  80.50000,0
1591974700.305150,280,1cfd083f,8,   9.625090,0.82185054,0.13964988,   0.00000,0
1591974700.305717,281,18feee3f,8,   0.000000,0.00000000,0.00000000,  80.53125,0
1591974731.766381,284,1cfd083f,8,   9.625090,0.82185054,0.13964988,   0.00000,0
1591974731.766923,285,18feee3f,8,   0.000000,0.00000000,0.00000000,  80.53125,0
1591974763.227970,288,1cfd083f,8,   9.625090,0.82185054,0.13964988,   0.00000,0
1591974763.228530,289,18feee3f,8,   0.000000,0.00000000,0.00000000,  80.53125,0
1591974794.688813,292,1cfd083f,8,   9.531339,0.82294936,0.14013817,   0.00000,0
1591974794.689386,293,18feee3f,8,   0.000000,0.00000000,0.00000000,  81.18750,0
1591974826.150033,296,1cfd083f,8,   9.531339,0.82294936,0.14013817,   0.00000,0
1591974826.150612,297,18feee3f,8,   0.000000,0.00000000,0.00000000,  81.21875,0
1591974857.611273,300,1cfd083f,8,   9.531339,0.82294936,0.14013817,   0.00000,0
1591974857.611825,301,18feee3f,8,   0.000000,0.00000000,0.00000000,  81.21875,0
1591974889.072504,304,1cfd083f,8,   9.375088,0.82206420,0.13952781,   0.00000,0
1591974889.073046,305,18feee3f,8,   0.000000,0.00000000,0.00000000,  81.34375,0
1591974920.533715,308,1cfd083f,8,   9.375088,0.82206420,0.13952781,   0.00000,0
1591974920.534256,309,18feee3f,8,   0.000000,0.00000000,0.00000000,  81.37500,0
1591974951.994938,312,1cfd083f,8,   9.375088,0.82206420,0.13952781,   0.00000,0
1591974951.995481,313,18feee3f,8,   0.000000,0.00000000,0.00000000,  81.37500,0
1591974983.456138,316,1cfd083f,8,   9.203211,0.82218629,0.13867331,   0.00000,0
1591974983.456719,317,18feee3f,8,   0.000000,0.00000000,0.00000000,  81.34375,0
1591975014.917355,320,1cfd083f,8,   9.203211,0.82218629,0.13867331,   0.00000,0
1591975014.917916,321,18feee3f,8,   0.000000,0.00000000,0.00000000,  81.31250,0
1591975046.378559,324,1cfd083f,8,   9.203211,0.82218629,0.13867331,   0.00000,0
1591975046.379144,325,18feee3f,8,   0.000000,0.00000000,0.00000000,  81.31250,0
1591975077.839786,328,1cfd083f,8,   9.203211,0.82218629,0.13867331,   0.00000,0
1591975077.840351,329,18feee3f,8,   0.000000,0.00000000,0.00000000,  81.31250,0
1591975109.301026,332,1cfd083f,8,   9.156336,0.82215577,2.21706393,   0.00000,0
1591975109.301555,333,18feee3f,8,   0.000000,0.00000000,0.00000000,  81.12500,0
1591975140.762219,336,1cfd083f,8,   9.156336,0.82215577,2.21706393,   0.00000,0
1591975140.762786,337,18feee3f,8,   0.000000,0.00000000,0.00000000,  81.12500,0
1591975172.225396,340,1cfd083f,8,   9.156336,0.82215577,2.21706393,   0.00000,0
1591975172.225945,341,18feee3f,8,   0.000000,0.00000000,0.00000000,  81.12500,0
1591975203.684649,344,1cfd083f,8,   9.265712,0.05158313,2.21852879,   0.00000,0
1591975203.685200,345,18feee3f,8,   0.000000,0.00000000,0.00000000,  80.96875,0
1591975235.145876,348,1cfd083f,8,   9.265712,0.05158313,2.21852879,   0.00000,0
1591975235.146513,349,18feee3f,8,   0.000000,0.00000000,0.00000000,  80.93750,0
1591975266.608634,352,1cfd083f,8,   9.265712,0.05158313,2.21852879,   0.00000,0
1591975266.609190,353,18feee3f,8,   0.000000,0.00000000,0.00000000,  80.93750,0
1591975298.068282,356,1cfd083f,8,   9.265712,0.05158313,2.21852879,   0.00000,0
1591975298.068851,357,18feee3f,8,   0.000000,0.00000000,0.00000000,  80.93750,0
1591975329.529509,360,1cfd083f,8,   9.328212,0.82093487,2.21767429,   0.00000,0
1591975329.530090,361,18feee3f,8,   0.000000,0.00000000,0.00000000,  80.90625,0
1591975360.991927,364,1cfd083f,8,   9.328212,0.82093487,2.21767429,   0.00000,0
1591975360.992456,365,18feee3f,8,   0.000000,0.00000000,0.00000000,  80.90625,0
1591975392.451913,368,1cfd083f,8,   9.328212,0.82093487,2.21767429,   0.00000,0
1591975392.452478,369,18feee3f,8,   0.000000,0.00000000,0.00000000,  80.90625,0
1591975423.913131,372,1cfd083f,8,   9.281337,0.82194211,2.21828465,   0.00000,0
1591975423.913699,373,18feee3f,8,   0.000000,0.00000000,0.00000000,  81.06250,0
1591975455.375097,376,1cfd083f,8,   9.281337,0.82194211,2.21828465,   0.00000,0
1591975455.375669,377,18feee3f,8,   0.000000,0.00000000,0.00000000,  81.06250,0
1591975486.835552,380,1cfd083f,8,   9.281337,0.82194211,2.21828465,   0.00000,0
1591975486.836122,381,18feee3f,8,   0.000000,0.00000000,0.00000000,  81.06250,0
1591975518.296775,384,1cfd083f,8,   9.296962,0.82160636,0.13867331,   0.00000,0
1591975518.297338,385,18feee3f,8,   0.000000,0.00000000,0.00000000,  81.18750,0
1591975549.758334,388,1cfd083f,8,   9.296962,0.82160636,0.13867331,   0.00000,0
1591975549.758898,389,18feee3f,8,   0.000000,0.00000000,0.00000000,  81.18750,0
1591975581.219204,392,1cfd083f,8,   9.296962,0.82160636,0.13867331,   0.00000,0
1591975581.219749,393,18feee3f,8,   0.000000,0.00000000,0.00000000,  81.18750,0
1591975612.680402,396,1cfd083f,8,   9.296962,0.82160636,0.13867331,   0.00000,0
1591975612.680963,397,18feee3f,8,   0.000000,0.00000000,0.00000000,  81.18750,0
1591975644.141631,400,1cfd083f,8,   9.296962,0.82124009,2.21852879,   0.00000,0
1591975644.142180,401,18feee3f,8,   0.000000,0.00000000,0.00000000,  81.28125,0
1591975675.602924,404,1cfd083f,8,   9.296962,0.82124009,2.21852879,   0.00000,0
1591975675.603493,405,18feee3f,8,   0.000000,0.00000000,0.00000000,  81.28125,0
1591975707.064235,408,1cfd083f,8,   9.296962,0.82124009,2.21852879,   0.00000,0
1591975707.064787,409,18feee3f,8,   0.000000,0.00000000,0.00000000,  81.28125,0
1591975738.527505,412,1cfd083f,8,   9.203211,0.82182002,2.21779636,   0.00000,0
1591975738.528073,413,18feee3f,8,   0.000000,0.00000000,0.00000000,  81.37500,0
1591975769.986809,416,1cfd083f,8,   9.203211,0.82182002,2.21779636,   0.00000,0
1591975769.987387,417,18feee3f,8,   0.000000,0.00000000,0.00000000,  81.37500,0
1591975801.448109,420,1cfd083f,8,   9.203211,0.82182002,2.21779636,   0.00000,0
1591975801.448682,421,18feee3f,8,   0.000000,0.00000000,0.00000000,  81.37500,0
1591975832.910969,424,1cfd083f,8,   9.234462,0.82111800,2.21779636,   0.00000,0
1591975832.911540,425,18feee3f,8,   0.000000,0.00000000,0.00000000,  81.34375,0
1591975864.370685,428,1cfd083f,8,   9.234462,0.82111800,2.21779636,   0.00000,0
1591975864.371242,429,18feee3f,8,   0.000000,0.00000000,0.00000000,  81.34375,0
1591975895.831954,432,1cfd083f,8,   9.234462,0.82111800,2.21779636,   0.00000,0
1591975895.832542,433,18feee3f,8,   0.000000,0.00000000,0.00000000,  81.34375,0
1591975927.293253,436,1cfd083f,8,   9.234462,0.82111800,2.21779636,   0.00000,0
1591975927.293810,437,18feee3f,8,   0.000000,0.00000000,0.00000000,  81.34375,0
1591975958.756474,440,1cfd083f,8,   9.203211,0.82154532,2.21791843,   0.00000,0
1591975958.757038,441,18feee3f,8,   0.000000,0.00000000,0.00000000,  81.40625,0
1591975990.215787,444,1cfd083f,8,   9.203211,0.82154532,2.21791843,   0.00000,0
1591975990.216363,445,18feee3f,8,   0.000000,0.00000000,0.00000000,  81.40625,0
1591976021.677056,448,1cfd083f,8,   9.203211,0.82154532,2.21791843,   0.00000,0
1591976021.677631,449,18feee3f,8,   0.000000,0.00000000,0.00000000,  81.40625,0
1591976053.139888,452,1cfd083f,8,   9.203211,0.82163689,2.21657564,   0.00000,0
1591976053.140430,453,18feee3f,8,   0.000000,0.00000000,0.00000000,  81.40625,0
1591976084.599569,456,1cfd083f,8,   9.203211,0.82163689,2.21657564,   0.00000,0
1591976084.600152,457,18feee3f,8,   0.000000,0.00000000,0.00000000,  81.37500,0
1591976116.060870,460,1cfd083f,8,   9.203211,0.82163689,2.21657564,   0.00000,0
1591976116.061411,461,18feee3f,8,   0.000000,0.00000000,0.00000000,  81.37500,0
1591976147.523263,464,1cfd083f,8,   9.203211,0.82163689,2.21657564,   0.00000,0
1591976147.523845,465,18feee3f,8,   0.000000,0.00000000,0.00000000,  81.37500,0
1591976178.983368,468,1cfd083f,8,   9.203211,0.82163689,2.21657564,   0.00000,0
1591976178.983928,469,18feee3f,8,   0.000000,0.00000000,0.00000000,  81.37500,0
1591976210.444599,472,1cfd083f,8,   9.140711,0.82120957,2.21755222,   0.00000,0
1591976210.445198,473,18feee3f,8,   0.000000,0.00000000,0.00000000,  81.37500,0
1591976241.906657,476,1cfd083f,8,   9.140711,0.82120957,2.21755222,   0.00000,0
1591976241.907186,477,18feee3f,8,   0.000000,0.00000000,0.00000000,  81.37500,0
1591976273.367119,480,1cfd083f,8,   9.140711,0.82120957,2.21755222,   0.00000,0
1591976273.367672,481,18feee3f,8,   0.000000,0.00000000,0.00000000,  81.37500,0
1591976304.828380,484,1cfd083f,8,   9.140711,0.82120957,2.21755222,   0.00000,0
1591976304.828957,485,18feee3f,8,   0.000000,0.00000000,0.00000000,  81.37500,0
1591976336.290011,488,1cfd083f,8,   9.171961,0.82136218,2.21730807,   0.00000,0
1591976336.290553,489,18feee3f,8,   0.000000,0.00000000,0.00000000,  81.31250,0
1591976367.750879,492,1cfd083f,8,   9.171961,0.82136218,2.21730807,   0.00000,0
1591976367.751419,493,18feee3f,8,   0.000000,0.00000000,0.00000000,  81.31250,0
1591976399.212134,496,1cfd083f,8,   9.171961,0.82136218,2.21730807,   0.00000,0
1591976399.212701,497,18feee3f,8,   0.000000,0.00000000,0.00000000,  81.31250,0
1591976430.673365,500,1cfd083f,8,   9.187586,0.82139271,2.21681979,   0.00000,0
1591976430.673930,501,18feee3f,8,   0.000000,0.00000000,0.00000000,  81.25000,0
1591976462.134618,504,1cfd083f,8,   9.187586,0.82139271,2.21681979,   0.00000,0
1591976462.135185,505,18feee3f,8,   0.000000,0.00000000,0.00000000,  81.25000,0
1591976493.595862,508,1cfd083f,8,   9.187586,0.82139271,2.21681979,   0.00000,0
1591976493.596401,509,18feee3f,8,   0.000000,0.00000000,0.00000000,  81.25000,0
1591976525.057085,512,1cfd083f,8,   9.187586,0.82139271,2.21681979,   0.00000,0
1591976525.057653,513,18feee3f,8,   0.000000,0.00000000,0.00000000,  81.25000,0
1591976556.518313,516,1cfd083f,8,   9.171961,0.05173575,2.21791843,   0.00000,0
1591976556.518910,517,18feee3f,8,   0.000000,0.00000000,0.00000000,  81.21875,0
1591976587.979574,520,1cfd083f,8,   9.171961,0.05173575,2.21791843,   0.00000,0
1591976587.980143,521,18feee3f,8,   0.000000,0.00000000,0.00000000,  81.21875,0
1591976619.440814,524,1cfd083f,8,   9.171961,0.05173575,2.21791843,   0.00000,0
1591976619.441366,525,18feee3f,8,   0.000000,0.00000000,0.00000000,  81.21875,0
1591976650.902035,528,1cfd083f,8,   9.187586,0.82236943,2.21706393,   0.00000,0
1591976650.902609,529,18feee3f,8,   0.000000,0.00000000,0.00000000,  81.28125,0
1591976682.363264,532,1cfd083f,8,   9.187586,0.82236943,2.21706393,   0.00000,0
1591976682.363823,533,18feee3f,8,   0.000000,0.00000000,0.00000000,  81.28125,0
1591976713.824504,536,1cfd083f,8,   9.187586,0.82236943,2.21706393,   0.00000,0
1591976713.825149,537,18feee3f,8,   0.000000,0.00000000,0.00000000,  81.28125,0
1591976745.285755,540,1cfd083f,8,   9.234462,0.82108748,2.21755222,   0.00000,0
1591976745.286316,541,18feee3f,8,   0.000000,0.00000000,0.00000000,  81.31250,0
1591976776.746980,544,1cfd083f,8,   9.234462,0.82108748,2.21755222,   0.00000,0
1591976776.747526,545,18feee3f,8,   0.000000,0.00000000,0.00000000,  81.34375,0
1591976808.208230,548,1cfd083f,8,   9.234462,0.82108748,2.21755222,   0.00000,0
1591976808.208764,549,18feee3f,8,   0.000000,0.00000000,0.00000000,  81.34375,0
1591976839.670993,552,1cfd083f,8,   9.234462,0.82108748,2.21755222,   0.00000,0
1591976839.671566,553,18feee3f,8,   0.000000,0.00000000,0.00000000,  81.34375,0
1591976871.130680,556,1cfd083f,8,   9.250087,0.05149156,2.21755222,   0.00000,0
1591976871.131249,557,18feee3f,8,   0.000000,0.00000000,0.00000000,  81.31250,0
1591976902.591923,560,1cfd083f,8,   9.250087,0.05149156,2.21755222,   0.00000,0
1591976902.592499,561,18feee3f,8,   0.000000,0.00000000,0.00000000,  81.31250,0
1591976934.054327,564,1cfd083f,8,   9.250087,0.05149156,2.21755222,   0.00000,0
1591976934.054898,565,18feee3f,8,   0.000000,0.00000000,0.00000000,  81.31250,0
1591976965.514385,568,1cfd083f,8,   9.203211,0.82136218,2.21743015,   0.00000,0
1591976965.514958,569,18feee3f,8,   0.000000,0.00000000,0.00000000,  81.28125,0
1591976996.975622,572,1cfd083f,8,   9.203211,0.82136218,2.21743015,   0.00000,0
1591976996.976168,573,18feee3f,8,   0.000000,0.00000000,0.00000000,  81.28125,0
1591977028.437621,576,1cfd083f,8,   9.203211,0.82136218,2.21743015,   0.00000,0
1591977028.438157,577,18feee3f,8,   0.000000,0.00000000,0.00000000,  81.28125,0
1591977059.898079,580,1cfd083f,8,   9.203211,0.82136218,2.21743015,   0.00000,0
1591977059.898648,581,18feee3f,8,   0.000000,0.00000000,0.00000000,  81.28125,0
1591977091.359298,584,1cfd083f,8,   9.203211,0.82124009,2.22536480,   0.00000,0
1591977091.359876,585,18feee3f,8,   0.000000,0.00000000,0.00000000,  81.25000,0
1591977122.820904,588,1cfd083f,8,   9.203211,0.82124009,2.22536480,   0.00000,0
1591977122.821472,589,18feee3f,8,   0.000000,0.00000000,0.00000000,  81.25000,0
1591977154.281741,592,1cfd083f,8,   9.203211,0.82124009,2.22536480,   0.00000,0
1591977154.282344,593,18feee3f,8,   0.000000,0.00000000,0.00000000,  81.25000,0
1591977185.742967,596,1cfd083f,8,   9.203211,0.82124009,2.22536480,   0.00000,0
1591977185.743588,597,18feee3f,8,   0.000000,0.00000000,0.00000000,  81.25000,0
1591977217.204223,600,1cfd083f,8,   9.187586,0.82169793,2.22634137,   0.00000,0
1591977217.204798,601,18feee3f,8,   0.000000,0.00000000,0.00000000,  81.25000,0
1591977248.665456,604,1cfd083f,8,   9.187586,0.82169793,2.22634137,   0.00000,0
1591977248.666017,605,18feee3f,8,   0.000000,0.00000000,0.00000000,  81.21875,0
1591977280.126678,608,1cfd083f,8,   9.187586,0.82169793,2.22634137,   0.00000,0
1591977280.127243,609,18feee3f,8,   0.000000,0.00000000,0.00000000,  81.21875,0
1591977311.587892,612,1cfd083f,8,   9.187586,0.82169793,2.22634137,   0.00000,0
1591977311.588449,613,18feee3f,8,   0.000000,0.00000000,0.00000000,  81.21875,0
1591977343.049107,616,1cfd083f,8,   9.187586,0.82148427,2.22548687,   0.00000,0
1591977343.049686,617,18feee3f,8,   0.000000,0.00000000,0.00000000,  81.21875,0
1591977374.510357,620,1cfd083f,8,   9.187586,0.82148427,2.22548687,   0.00000,0
1591977374.510934,621,18feee3f,8,   0.000000,0.00000000,0.00000000,  81.21875,0
1591977405.971572,624,1cfd083f,8,   9.187586,0.82148427,2.22548687,   0.00000,0
1591977405.972155,625,18feee3f,8,   0.000000,0.00000000,0.00000000,  81.21875,0
1591977437.432797,628,1cfd083f,8,   9.234462,0.82157584,2.22487651,   0.00000,0
1591977437.433369,629,18feee3f,8,   0.000000,0.00000000,0.00000000,  81.28125,0
1591977468.894024,632,1cfd083f,8,   9.234462,0.82157584,2.22487651,   0.00000,0
1591977468.894589,633,18feee3f,8,   0.000000,0.00000000,0.00000000,  81.28125,0
1591977500.355217,636,1cfd083f,8,   9.234462,0.82157584,2.22487651,   0.00000,0
1591977500.355783,637,18feee3f,8,   0.000000,0.00000000,0.00000000,  81.28125,0
1591977531.816465,640,1cfd083f,8,   9.218836,0.05155261,2.22548687,   0.00000,0
1591977531.817038,641,18feee3f,8,   0.000000,0.00000000,0.00000000,  81.25000,0
1591977563.277694,644,1cfd083f,8,   9.218836,0.05155261,2.22548687,   0.00000,0
1591977563.278261,645,18feee3f,8,   0.000000,0.00000000,0.00000000,  81.28125,0
1591977594.738921,648,1cfd083f,8,   9.218836,0.05155261,2.22548687,   0.00000,0
1591977594.739475,649,18feee3f,8,   0.000000,0.00000000,0.00000000,  81.28125,0
1591977626.201716,652,1cfd083f,8,   9.218836,0.05155261,2.22548687,   0.00000,0
1591977626.202253,653,18feee3f,8,   0.000000,0.00000000,0.00000000,  81.28125,0
1591977657.661337,656,1cfd083f,8,   9.203211,0.82139271,2.22597516,   0.00000,0
1591977657.661920,657,18feee3f,8,   0.000000,0.00000000,0.00000000,  81.28125,0
1591977689.122559,660,1cfd083f,8,   9.203211,0.82139271,2.22597516,   0.00000,0
1591977689.123133,661,18feee3f,8,   0.000000,0.00000000,0.00000000,  81.28125,0
1591977720.585022,664,1cfd083f,8,   9.203211,0.82139271,2.22597516,   0.00000,0
1591977720.585590,665,18feee3f,8,   0.000000,0.00000000,0.00000000,  81.28125,0
1591977752.045195,668,1cfd083f,8,   9.203211,0.82139271,2.22597516,   0.00000,0
1591977752.045770,669,18feee3f,8,   0.000000,0.00000000,0.00000000,  81.28125,0
1591977783.506497,672,1cfd083f,8,   9.203211,0.82099591,2.22487651,   0.00000,0
1591977783.507075,673,18feee3f,8,   0.000000,0.00000000,0.00000000,  81.25000,0
1591977814.968584,676,1cfd083f,8,   9.203211,0.82099591,2.22487651,   0.00000,0
1591977814.969150,677,18feee3f,8,   0.000000,0.00000000,0.00000000,  81.25000,0
1591977846.429128,680,1cfd083f,8,   9.203211,0.82099591,2.22487651,   0.00000,0
1591977846.429716,681,18feee3f,8,   0.000000,0.00000000,0.00000000,  81.25000,0
1591977877.890405,684,1cfd083f,8,   9.203211,0.82124009,2.22585308,   0.00000,0
1591977877.890981,685,18feee3f,8,   0.000000,0.00000000,0.00000000,  81.28125,0
1591977909.352082,688,1cfd083f,8,   9.203211,0.82124009,2.22585308,   0.00000,0
1591977909.352645,689,18feee3f,8,   0.000000,0.00000000,0.00000000,  81.28125,0
1591977940.813003,692,1cfd083f,8,   9.203211,0.82124009,2.22585308,   0.00000,0
1591977940.813565,693,18feee3f,8,   0.000000,0.00000000,0.00000000,  81.28125,0
1591977972.274308,696,1cfd083f,8,   9.203211,0.82124009,2.22585308,   0.00000,0
1591977972.274877,697,18feee3f,8,   0.000000,0.00000000,0.00000000,  81.28125,0
1591978003.735578,700,1cfd083f,8,   9.171961,0.82148427,2.21779636,   0.00000,0
1591978003.736164,701,18feee3f,8,   0.000000,0.00000000,0.00000000,  81.31250,0
1591978035.196883,704,1cfd083f,8,   9.171961,0.82148427,2.21779636,   0.00000,0
1591978035.197446,705,18feee3f,8,   0.000000,0.00000000,0.00000000,  81.31250,0
1591978066.658177,708,1cfd083f,8,   9.171961,0.82148427,2.21779636,   0.00000,0
1591978066.658716,709,18feee3f,8,   0.000000,0.00000000,0.00000000,  81.31250,0
1591978098.119421,712,1cfd083f,8,   9.171961,0.82148427,2.21779636,   0.00000,0
1591978098.119994,713,18feee3f,8,   0.000000,0.00000000,0.00000000,  81.31250,0
1591978129.580700,716,1cfd083f,8,   9.250087,0.05155261,2.21694186,   0.00000,0
1591978129.581278,717,18feee3f,8,   0.000000,0.00000000,0.00000000,  81.31250,0
1591978161.041995,720,1cfd083f,8,   9.250087,0.05155261,2.21694186,   0.00000,0
1591978161.042564,721,18feee3f,8,   0.000000,0.00000000,0.00000000,  81.31250,0
1591978192.503254,724,1cfd083f,8,   9.250087,0.05155261,2.21694186,   0.00000,0
1591978192.503853,725,18feee3f,8,   0.000000,0.00000000,0.00000000,  81.31250,0
1591978223.964532,728,1cfd083f,8,   9.265712,0.05173575,2.21791843,   0.00000,0
1591978223.965071,729,18feee3f,8,   0.000000,0.00000000,0.00000000,  81.31250,0
1591978255.425806,732,1cfd083f,8,   9.265712,0.05173575,2.21791843,   0.00000,0
1591978255.426357,733,18feee3f,8,   0.000000,0.00000000,0.00000000,  81.31250,0
1591978286.887063,736,1cfd083f,8,   9.265712,0.05173575,2.21791843,   0.00000,0
1591978286.887624,737,18feee3f,8,   0.000000,0.00000000,0.00000000,  81.31250,0
1591978318.350287,740,1cfd083f,8,   9.265712,0.05173575,2.21791843,   0.00000,0
1591978318.350870,741,18feee3f,8,   0.000000,0.00000000,0.00000000,  81.31250,0
1591978349.809589,744,1cfd083f,8,   9.265712,0.05130843,2.21730807,   0.00000,0
1591978349.810167,745,18feee3f,8,   0.000000,0.00000000,0.00000000,  81.28125,0
1591978381.270837,748,1cfd083f,8,   9.265712,0.05130843,2.21730807,   0.00000,0
1591978381.271402,749,18feee3f,8,   0.000000,0.00000000,0.00000000,  81.28125,0
1591978412.733663,752,1cfd083f,8,   9.265712,0.05130843,2.21730807,   0.00000,0
1591978412.734230,753,18feee3f,8,   0.000000,0.00000000,0.00000000,  81.28125,0
1591978444.193363,756,1cfd083f,8,   9.250087,0.05149156,2.21706393,   0.00000,0
1591978444.193928,757,18feee3f,8,   0.000000,0.00000000,0.00000000,  81.31250,0
1591978475.654614,760,1cfd083f,8,   9.250087,0.05149156,2.21706393,   0.00000,0
1591978475.655177,761,18feee3f,8,   0.000000,0.00000000,0.00000000,  81.31250,0
1591978507.117018,764,1cfd083f,8,   9.250087,0.05149156,2.21706393,   0.00000,0
1591978507.117601,765,18feee3f,8,   0.000000,0.00000000,0.00000000,  81.31250,0
1591978538.577117,768,1cfd083f,8,   9.171961,0.82182002,2.21669772,   0.00000,0
1591978538.577679,769,18feee3f,8,   0.000000,0.00000000,0.00000000,  81.28125,0
1591978570.038372,772,1cfd083f,8,   9.171961,0.82182002,2.21669772,   0.00000,0
1591978570.038943,773,18feee3f,8,   0.000000,0.00000000,0.00000000,  81.28125,0
1591978601.500372,776,1cfd083f,8,   9.171961,0.82182002,2.21669772,   0.00000,0
1591978601.500970,777,18feee3f,8,   0.000000,0.00000000,0.00000000,  81.28125,0
1591978632.960875,780,1cfd083f,8,   9.171961,0.82227786,2.21559907,   0.00000,0
1591978632.961420,781,18feee3f,8,   0.000000,0.00000000,0.00000000,  81.28125,0
1591978664.422105,784,1cfd083f,8,   9.171961,0.82227786,2.21559907,   0.00000,0
1591978664.422681,785,18feee3f,8,   0.000000,0.00000000,0.00000000,  81.28125,0
1591978695.883737,788,1cfd083f,8,   9.171961,0.82227786,2.21559907,   0.00000,0
1591978695.884312,789,18feee3f,8,   0.000000,0.00000000,0.00000000,  81.28125,0
1591978727.344637,792,1cfd083f,8,   9.171961,0.82227786,2.21559907,   0.00000,0
1591978727.345176,793,18feee3f,8,   0.000000,0.00000000,0.00000000,  81.28125,0
1591978758.805867,796,1cfd083f,8,   9.218836,0.82157584,2.21706393,   0.00000,0
1591978758.806453,797,18feee3f,8,   0.000000,0.00000000,0.00000000,  81.28125,0
1591978790.267117,800,1cfd083f,8,   9.218836,0.82157584,2.21706393,   0.00000,0
1591978790.267693,801,18feee3f,8,   0.000000,0.00000000,0.00000000,  81.28125,0
1591978821.728358,804,1cfd083f,8,   9.218836,0.82157584,2.21706393,   0.00000,0
1591978821.728952,805,18feee3f,8,   0.000000,0.00000000,0.00000000,  81.28125,0
1591978853.189600,808,1cfd083f,8,   9.203211,0.82105696,2.21828465,   0.00000,0
1591978853.190177,809,18feee3f,8,   0.000000,0.00000000,0.00000000,  81.31250,0
1591978884.650884,812,1cfd083f,8,   9.203211,0.82105696,2.21828465,   0.00000,0
1591978884.651427,813,18feee3f,8,   0.000000,0.00000000,0.00000000,  81.31250,0
1591978916.112124,816,1cfd083f,8,   9.203211,0.82105696,2.21828465,   0.00000,0
1591978916.112666,817,18feee3f,8,   0.000000,0.00000000,0.00000000,  81.31250,0
1591978947.573349,820,1cfd083f,8,   9.171961,0.82191159,2.21718600,   0.00000,0
1591978947.573928,821,18feee3f,8,   0.000000,0.00000000,0.00000000,  81.34375,0
1591978979.034596,824,1cfd083f,8,   9.171961,0.82191159,2.21718600,   0.00000,0
1591978979.035162,825,18feee3f,8,   0.000000,0.00000000,0.00000000,  81.34375,0
1591979010.495858,828,1cfd083f,8,   9.171961,0.82191159,2.21718600,   0.00000,0
1591979010.496425,829,18feee3f,8,   0.000000,0.00000000,0.00000000,  81.34375,0
1591979041.957098,832,1cfd083f,8,   9.171961,0.82191159,2.21718600,   0.00000,0
1591979041.957662,833,18feee3f,8,   0.000000,0.00000000,0.00000000,  81.34375,0
1591979073.419476,836,1cfd083f,8,   9.296962,0.81995815,2.21718600,   0.00000,0
1591979073.420068,837,18feee3f,8,   0.000000,0.00000000,0.00000000,  81.34375,0
1591979104.881543,840,1cfd083f,8,   9.296962,0.81995815,2.21718600,   0.00000,0
1591979104.882153,841,18feee3f,8,   0.000000,0.00000000,0.00000000,  81.34375,0
1591979136.340798,844,1cfd083f,8,   9.296962,0.81995815,2.21718600,   0.00000,0
1591979136.341374,845,18feee3f,8,   0.000000,0.00000000,0.00000000,  81.34375,0
1591979167.802062,848,1cfd083f,8,   9.296962,0.81995815,2.21718600,   0.00000,0
1591979167.802639,849,18feee3f,8,   0.000000,0.00000000,0.00000000,  81.34375,0
1591979199.264880,852,1cfd083f,8,   9.218836,0.05167470,2.21657564,   0.00000,0
1591979199.265437,853,18feee3f,8,   0.000000,0.00000000,0.00000000,  81.28125,0
1591979230.724545,856,1cfd083f,8,   9.218836,0.05167470,2.21657564,   0.00000,0
1591979230.725089,857,18feee3f,8,   0.000000,0.00000000,0.00000000,  81.28125,0
1591979262.186159,860,1cfd083f,8,   9.234462,0.05173575,2.21645357,   0.00000,0
1591979262.186726,861,18feee3f,8,   0.000000,0.00000000,0.00000000,  81.28125,0
1591979293.648197,864,1cfd083f,8,   9.234462,0.05173575,2.21645357,   0.00000,0
1591979293.648772,865,18feee3f,8,   0.000000,0.00000000,0.00000000,  81.25000,0
1591979325.108270,868,1cfd083f,8,   9.234462,0.05173575,2.21645357,   0.00000,0
1591979325.108846,869,18feee3f,8,   0.000000,0.00000000,0.00000000,  81.25000,0
1591979356.569491,872,1cfd083f,8,   9.234462,0.05173575,2.21645357,   0.00000,0
1591979356.570081,873,18feee3f,8,   0.000000,0.00000000,0.00000000,  81.25000,0
1591979388.030727,876,1cfd083f,8,   9.203211,0.82157584,2.21706393,   0.00000,0
1591979388.031304,877,18feee3f,8,   0.000000,0.00000000,0.00000000,  81.28125,0
1591979419.491956,880,1cfd083f,8,   9.203211,0.82157584,2.21706393,   0.00000,0
1591979419.492531,881,18feee3f,8,   0.000000,0.00000000,0.00000000,  81.28125,0
1591979450.953215,884,1cfd083f,8,   9.203211,0.82157584,2.21706393,   0.00000,0
1591979450.953758,885,18feee3f,8,   0.000000,0.00000000,0.00000000,  81.28125,0
1591979482.414812,888,1cfd083f,8,   9.203211,0.82157584,2.21706393,   0.00000,0
1591979482.415388,889,18feee3f,8,   0.000000,0.00000000,0.00000000,  81.28125,0
1591979513.875663,892,1cfd083f,8,   9.234462,0.82096539,2.21657564,   0.00000,0
1591979513.876263,893,18feee3f,8,   0.000000,0.00000000,0.00000000,  81.37500,0
1591979545.336937,896,1cfd083f,8,   9.234462,0.82096539,2.21657564,   0.00000,0
1591979545.337476,897,18feee3f,8,   0.000000,0.00000000,0.00000000,  81.37500,0
1591979576.798165,900,1cfd083f,8,   9.234462,0.82096539,2.21657564,   0.00000,0
1591979576.798704,901,18feee3f,8,   0.000000,0.00000000,0.00000000,  81.37500,0
1591979608.259393,904,1cfd083f,8,   9.203211,0.82142323,2.21743015,   0.00000,0
1591979608.259968,905,18feee3f,8,   0.000000,0.00000000,0.00000000,  81.37500,0
1591979639.720624,908,1cfd083f,8,   9.203211,0.82142323,2.21743015,   0.00000,0
1591979639.721187,909,18feee3f,8,   0.000000,0.00000000,0.00000000,  81.37500,0
1591979671.181836,912,1cfd083f,8,   9.203211,0.82142323,2.21743015,   0.00000,0
1591979671.182465,913,18feee3f,8,   0.000000,0.00000000,0.00000000,  81.37500,0
