timestamp,count,id,dlc,Viscosity (cp),Density (gm/cc),Dielectric constant (-),Temperature (C), Status
1591116219.666140,0,1cfd083f,8,   0.515630,0.82899282,2.21425628,   0.00000,0
1591116219.666513,1,18feee3f,8,   0.000000,0.00000000,0.00000000,  80.53125,0
1591116251.127217,4,1cfd083f,8,   0.515630,0.82899282,2.21425628,   0.00000,0
1591116251.127795,5,18feee3f,8,   0.000000,0.00000000,0.00000000,  80.53125,0
1591116282.588538,8,1cfd083f,8,   7.937574,0.83112940,2.21425628,   0.00000,0
1591116282.589080,9,18feee3f,8,   0.000000,0.00000000,0.00000000,  80.37500,0
1591116314.049814,12,1cfd083f,8,   7.937574,0.83112940,2.21425628,   0.00000,0
1591116314.050395,13,18feee3f,8,   0.000000,0.00000000,0.00000000,  80.34375,0
1591116345.511158,16,1cfd083f,8,   7.937574,0.83112940,2.21425628,   0.00000,0
1591116345.511680,17,18feee3f,8,   0.000000,0.00000000,0.00000000,  80.34375,0
1591116376.972395,20,1cfd083f,8,   0.531255,0.82899282,2.21523286,   0.00000,0
1591116376.972962,21,18feee3f,8,   0.000000,0.00000000,0.00000000,-250.53125,0
1591116408.433683,24,1cfd083f,8,   0.531255,0.82899282,2.21523286,   0.00000,0
1591116408.434243,25,18feee3f,8,   0.000000,0.00000000,0.00000000,-250.59375,0
1591116439.894957,28,1cfd083f,8,   0.531255,0.82899282,2.21523286,   0.00000,0
1591116439.895531,29,18feee3f,8,   0.000000,0.00000000,0.00000000,-250.59375,0
1591116471.358224,32,1cfd083f,8,   0.531255,0.82899282,2.21523286,   0.00000,0
1591116471.358792,33,18feee3f,8,   0.000000,0.00000000,0.00000000,-250.59375,0
1591116502.817546,36,1cfd083f,8,   7.968825,0.83128202,2.21547700,   0.00000,0
1591116502.818116,37,18feee3f,8,   0.000000,0.00000000,0.00000000,  78.68750,0
1591116534.278841,40,1cfd083f,8,   7.968825,0.83128202,2.21547700,   0.00000,0
1591116534.279419,41,18feee3f,8,   0.000000,0.00000000,0.00000000,  78.68750,0
1591116565.740119,44,1cfd083f,8,   8.312578,0.83088522,2.21791843,   0.00000,0
1591116565.740694,45,18feee3f,8,   0.000000,0.00000000,0.00000000,  78.46875,0
1591116597.201374,48,1cfd083f,8,   8.312578,0.83088522,2.21791843,   0.00000,0
1591116597.202051,49,18feee3f,8,   0.000000,0.00000000,0.00000000,  78.56250,0
1591116628.662683,52,1cfd083f,8,   8.312578,0.83088522,2.21791843,   0.00000,0
1591116628.663262,53,18feee3f,8,   0.000000,0.00000000,0.00000000,  78.56250,0
1591116660.125109,56,1cfd083f,8,   8.312578,0.83088522,2.21791843,   0.00000,0
1591116660.125721,57,18feee3f,8,   0.000000,0.00000000,0.00000000,  78.56250,0
1591116691.585260,60,1cfd083f,8,   8.421954,0.83280814,0.13903952,   0.00000,0
1591116691.585838,61,18feee3f,8,   0.000000,0.00000000,0.00000000,-250.93750,0
1591116723.046546,64,1cfd083f,8,   8.421954,0.83280814,0.13903952,   0.00000,0
1591116723.047091,65,18feee3f,8,   0.000000,0.00000000,0.00000000,-250.90625,0
1591116754.508592,68,1cfd083f,8,   8.421954,0.83280814,0.13903952,   0.00000,0
1591116754.509142,69,18feee3f,8,   0.000000,0.00000000,0.00000000,-250.90625,0
1591116785.969098,72,1cfd083f,8,   8.421954,0.83280814,0.13903952,   0.00000,0
1591116785.969651,73,18feee3f,8,   0.000000,0.00000000,0.00000000,-250.90625,0
1591116817.430391,76,1cfd083f,8,   8.546955,0.83070209,0.13916159,   0.00000,0
1591116817.430929,77,18feee3f,8,   0.000000,0.00000000,0.00000000,  80.03125,0
1591116848.892015,80,1cfd083f,8,   8.546955,0.83070209,0.13916159,   0.00000,0
1591116848.892599,81,18feee3f,8,   0.000000,0.00000000,0.00000000,  80.03125,0
1591116880.352945,84,1cfd083f,8,   8.296953,0.83195351,0.14013817,   0.00000,0
1591116880.353520,85,18feee3f,8,   0.000000,0.00000000,0.00000000,  80.59375,0
1591116911.814244,88,1cfd083f,8,   8.296953,0.83195351,0.14013817,   0.00000,0
1591116911.814824,89,18feee3f,8,   0.000000,0.00000000,0.00000000,  80.62500,0
1591116943.275522,92,1cfd083f,8,   8.296953,0.83195351,0.14013817,   0.00000,0
1591116943.276086,93,18feee3f,8,   0.000000,0.00000000,0.00000000,  80.62500,0
1591116974.736808,96,1cfd083f,8,   8.296953,0.83195351,0.14013817,   0.00000,0
1591116974.737408,97,18feee3f,8,   0.000000,0.00000000,0.00000000,  80.62500,0
1591117006.198131,100,1cfd083f,8,   0.625006,0.83073261,2.21804050,   0.00000,0
1591117006.198697,101,18feee3f,8,   0.000000,0.00000000,0.00000000,  80.84375,0
1591117037.659417,104,1cfd083f,8,   0.625006,0.83073261,2.21804050,   0.00000,0
1591117037.659977,105,18feee3f,8,   0.000000,0.00000000,0.00000000,  80.84375,0
1591117069.120693,108,1cfd083f,8,   0.625006,0.83073261,2.21804050,   0.00000,0
1591117069.121259,109,18feee3f,8,   0.000000,0.00000000,0.00000000,  80.84375,0
1591117100.581985,112,1cfd083f,8,   0.500005,0.83064104,2.21694186,   0.00000,0
1591117100.582552,113,18feee3f,8,   0.000000,0.00000000,0.00000000,  80.71875,0
1591117132.043280,116,1cfd083f,8,   0.500005,0.83064104,2.21694186,   0.00000,0
1591117132.043847,117,18feee3f,8,   0.000000,0.00000000,0.00000000,  80.71875,0
1591117163.504582,120,1cfd083f,8,   0.500005,0.83064104,2.21694186,   0.00000,0
1591117163.505148,121,18feee3f,8,   0.000000,0.00000000,0.00000000,  80.71875,0
1591117194.965875,124,1cfd083f,8,   0.500005,0.83064104,2.21694186,   0.00000,0
1591117194.966449,125,18feee3f,8,   0.000000,0.00000000,0.00000000,  80.71875,0
1591117226.428392,128,1cfd083f,8,   7.937574,0.83036634,2.21498871,   0.00000,0
1591117226.428962,129,18feee3f,8,   0.000000,0.00000000,0.00000000,  80.28125,0
1591117257.890668,132,1cfd083f,8,   7.937574,0.83036634,2.21498871,   0.00000,0
1591117257.891245,133,18feee3f,8,   0.000000,0.00000000,0.00000000,  80.28125,0
1591117289.350149,136,1cfd083f,8,   7.937574,0.83036634,2.21498871,   0.00000,0
1591117289.350723,137,18feee3f,8,   0.000000,0.00000000,0.00000000,  80.28125,0
1591117320.811621,140,1cfd083f,8,   7.937574,0.83036634,2.21498871,   0.00000,0
1591117320.812176,141,18feee3f,8,   0.000000,0.00000000,0.00000000,  80.28125,0
1591117352.274633,144,1cfd083f,8,   0.515630,0.83006111,2.21645357,   0.00000,0
1591117352.275240,145,18feee3f,8,   0.000000,0.00000000,0.00000000,  80.09375,0
1591117383.734505,148,1cfd083f,8,   0.515630,0.83006111,2.21645357,   0.00000,0
1591117383.735084,149,18feee3f,8,   0.000000,0.00000000,0.00000000,  80.09375,0
1591117415.195922,152,1cfd083f,8,   0.515630,0.83006111,2.21645357,   0.00000,0
1591117415.196500,153,18feee3f,8,   0.000000,0.00000000,0.00000000,  80.09375,0
1591117446.657409,156,1cfd083f,8,   0.609381,0.83048843,2.21694186,   0.00000,0
1591117446.657913,157,18feee3f,8,   0.000000,0.00000000,0.00000000,  80.15625,0
1591117478.118784,160,1cfd083f,8,   0.609381,0.83048843,2.21694186,   0.00000,0
1591117478.119341,161,18feee3f,8,   0.000000,0.00000000,0.00000000,  80.15625,0
1591117509.580193,164,1cfd083f,8,   0.609381,0.83048843,2.21694186,   0.00000,0
1591117509.580757,165,18feee3f,8,   0.000000,0.00000000,0.00000000,  80.15625,0
1591117541.041592,168,1cfd083f,8,   0.609381,0.83024425,2.21743015,   0.00000,0
1591117541.042185,169,18feee3f,8,   0.000000,0.00000000,0.00000000,  80.40625,0
1591117572.502993,172,1cfd083f,8,   0.609381,0.83024425,2.21743015,   0.00000,0
1591117572.503580,173,18feee3f,8,   0.000000,0.00000000,0.00000000,  80.40625,0
1591117603.964380,176,1cfd083f,8,   0.609381,0.83024425,2.21743015,   0.00000,0
1591117603.964989,177,18feee3f,8,   0.000000,0.00000000,0.00000000,  80.40625,0
1591117635.426186,180,1cfd083f,8,   0.609381,0.83024425,2.21743015,   0.00000,0
1591117635.426716,181,18feee3f,8,   0.000000,0.00000000,0.00000000,  80.40625,0
1591117666.887181,184,1cfd083f,8,   0.625006,0.83009164,2.21669772,   0.00000,0
1591117666.887749,185,18feee3f,8,   0.000000,0.00000000,0.00000000,  80.65625,0
1591117698.348538,188,1cfd083f,8,   0.625006,0.83009164,2.21669772,   0.00000,0
1591117698.349190,189,18feee3f,8,   0.000000,0.00000000,0.00000000,  80.65625,0
1591117729.809931,192,1cfd083f,8,   0.625006,0.83009164,2.21669772,   0.00000,0
1591117729.810498,193,18feee3f,8,   0.000000,0.00000000,0.00000000,  80.65625,0
1591117761.271283,196,1cfd083f,8,   0.546880,0.83076313,2.21620943,   0.00000,0
1591117761.271851,197,18feee3f,8,   0.000000,0.00000000,0.00000000,  80.65625,0
1591117792.732660,200,1cfd083f,8,   0.546880,0.83076313,2.21620943,   0.00000,0
1591117792.733239,201,18feee3f,8,   0.000000,0.00000000,0.00000000,  80.65625,0
1591117824.194033,204,1cfd083f,8,   0.546880,0.83076313,2.21620943,   0.00000,0
1591117824.194613,205,18feee3f,8,   0.000000,0.00000000,0.00000000,  80.65625,0
1591117855.655439,208,1cfd083f,8,   0.515630,0.83039686,2.21633150,   0.00000,0
1591117855.656002,209,18feee3f,8,   0.000000,0.00000000,0.00000000,  81.03125,0
1591117887.116783,212,1cfd083f,8,   0.515630,0.83039686,2.21633150,   0.00000,0
1591117887.117355,213,18feee3f,8,   0.000000,0.00000000,0.00000000,  81.06250,0
1591117918.578137,216,1cfd083f,8,   0.515630,0.83039686,2.21633150,   0.00000,0
1591117918.578708,217,18feee3f,8,   0.000000,0.00000000,0.00000000,  81.06250,0
1591117950.039505,220,1cfd083f,8,   0.515630,0.83039686,2.21633150,   0.00000,0
1591117950.040066,221,18feee3f,8,   0.000000,0.00000000,0.00000000,  81.06250,0
1591117981.500857,224,1cfd083f,8,   7.968825,0.82990850,2.21559907,   0.00000,0
1591117981.501433,225,18feee3f,8,   0.000000,0.00000000,0.00000000,  81.00000,0
1591118012.962219,228,1cfd083f,8,   7.968825,0.82990850,2.21559907,   0.00000,0
1591118012.962784,229,18feee3f,8,   0.000000,0.00000000,0.00000000,  81.00000,0
1591118044.425540,232,1cfd083f,8,   7.968825,0.82990850,2.21559907,   0.00000,0
1591118044.426105,233,18feee3f,8,   0.000000,0.00000000,0.00000000,  81.00000,0
1591118075.884914,236,1cfd083f,8,   7.921949,0.82993902,2.21584322,   0.00000,0
1591118075.885489,237,18feee3f,8,   0.000000,0.00000000,0.00000000,  80.84375,0
1591118107.346263,240,1cfd083f,8,   7.921949,0.82993902,2.21584322,   0.00000,0
1591118107.346838,241,18feee3f,8,   0.000000,0.00000000,0.00000000,  80.84375,0
1591118138.809181,244,1cfd083f,8,   7.921949,0.82993902,2.21584322,   0.00000,0
1591118138.809751,245,18feee3f,8,   0.000000,0.00000000,0.00000000,  80.84375,0
1591118170.268955,248,1cfd083f,8,   7.921949,0.82993902,2.21584322,   0.00000,0
1591118170.269503,249,18feee3f,8,   0.000000,0.00000000,0.00000000,  80.84375,0
1591118201.730289,252,1cfd083f,8,   7.968825,0.82945066,2.21633150,   0.00000,0
1591118201.730866,253,18feee3f,8,   0.000000,0.00000000,0.00000000,  80.71875,0
1591118233.192781,256,1cfd083f,8,   7.968825,0.82945066,2.21633150,   0.00000,0
1591118233.193387,257,18feee3f,8,   0.000000,0.00000000,0.00000000,  80.71875,0
1591118264.652964,260,1cfd083f,8,   7.968825,0.82945066,2.21633150,   0.00000,0
1591118264.653528,261,18feee3f,8,   0.000000,0.00000000,0.00000000,  80.71875,0
1591118296.114320,264,1cfd083f,8,   7.968825,0.82945066,2.21633150,   0.00000,0
1591118296.114896,265,18feee3f,8,   0.000000,0.00000000,0.00000000,  80.71875,0
1591118327.576442,268,1cfd083f,8,   0.515630,0.82920648,2.21584322,   0.00000,0
1591118327.577007,269,18feee3f,8,   0.000000,0.00000000,0.00000000,  80.81250,0
1591118359.037001,272,1cfd083f,8,   0.515630,0.82920648,2.21584322,   0.00000,0
1591118359.037569,273,18feee3f,8,   0.000000,0.00000000,0.00000000,  80.81250,0
1591118390.498325,276,1cfd083f,8,   0.515630,0.82920648,2.21584322,   0.00000,0
1591118390.498904,277,18feee3f,8,   0.000000,0.00000000,0.00000000,  80.81250,0
1591118421.960050,280,1cfd083f,8,   0.515630,0.83024425,2.21694186,   0.00000,0
1591118421.960593,281,18feee3f,8,   0.000000,0.00000000,0.00000000,  80.93750,0
1591118453.420990,284,1cfd083f,8,   0.515630,0.83024425,2.21694186,   0.00000,0
1591118453.421567,285,18feee3f,8,   0.000000,0.00000000,0.00000000,  80.93750,0
1591118484.882326,288,1cfd083f,8,   0.515630,0.83024425,2.21694186,   0.00000,0
1591118484.882902,289,18feee3f,8,   0.000000,0.00000000,0.00000000,  80.93750,0
1591118516.343664,292,1cfd083f,8,   7.968825,0.82963380,2.21620943,   0.00000,0
1591118516.344206,293,18feee3f,8,   0.000000,0.00000000,0.00000000,  81.12500,0
1591118547.805000,296,1cfd083f,8,   7.968825,0.82963380,2.21620943,   0.00000,0
1591118547.805550,297,18feee3f,8,   0.000000,0.00000000,0.00000000,  81.12500,0
1591118579.266317,300,1cfd083f,8,   7.968825,0.82963380,2.21620943,   0.00000,0
1591118579.266884,301,18feee3f,8,   0.000000,0.00000000,0.00000000,  81.12500,0
1591118610.729616,304,1cfd083f,8,   7.953200,0.82951171,2.21584322,   0.00000,0
1591118610.730187,305,18feee3f,8,   0.000000,0.00000000,0.00000000,  81.18750,0
1591118642.188979,308,1cfd083f,8,   7.953200,0.82951171,2.21584322,   0.00000,0
1591118642.189550,309,18feee3f,8,   0.000000,0.00000000,0.00000000,  81.18750,0
1591118673.650342,312,1cfd083f,8,   7.953200,0.82951171,2.21584322,   0.00000,0
1591118673.650855,313,18feee3f,8,   0.000000,0.00000000,0.00000000,  81.18750,0
1591118705.111634,316,1cfd083f,8,   7.953200,0.82951171,2.21584322,   0.00000,0
1591118705.112208,317,18feee3f,8,   0.000000,0.00000000,0.00000000,  81.18750,0
1591118736.572943,320,1cfd083f,8,   7.906324,0.83085470,2.21547700,   0.00000,0
1591118736.573534,321,18feee3f,8,   0.000000,0.00000000,0.00000000,  81.18750,0
1591118768.034286,324,1cfd083f,8,   7.906324,0.83085470,2.21547700,   0.00000,0
1591118768.034850,325,18feee3f,8,   0.000000,0.00000000,0.00000000,  81.18750,0
1591118799.495616,328,1cfd083f,8,   7.906324,0.83085470,2.21547700,   0.00000,0
1591118799.496176,329,18feee3f,8,   0.000000,0.00000000,0.00000000,  81.18750,0
1591118830.958902,332,1cfd083f,8,   7.953200,0.82899282,2.21718600,   0.00000,0
1591118830.959473,333,18feee3f,8,   0.000000,0.00000000,0.00000000,  81.18750,0
1591118862.418264,336,1cfd083f,8,   7.953200,0.82899282,2.21718600,   0.00000,0
1591118862.418854,337,18feee3f,8,   0.000000,0.00000000,0.00000000,  81.18750,0
1591118893.879572,340,1cfd083f,8,   7.953200,0.82899282,2.21718600,   0.00000,0
1591118893.880161,341,18feee3f,8,   0.000000,0.00000000,0.00000000,  81.18750,0
1591118925.342474,344,1cfd083f,8,   7.984450,0.82960328,2.21474457,   0.00000,0
1591118925.343054,345,18feee3f,8,   0.000000,0.00000000,0.00000000,  81.21875,0
1591118956.802263,348,1cfd083f,8,   7.984450,0.82960328,2.21474457,   0.00000,0
1591118956.802827,349,18feee3f,8,   0.000000,0.00000000,0.00000000,  81.21875,0
1591118988.263548,352,1cfd083f,8,   7.984450,0.82960328,2.21474457,   0.00000,0
1591118988.264147,353,18feee3f,8,   0.000000,0.00000000,0.00000000,  81.21875,0
1591119019.726045,356,1cfd083f,8,   7.906324,0.82978641,2.21620943,   0.00000,0
1591119019.726616,357,18feee3f,8,   0.000000,0.00000000,0.00000000,  81.21875,0
1591119051.186202,360,1cfd083f,8,   7.906324,0.82978641,2.21620943,   0.00000,0
1591119051.186775,361,18feee3f,8,   0.000000,0.00000000,0.00000000,  81.21875,0
1591119082.647549,364,1cfd083f,8,   7.906324,0.82978641,2.21620943,   0.00000,0
1591119082.648080,365,18feee3f,8,   0.000000,0.00000000,0.00000000,  81.21875,0
1591119114.109630,368,1cfd083f,8,   7.859449,0.83051895,2.21669772,   0.00000,0
1591119114.110179,369,18feee3f,8,   0.000000,0.00000000,0.00000000,  81.28125,0
1591119145.570172,372,1cfd083f,8,   7.859449,0.83051895,2.21669772,   0.00000,0
1591119145.570746,373,18feee3f,8,   0.000000,0.00000000,0.00000000,  81.28125,0
1591119177.031478,376,1cfd083f,8,   7.859449,0.83051895,2.21669772,   0.00000,0
1591119177.032046,377,18feee3f,8,   0.000000,0.00000000,0.00000000,  81.28125,0
1591119208.492824,380,1cfd083f,8,   7.890699,0.83000007,2.21608736,   0.00000,0
1591119208.493399,381,18feee3f,8,   0.000000,0.00000000,0.00000000,  81.25000,0
1591119239.954143,384,1cfd083f,8,   7.890699,0.83000007,2.21608736,   0.00000,0
1591119239.954712,385,18feee3f,8,   0.000000,0.00000000,0.00000000,  81.25000,0
1591119271.415454,388,1cfd083f,8,   7.890699,0.83000007,2.21608736,   0.00000,0
1591119271.416026,389,18feee3f,8,   0.000000,0.00000000,0.00000000,  81.25000,0
1591119302.876794,392,1cfd083f,8,   7.875074,0.82981693,2.21559907,   0.00000,0
1591119302.877373,393,18feee3f,8,   0.000000,0.00000000,0.00000000,  81.18750,0
1591119334.338104,396,1cfd083f,8,   7.875074,0.82981693,2.21559907,   0.00000,0
1591119334.338668,397,18feee3f,8,   0.000000,0.00000000,0.00000000,  81.18750,0
1591119365.799443,400,1cfd083f,8,   7.875074,0.82981693,2.21559907,   0.00000,0
1591119365.800008,401,18feee3f,8,   0.000000,0.00000000,0.00000000,  81.18750,0
1591119397.260736,404,1cfd083f,8,   7.875074,0.82981693,2.21559907,   0.00000,0
1591119397.261336,405,18feee3f,8,   0.000000,0.00000000,0.00000000,  81.18750,0
1591119428.722071,408,1cfd083f,8,   7.875074,0.83045791,2.21572114,   0.00000,0
1591119428.722652,409,18feee3f,8,   0.000000,0.00000000,0.00000000,  81.12500,0
1591119460.183369,412,1cfd083f,8,   7.875074,0.83045791,2.21572114,   0.00000,0
1591119460.183940,413,18feee3f,8,   0.000000,0.00000000,0.00000000,  81.12500,0
1591119491.644712,416,1cfd083f,8,   7.875074,0.83045791,2.21572114,   0.00000,0
1591119491.645292,417,18feee3f,8,   0.000000,0.00000000,0.00000000,  81.12500,0
1591119523.106026,420,1cfd083f,8,   7.875074,0.83045791,2.21572114,   0.00000,0
1591119523.106601,421,18feee3f,8,   0.000000,0.00000000,0.00000000,  81.12500,0
1591119554.567354,424,1cfd083f,8,   7.906324,0.82969484,2.21645357,   0.00000,0
1591119554.567918,425,18feee3f,8,   0.000000,0.00000000,0.00000000,  81.12500,0
1591119586.028680,428,1cfd083f,8,   7.906324,0.82969484,2.21645357,   0.00000,0
1591119586.029242,429,18feee3f,8,   0.000000,0.00000000,0.00000000,  81.12500,0
1591119617.491986,432,1cfd083f,8,   7.906324,0.82969484,2.21645357,   0.00000,0
1591119617.492513,433,18feee3f,8,   0.000000,0.00000000,0.00000000,  81.12500,0
1591119648.951317,436,1cfd083f,8,   7.921949,0.82987798,2.21743015,   0.00000,0
1591119648.951864,437,18feee3f,8,   0.000000,0.00000000,0.00000000,  81.12500,0
1591119680.412618,440,1cfd083f,8,   7.921949,0.82987798,2.21743015,   0.00000,0
1591119680.413188,441,18feee3f,8,   0.000000,0.00000000,0.00000000,  81.12500,0
1591119711.875501,444,1cfd083f,8,   7.921949,0.82987798,2.21743015,   0.00000,0
1591119711.876069,445,18feee3f,8,   0.000000,0.00000000,0.00000000,  81.12500,0
1591119743.335248,448,1cfd083f,8,   7.921949,0.82987798,2.21743015,   0.00000,0
1591119743.335826,449,18feee3f,8,   0.000000,0.00000000,0.00000000,  81.12500,0
1591119774.796599,452,1cfd083f,8,   7.906324,0.82984746,2.21620943,   0.00000,0
1591119774.797142,453,18feee3f,8,   0.000000,0.00000000,0.00000000,  81.06250,0
1591119806.259039,456,1cfd083f,8,   7.906324,0.82984746,2.21620943,   0.00000,0
1591119806.259638,457,18feee3f,8,   0.000000,0.00000000,0.00000000,  81.06250,0
1591119837.719221,460,1cfd083f,8,   7.906324,0.82984746,2.21620943,   0.00000,0
1591119837.719788,461,18feee3f,8,   0.000000,0.00000000,0.00000000,  81.06250,0
1591119869.180507,464,1cfd083f,8,   7.921949,0.83006111,2.21511079,   0.00000,0
1591119869.181075,465,18feee3f,8,   0.000000,0.00000000,0.00000000,  81.12500,0
1591119900.642592,468,1cfd083f,8,   7.921949,0.83006111,2.21511079,   0.00000,0
1591119900.643161,469,18feee3f,8,   0.000000,0.00000000,0.00000000,  81.12500,0
1591119932.103162,472,1cfd083f,8,   7.921949,0.83006111,2.21511079,   0.00000,0
1591119932.103694,473,18feee3f,8,   0.000000,0.00000000,0.00000000,  81.12500,0
1591119963.564447,476,1cfd083f,8,   7.921949,0.83003059,2.21498871,   0.00000,0
1591119963.565036,477,18feee3f,8,   0.000000,0.00000000,0.00000000,  81.18750,0
1591119995.026143,480,1cfd083f,8,   7.921949,0.83003059,2.21498871,   0.00000,0
1591119995.026712,481,18feee3f,8,   0.000000,0.00000000,0.00000000,  81.18750,0
1591120026.487098,484,1cfd083f,8,   7.921949,0.83003059,2.21498871,   0.00000,0
1591120026.487665,485,18feee3f,8,   0.000000,0.00000000,0.00000000,  81.18750,0
1591120057.948388,488,1cfd083f,8,   7.921949,0.83003059,2.21450043,   0.00000,0
1591120057.948962,489,18feee3f,8,   0.000000,0.00000000,0.00000000,  81.28125,0
1591120089.409718,492,1cfd083f,8,   7.921949,0.83003059,2.21450043,   0.00000,0
1591120089.410355,493,18feee3f,8,   0.000000,0.00000000,0.00000000,  81.31250,0
1591120120.871018,496,1cfd083f,8,   7.921949,0.83003059,2.21450043,   0.00000,0
1591120120.871591,497,18feee3f,8,   0.000000,0.00000000,0.00000000,  81.31250,0
1591120152.332347,500,1cfd083f,8,   7.921949,0.83003059,2.21450043,   0.00000,0
1591120152.332917,501,18feee3f,8,   0.000000,0.00000000,0.00000000,  81.31250,0
1591120183.793651,504,1cfd083f,8,   7.890699,0.82951171,2.21486664,   0.00000,0
1591120183.794235,505,18feee3f,8,   0.000000,0.00000000,0.00000000,  81.43750,0
1591120215.254962,508,1cfd083f,8,   7.890699,0.82951171,2.21486664,   0.00000,0
1591120215.255542,509,18feee3f,8,   0.000000,0.00000000,0.00000000,  81.43750,0
1591120246.716279,512,1cfd083f,8,   7.890699,0.82951171,2.21486664,   0.00000,0
1591120246.716856,513,18feee3f,8,   0.000000,0.00000000,0.00000000,  81.43750,0
1591120278.179161,516,1cfd083f,8,   7.921949,0.82981693,2.21486664,   0.00000,0
1591120278.179747,517,18feee3f,8,   0.000000,0.00000000,0.00000000,  81.56250,0
1591120309.638936,520,1cfd083f,8,   7.921949,0.82981693,2.21486664,   0.00000,0
1591120309.639503,521,18feee3f,8,   0.000000,0.00000000,0.00000000,  81.56250,0
1591120341.100232,524,1cfd083f,8,   7.921949,0.82981693,2.21486664,   0.00000,0
1591120341.100800,525,18feee3f,8,   0.000000,0.00000000,0.00000000,  81.56250,0
1591120372.562730,528,1cfd083f,8,   7.875074,0.82923700,2.21498871,   0.00000,0
1591120372.563297,529,18feee3f,8,   0.000000,0.00000000,0.00000000,  81.56250,0
1591120404.024832,532,1cfd083f,8,   7.875074,0.82923700,2.21498871,   0.00000,0
1591120404.025411,533,18feee3f,8,   0.000000,0.00000000,0.00000000,  81.59375,0
1591120435.484217,536,1cfd083f,8,   7.875074,0.82923700,2.21498871,   0.00000,0
1591120435.484759,537,18feee3f,8,   0.000000,0.00000000,0.00000000,  81.59375,0
1591120466.945535,540,1cfd083f,8,   7.875074,0.82923700,2.21498871,   0.00000,0
1591120466.946075,541,18feee3f,8,   0.000000,0.00000000,0.00000000,  81.59375,0
1591120498.406838,544,1cfd083f,8,   7.890699,0.82957275,2.21401214,   0.00000,0
1591120498.407405,545,18feee3f,8,   0.000000,0.00000000,0.00000000,  81.68750,0
1591120529.868163,548,1cfd083f,8,   7.890699,0.82957275,2.21401214,   0.00000,0
1591120529.868728,549,18feee3f,8,   0.000000,0.00000000,0.00000000,  81.68750,0
1591120561.329471,552,1cfd083f,8,   7.890699,0.82957275,2.21401214,   0.00000,0
1591120561.330046,553,18feee3f,8,   0.000000,0.00000000,0.00000000,  81.68750,0
1591120592.791980,556,1cfd083f,8,   7.890699,0.82957275,2.21401214,   0.00000,0
1591120592.792576,557,18feee3f,8,   0.000000,0.00000000,0.00000000,  81.68750,0
1591120624.252115,560,1cfd083f,8,   7.796948,0.83009164,2.21413421,   0.00000,0
1591120624.252684,561,18feee3f,8,   0.000000,0.00000000,0.00000000,  81.68750,0
1591120655.713437,564,1cfd083f,8,   7.796948,0.83009164,2.21413421,   0.00000,0
1591120655.714008,565,18feee3f,8,   0.000000,0.00000000,0.00000000,  81.68750,0
1591120687.175511,568,1cfd083f,8,   7.796948,0.83009164,2.21413421,   0.00000,0
1591120687.176074,569,18feee3f,8,   0.000000,0.00000000,0.00000000,  81.68750,0
1591120718.636084,572,1cfd083f,8,   7.781323,0.83033582,2.21389007,   0.00000,0
1591120718.636654,573,18feee3f,8,   0.000000,0.00000000,0.00000000,  81.59375,0
1591120750.097393,576,1cfd083f,8,   7.781323,0.83033582,2.21389007,   0.00000,0
1591120750.097961,577,18feee3f,8,   0.000000,0.00000000,0.00000000,  81.59375,0
1591120781.559073,580,1cfd083f,8,   7.781323,0.83033582,2.21389007,   0.00000,0
1591120781.559651,581,18feee3f,8,   0.000000,0.00000000,0.00000000,  81.59375,0
1591120813.020067,584,1cfd083f,8,   7.812573,0.82932857,2.21352386,   0.00000,0
1591120813.020601,585,18feee3f,8,   0.000000,0.00000000,0.00000000,  81.40625,0
1591120844.481381,588,1cfd083f,8,   7.812573,0.82932857,2.21352386,   0.00000,0
1591120844.481922,589,18feee3f,8,   0.000000,0.00000000,0.00000000,  81.40625,0
1591120875.942688,592,1cfd083f,8,   7.812573,0.82932857,2.21352386,   0.00000,0
1591120875.943264,593,18feee3f,8,   0.000000,0.00000000,0.00000000,  81.40625,0
1591120907.404032,596,1cfd083f,8,   7.843824,0.82978641,2.21254728,   0.00000,0
1591120907.404596,597,18feee3f,8,   0.000000,0.00000000,0.00000000,  81.40625,0
1591120938.865370,600,1cfd083f,8,   7.843824,0.82978641,2.21254728,   0.00000,0
1591120938.865911,601,18feee3f,8,   0.000000,0.00000000,0.00000000,  81.09375,0
1591120970.326659,604,1cfd083f,8,   7.843824,0.82978641,2.21254728,   0.00000,0
1591120970.327236,605,18feee3f,8,   0.000000,0.00000000,0.00000000,  81.09375,0
1591121001.787977,608,1cfd083f,8,   7.843824,0.82978641,2.21254728,   0.00000,0
1591121001.788535,609,18feee3f,8,   0.000000,0.00000000,0.00000000,  81.09375,0
1591121033.249320,612,1cfd083f,8,   7.906324,0.82887073,2.21474457,   0.00000,0
1591121033.249865,613,18feee3f,8,   0.000000,0.00000000,0.00000000,  80.81250,0
1591121064.710624,616,1cfd083f,8,   7.906324,0.82887073,2.21474457,   0.00000,0
1591121064.711181,617,18feee3f,8,   0.000000,0.00000000,0.00000000,  80.81250,0
1591121096.171963,620,1cfd083f,8,   7.906324,0.82887073,2.21474457,   0.00000,0
1591121096.172542,621,18feee3f,8,   0.000000,0.00000000,0.00000000,  80.81250,0
1591121127.633253,624,1cfd083f,8,   7.984450,0.82993902,2.21401214,   0.00000,0
1591121127.633813,625,18feee3f,8,   0.000000,0.00000000,0.00000000,  80.65625,0
1591121159.094570,628,1cfd083f,8,   7.984450,0.82993902,2.21401214,   0.00000,0
1591121159.095143,629,18feee3f,8,   0.000000,0.00000000,0.00000000,  80.65625,0
1591121190.557858,632,1cfd083f,8,   7.984450,0.82993902,2.21401214,   0.00000,0
1591121190.558427,633,18feee3f,8,   0.000000,0.00000000,0.00000000,  80.65625,0
1591121222.017233,636,1cfd083f,8,   7.984450,0.82993902,2.21401214,   0.00000,0
1591121222.017785,637,18feee3f,8,   0.000000,0.00000000,0.00000000,  80.65625,0
1591121253.479319,640,1cfd083f,8,   0.546880,0.82935909,2.21572114,   0.00000,0
1591121253.479878,641,18feee3f,8,   0.000000,0.00000000,0.00000000,  80.71875,0
1591121284.941426,644,1cfd083f,8,   0.546880,0.82935909,2.21572114,   0.00000,0
1591121284.941993,645,18feee3f,8,   0.000000,0.00000000,0.00000000,  80.71875,0
1591121316.401206,648,1cfd083f,8,   0.546880,0.82935909,2.21572114,   0.00000,0
1591121316.401817,649,18feee3f,8,   0.000000,0.00000000,0.00000000,  80.71875,0
1591121347.862946,652,1cfd083f,8,   0.500005,0.83045791,2.21608736,   0.00000,0
1591121347.863547,653,18feee3f,8,   0.000000,0.00000000,0.00000000,  80.90625,0
1591121379.325163,656,1cfd083f,8,   0.500005,0.83045791,2.21608736,   0.00000,0
1591121379.325730,657,18feee3f,8,   0.000000,0.00000000,0.00000000,  80.90625,0
1591121410.785369,660,1cfd083f,8,   0.500005,0.83045791,2.21608736,   0.00000,0
1591121410.785933,661,18feee3f,8,   0.000000,0.00000000,0.00000000,  80.90625,0
1591121442.246749,664,1cfd083f,8,   0.500005,0.83045791,2.21608736,   0.00000,0
1591121442.247313,665,18feee3f,8,   0.000000,0.00000000,0.00000000,  80.90625,0
1591121473.708126,668,1cfd083f,8,   7.984450,0.83042738,2.21645357,   0.00000,0
1591121473.708690,669,18feee3f,8,   0.000000,0.00000000,0.00000000,  81.12500,0
1591121505.169503,672,1cfd083f,8,   7.984450,0.83042738,2.21645357,   0.00000,0
1591121505.170081,673,18feee3f,8,   0.000000,0.00000000,0.00000000,  81.12500,0
1591121536.630885,676,1cfd083f,8,   7.984450,0.83042738,2.21645357,   0.00000,0
1591121536.631456,677,18feee3f,8,   0.000000,0.00000000,0.00000000,  81.12500,0
1591121568.092253,680,1cfd083f,8,   0.531255,0.82893178,2.21620943,   0.00000,0
1591121568.092821,681,18feee3f,8,   0.000000,0.00000000,0.00000000,  81.21875,0
1591121599.553627,684,1cfd083f,8,   0.531255,0.82893178,2.21620943,   0.00000,0
1591121599.554192,685,18feee3f,8,   0.000000,0.00000000,0.00000000,  81.25000,0
1591121631.015003,688,1cfd083f,8,   0.531255,0.82893178,2.21620943,   0.00000,0
1591121631.015568,689,18feee3f,8,   0.000000,0.00000000,0.00000000,  81.25000,0
1591121662.476357,692,1cfd083f,8,   7.890699,0.83009164,2.21572114,   0.00000,0
1591121662.476943,693,18feee3f,8,   0.000000,0.00000000,0.00000000,  81.37500,0
1591121693.937738,696,1cfd083f,8,   7.890699,0.83009164,2.21572114,   0.00000,0
1591121693.938308,697,18feee3f,8,   0.000000,0.00000000,0.00000000,  81.37500,0
1591121725.399093,700,1cfd083f,8,   7.890699,0.83009164,2.21572114,   0.00000,0
1591121725.399676,701,18feee3f,8,   0.000000,0.00000000,0.00000000,  81.37500,0
1591121756.860446,704,1cfd083f,8,   7.890699,0.83009164,2.21572114,   0.00000,0
1591121756.861018,705,18feee3f,8,   0.000000,0.00000000,0.00000000,  81.37500,0
1591121788.321826,708,1cfd083f,8,   7.875074,0.83021373,2.21413421,   0.00000,0
1591121788.322391,709,18feee3f,8,   0.000000,0.00000000,0.00000000,  81.46875,0
1591121819.783195,712,1cfd083f,8,   7.875074,0.83021373,2.21413421,   0.00000,0
1591121819.783739,713,18feee3f,8,   0.000000,0.00000000,0.00000000,  81.46875,0
1591121851.244542,716,1cfd083f,8,   7.875074,0.83021373,2.21413421,   0.00000,0
1591121851.245125,717,18feee3f,8,   0.000000,0.00000000,0.00000000,  81.46875,0
1591121882.705882,720,1cfd083f,8,   7.859449,0.83012216,2.21486664,   0.00000,0
1591121882.706446,721,18feee3f,8,   0.000000,0.00000000,0.00000000,  81.43750,0
1591121914.167237,724,1cfd083f,8,   7.859449,0.83012216,2.21486664,   0.00000,0
1591121914.167799,725,18feee3f,8,   0.000000,0.00000000,0.00000000,  81.43750,0
1591121945.628610,728,1cfd083f,8,   7.859449,0.83012216,2.21486664,   0.00000,0
1591121945.629141,729,18feee3f,8,   0.000000,0.00000000,0.00000000,  81.43750,0
1591121977.091920,732,1cfd083f,8,   7.859449,0.83012216,2.21486664,   0.00000,0
1591121977.092471,733,18feee3f,8,   0.000000,0.00000000,0.00000000,  81.43750,0
1591122008.551293,736,1cfd083f,8,   7.906324,0.82874864,2.21401214,   0.00000,0
1591122008.551871,737,18feee3f,8,   0.000000,0.00000000,0.00000000,  81.34375,0
1591122040.012652,740,1cfd083f,8,   7.906324,0.82874864,2.21401214,   0.00000,0
1591122040.013197,741,18feee3f,8,   0.000000,0.00000000,0.00000000,  81.34375,0
1591122071.475574,744,1cfd083f,8,   7.906324,0.82874864,2.21401214,   0.00000,0
1591122071.476159,745,18feee3f,8,   0.000000,0.00000000,0.00000000,  81.34375,0
1591122102.935339,748,1cfd083f,8,   7.875074,0.82948118,2.21376800,   0.00000,0
1591122102.935890,749,18feee3f,8,   0.000000,0.00000000,0.00000000,  81.28125,0
1591122134.396668,752,1cfd083f,8,   7.875074,0.82948118,2.21376800,   0.00000,0
1591122134.397260,753,18feee3f,8,   0.000000,0.00000000,0.00000000,  81.28125,0
1591122165.859192,756,1cfd083f,8,   7.875074,0.82948118,2.21376800,   0.00000,0
1591122165.859762,757,18feee3f,8,   0.000000,0.00000000,0.00000000,  81.28125,0
1591122197.319374,760,1cfd083f,8,   7.859449,0.82981693,2.21413421,   0.00000,0
1591122197.319929,761,18feee3f,8,   0.000000,0.00000000,0.00000000,  81.12500,0
1591122228.780756,764,1cfd083f,8,   7.859449,0.82981693,2.21413421,   0.00000,0
1591122228.781250,765,18feee3f,8,   0.000000,0.00000000,0.00000000,  81.12500,0
1591122260.242797,768,1cfd083f,8,   7.859449,0.82981693,2.21413421,   0.00000,0
1591122260.243361,769,18feee3f,8,   0.000000,0.00000000,0.00000000,  81.12500,0
1591122291.703369,772,1cfd083f,8,   7.859449,0.82981693,2.21413421,   0.00000,0
1591122291.703949,773,18feee3f,8,   0.000000,0.00000000,0.00000000,  81.12500,0
1591122323.164738,776,1cfd083f,8,   7.906324,0.82969484,2.21474457,   0.00000,0
1591122323.165347,777,18feee3f,8,   0.000000,0.00000000,0.00000000,  81.03125,0
1591122354.626476,780,1cfd083f,8,   7.906324,0.82969484,2.21474457,   0.00000,0
1591122354.627023,781,18feee3f,8,   0.000000,0.00000000,0.00000000,  81.00000,0
1591122386.087403,784,1cfd083f,8,   7.906324,0.82969484,2.21474457,   0.00000,0
1591122386.087992,785,18feee3f,8,   0.000000,0.00000000,0.00000000,  81.00000,0
1591122417.548757,788,1cfd083f,8,   7.906324,0.82969484,2.21474457,   0.00000,0
1591122417.549336,789,18feee3f,8,   0.000000,0.00000000,0.00000000,  81.00000,0
1591122449.010088,792,1cfd083f,8,   7.937574,0.82963380,2.21474457,   0.00000,0
1591122449.010678,793,18feee3f,8,   0.000000,0.00000000,0.00000000,  80.90625,0
1591122480.471430,796,1cfd083f,8,   7.937574,0.82963380,2.21474457,   0.00000,0
1591122480.472028,797,18feee3f,8,   0.000000,0.00000000,0.00000000,  80.90625,0
1591122511.932770,800,1cfd083f,8,   7.937574,0.82963380,2.21474457,   0.00000,0
1591122511.933334,801,18feee3f,8,   0.000000,0.00000000,0.00000000,  80.90625,0
1591122543.394096,804,1cfd083f,8,   7.937574,0.82963380,2.21474457,   0.00000,0
1591122543.394691,805,18feee3f,8,   0.000000,0.00000000,0.00000000,  80.90625,0
1591122574.855461,808,1cfd083f,8,   7.937574,0.83003059,2.21462250,   0.00000,0
1591122574.856036,809,18feee3f,8,   0.000000,0.00000000,0.00000000,  80.87500,0
1591122606.316776,812,1cfd083f,8,   7.937574,0.83003059,2.21462250,   0.00000,0
1591122606.317351,813,18feee3f,8,   0.000000,0.00000000,0.00000000,  80.87500,0
1591122637.778122,816,1cfd083f,8,   7.937574,0.83003059,2.21462250,   0.00000,0
1591122637.778693,817,18feee3f,8,   0.000000,0.00000000,0.00000000,  80.87500,0
1591122669.239473,820,1cfd083f,8,   7.953200,0.82966432,2.21474457,   0.00000,0
1591122669.240049,821,18feee3f,8,   0.000000,0.00000000,0.00000000,  80.87500,0
1591122700.700816,824,1cfd083f,8,   7.953200,0.82966432,2.21474457,   0.00000,0
1591122700.701383,825,18feee3f,8,   0.000000,0.00000000,0.00000000,  80.87500,0
1591122732.162120,828,1cfd083f,8,   7.953200,0.82966432,2.21474457,   0.00000,0
1591122732.162722,829,18feee3f,8,   0.000000,0.00000000,0.00000000,  80.87500,0
1591122763.623440,832,1cfd083f,8,   7.953200,0.82984746,2.21523286,   0.00000,0
1591122763.624016,833,18feee3f,8,   0.000000,0.00000000,0.00000000,  80.90625,0
1591122795.084784,836,1cfd083f,8,   7.953200,0.82984746,2.21523286,   0.00000,0
1591122795.085385,837,18feee3f,8,   0.000000,0.00000000,0.00000000,  80.90625,0
1591122826.546140,840,1cfd083f,8,   7.953200,0.82984746,2.21523286,   0.00000,0
1591122826.546684,841,18feee3f,8,   0.000000,0.00000000,0.00000000,  80.90625,0
1591122858.009012,844,1cfd083f,8,   7.953200,0.82984746,2.21523286,   0.00000,0
1591122858.009605,845,18feee3f,8,   0.000000,0.00000000,0.00000000,  80.90625,0
1591122889.468782,848,1cfd083f,8,   7.953200,0.83027477,2.21523286,   0.00000,0
1591122889.469367,849,18feee3f,8,   0.000000,0.00000000,0.00000000,  80.96875,0
1591122920.930125,852,1cfd083f,8,   7.953200,0.83027477,2.21523286,   0.00000,0
1591122920.930691,853,18feee3f,8,   0.000000,0.00000000,0.00000000,  80.96875,0
1591122952.392620,856,1cfd083f,8,   7.953200,0.83027477,2.21523286,   0.00000,0
1591122952.393222,857,18feee3f,8,   0.000000,0.00000000,0.00000000,  80.96875,0
1591122983.852795,860,1cfd083f,8,   0.531255,0.82969484,2.21535493,   0.00000,0
1591122983.853396,861,18feee3f,8,   0.000000,0.00000000,0.00000000,  81.00000,0
1591123015.314157,864,1cfd083f,8,   0.531255,0.82969484,2.21535493,   0.00000,0
1591123015.314722,865,18feee3f,8,   0.000000,0.00000000,0.00000000,  81.00000,0
1591123046.776227,868,1cfd083f,8,   0.531255,0.82969484,2.21535493,   0.00000,0
1591123046.776801,869,18feee3f,8,   0.000000,0.00000000,0.00000000,  81.00000,0
1591123078.236820,872,1cfd083f,8,   0.531255,0.82969484,2.21535493,   0.00000,0
1591123078.237390,873,18feee3f,8,   0.000000,0.00000000,0.00000000,  81.00000,0
1591123109.698145,876,1cfd083f,8,   7.984450,0.82951171,2.21450043,   0.00000,0
1591123109.698710,877,18feee3f,8,   0.000000,0.00000000,0.00000000,  80.96875,0
1591123141.159853,880,1cfd083f,8,   7.984450,0.82951171,2.21450043,   0.00000,0
1591123141.160413,881,18feee3f,8,   0.000000,0.00000000,0.00000000,  80.96875,0
1591123172.620822,884,1cfd083f,8,   7.984450,0.82951171,2.21450043,   0.00000,0
1591123172.621363,885,18feee3f,8,   0.000000,0.00000000,0.00000000,  80.96875,0
1591123204.082149,888,1cfd083f,8,   7.984450,0.82951171,2.21450043,   0.00000,0
1591123204.082724,889,18feee3f,8,   0.000000,0.00000000,0.00000000,  80.96875,0
1591123235.543488,892,1cfd083f,8,   7.953200,0.82987798,2.21523286,   0.00000,0
1591123235.544041,893,18feee3f,8,   0.000000,0.00000000,0.00000000,  80.96875,0
1591123267.004802,896,1cfd083f,8,   7.953200,0.82987798,2.21523286,   0.00000,0
1591123267.005385,897,18feee3f,8,   0.000000,0.00000000,0.00000000,  80.96875,0
1591123298.466151,900,1cfd083f,8,   7.953200,0.82987798,2.21523286,   0.00000,0
1591123298.466704,901,18feee3f,8,   0.000000,0.00000000,0.00000000,  80.96875,0
1591123329.927479,904,1cfd083f,8,   0.515630,0.82932857,2.21498871,   0.00000,0
1591123329.928067,905,18feee3f,8,   0.000000,0.00000000,0.00000000,  80.96875,0
1591123361.388836,908,1cfd083f,8,   0.515630,0.82932857,2.21498871,   0.00000,0
1591123361.389384,909,18feee3f,8,   0.000000,0.00000000,0.00000000,  80.96875,0
1591123392.850174,912,1cfd083f,8,   0.500005,0.82963380,2.21352386,   0.00000,0
1591123392.850727,913,18feee3f,8,   0.000000,0.00000000,0.00000000,  80.96875,0
1591123424.311538,916,1cfd083f,8,   0.500005,0.82963380,2.21352386,   0.00000,0
1591123424.312072,917,18feee3f,8,   0.000000,0.00000000,0.00000000,  80.96875,0
1591123455.772906,920,1cfd083f,8,   0.500005,0.82963380,2.21352386,   0.00000,0
1591123455.773441,921,18feee3f,8,   0.000000,0.00000000,0.00000000,  80.96875,0
1591123487.234195,924,1cfd083f,8,   0.500005,0.82963380,2.21352386,   0.00000,0
1591123487.234769,925,18feee3f,8,   0.000000,0.00000000,0.00000000,  80.96875,0
1591123518.696727,928,1cfd083f,8,   7.921949,0.83000007,2.21584322,   0.00000,0
1591123518.697293,929,18feee3f,8,   0.000000,0.00000000,0.00000000,  80.96875,0
1591123550.158864,932,1cfd083f,8,   7.921949,0.83000007,2.21584322,   0.00000,0
1591123550.159468,933,18feee3f,8,   0.000000,0.00000000,0.00000000,  80.96875,0
1591123581.618246,936,1cfd083f,8,   7.921949,0.83000007,2.21584322,   0.00000,0
1591123581.618819,937,18feee3f,8,   0.000000,0.00000000,0.00000000,  80.96875,0
1591123613.079578,940,1cfd083f,8,   7.921949,0.83000007,2.21584322,   0.00000,0
1591123613.080152,941,18feee3f,8,   0.000000,0.00000000,0.00000000,  80.96875,0
1591123644.542478,944,1cfd083f,8,   7.937574,0.82978641,2.21498871,   0.00000,0
1591123644.543083,945,18feee3f,8,   0.000000,0.00000000,0.00000000,  80.93750,0
1591123676.002263,948,1cfd083f,8,   7.937574,0.82978641,2.21498871,   0.00000,0
1591123676.002831,949,18feee3f,8,   0.000000,0.00000000,0.00000000,  80.93750,0
1591123707.463639,952,1cfd083f,8,   7.937574,0.82978641,2.21498871,   0.00000,0
1591123707.464221,953,18feee3f,8,   0.000000,0.00000000,0.00000000,  80.93750,0
1591123738.926152,956,1cfd083f,8,   7.968825,0.82996955,2.21486664,   0.00000,0
1591123738.926716,957,18feee3f,8,   0.000000,0.00000000,0.00000000,  80.93750,0
1591123770.386327,960,1cfd083f,8,   7.968825,0.82996955,2.21486664,   0.00000,0
1591123770.386957,961,18feee3f,8,   0.000000,0.00000000,0.00000000,  80.90625,0
1591123801.847643,964,1cfd083f,8,   7.968825,0.82996955,2.21486664,   0.00000,0
1591123801.848225,965,18feee3f,8,   0.000000,0.00000000,0.00000000,  80.90625,0
1591123833.309808,968,1cfd083f,8,   7.968825,0.82996955,2.21486664,   0.00000,0
1591123833.310338,969,18feee3f,8,   0.000000,0.00000000,0.00000000,  80.90625,0
1591123864.770336,972,1cfd083f,8,   7.968825,0.83061052,2.21535493,   0.00000,0
1591123864.770901,973,18feee3f,8,   0.000000,0.00000000,0.00000000,  80.93750,0
1591123896.231679,976,1cfd083f,8,   7.968825,0.83061052,2.21535493,   0.00000,0
1591123896.232247,977,18feee3f,8,   0.000000,0.00000000,0.00000000,  80.93750,0
1591123927.693382,980,1cfd083f,8,   7.968825,0.83061052,2.21535493,   0.00000,0
1591123927.693946,981,18feee3f,8,   0.000000,0.00000000,0.00000000,  80.93750,0
1591123959.154365,984,1cfd083f,8,   7.953200,0.83070209,2.21437836,   0.00000,0
1591123959.154931,985,18feee3f,8,   0.000000,0.00000000,0.00000000,  80.93750,0
1591123990.615682,988,1cfd083f,8,   7.953200,0.83070209,2.21437836,   0.00000,0
1591123990.616282,989,18feee3f,8,   0.000000,0.00000000,0.00000000,  80.93750,0
1591124022.077046,992,1cfd083f,8,   7.953200,0.83070209,2.21437836,   0.00000,0
1591124022.077609,993,18feee3f,8,   0.000000,0.00000000,0.00000000,  80.93750,0
1591124053.538370,996,1cfd083f,8,   7.953200,0.83015268,2.21450043,   0.00000,0
1591124053.538954,997,18feee3f,8,   0.000000,0.00000000,0.00000000,  80.90625,0
1591124084.999719,1000,1cfd083f,8,   7.953200,0.83015268,2.21450043,   0.00000,0
1591124085.000271,1001,18feee3f,8,   0.000000,0.00000000,0.00000000,  80.90625,0
1591124116.461064,1004,1cfd083f,8,   7.953200,0.83015268,2.21450043,   0.00000,0
1591124116.461609,1005,18feee3f,8,   0.000000,0.00000000,0.00000000,  80.90625,0
1591124147.922382,1008,1cfd083f,8,   7.953200,0.83015268,2.21450043,   0.00000,0
1591124147.922970,1009,18feee3f,8,   0.000000,0.00000000,0.00000000,  80.90625,0
1591124179.383734,1012,1cfd083f,8,   7.984450,0.82993902,2.21462250,   0.00000,0
1591124179.384284,1013,18feee3f,8,   0.000000,0.00000000,0.00000000,  80.90625,0
1591124210.845075,1016,1cfd083f,8,   7.984450,0.82993902,2.21462250,   0.00000,0
1591124210.845647,1017,18feee3f,8,   0.000000,0.00000000,0.00000000,  80.90625,0
1591124242.306408,1020,1cfd083f,8,   7.984450,0.82993902,2.21462250,   0.00000,0
1591124242.306976,1021,18feee3f,8,   0.000000,0.00000000,0.00000000,  80.90625,0
1591124273.767750,1024,1cfd083f,8,   7.984450,0.83051895,2.21413421,   0.00000,0
1591124273.768316,1025,18feee3f,8,   0.000000,0.00000000,0.00000000,  80.96875,0
1591124305.229080,1028,1cfd083f,8,   7.984450,0.83051895,2.21413421,   0.00000,0
1591124305.229655,1029,18feee3f,8,   0.000000,0.00000000,0.00000000,  81.00000,0
1591124336.692379,1032,1cfd083f,8,   7.984450,0.83051895,2.21413421,   0.00000,0
1591124336.692945,1033,18feee3f,8,   0.000000,0.00000000,0.00000000,  81.00000,0
1591124368.151762,1036,1cfd083f,8,   0.500005,0.83027477,2.21511079,   0.00000,0
1591124368.152331,1037,18feee3f,8,   0.000000,0.00000000,0.00000000,  81.00000,0
1591124399.613098,1040,1cfd083f,8,   0.500005,0.83027477,2.21511079,   0.00000,0
1591124399.613667,1041,18feee3f,8,   0.000000,0.00000000,0.00000000,  81.12500,0
1591124431.075986,1044,1cfd083f,8,   0.500005,0.83027477,2.21511079,   0.00000,0
1591124431.076551,1045,18feee3f,8,   0.000000,0.00000000,0.00000000,  81.12500,0
1591124462.535743,1048,1cfd083f,8,   0.500005,0.83027477,2.21511079,   0.00000,0
1591124462.536342,1049,18feee3f,8,   0.000000,0.00000000,0.00000000,  81.12500,0
1591124493.997458,1052,1cfd083f,8,   0.515630,0.82926753,2.21486664,   0.00000,0
1591124493.998048,1053,18feee3f,8,   0.000000,0.00000000,0.00000000,  81.09375,0
1591124525.459622,1056,1cfd083f,8,   0.515630,0.82926753,2.21486664,   0.00000,0
1591124525.460167,1057,18feee3f,8,   0.000000,0.00000000,0.00000000,  81.09375,0
1591124556.919798,1060,1cfd083f,8,   0.515630,0.82926753,2.21486664,   0.00000,0
1591124556.920349,1061,18feee3f,8,   0.000000,0.00000000,0.00000000,  81.09375,0
1591124588.381102,1064,1cfd083f,8,   7.906324,0.83054947,2.21450043,   0.00000,0
1591124588.381688,1065,18feee3f,8,   0.000000,0.00000000,0.00000000,  81.06250,0
1591124619.843230,1068,1cfd083f,8,   7.906324,0.83054947,2.21450043,   0.00000,0
1591124619.843778,1069,18feee3f,8,   0.000000,0.00000000,0.00000000,  81.06250,0
1591124651.303764,1072,1cfd083f,8,   7.906324,0.83054947,2.21450043,   0.00000,0
1591124651.304333,1073,18feee3f,8,   0.000000,0.00000000,0.00000000,  81.06250,0
1591124682.765140,1076,1cfd083f,8,   7.906324,0.83054947,2.21450043,   0.00000,0
1591124682.765692,1077,18feee3f,8,   0.000000,0.00000000,0.00000000,  81.06250,0
1591124714.226834,1080,1cfd083f,8,   7.953200,0.82993902,2.21340178,   0.00000,0
1591124714.227382,1081,18feee3f,8,   0.000000,0.00000000,0.00000000,  81.03125,0
1591124745.687790,1084,1cfd083f,8,   7.953200,0.82993902,2.21340178,   0.00000,0
1591124745.688369,1085,18feee3f,8,   0.000000,0.00000000,0.00000000,  81.03125,0
1591124777.149144,1088,1cfd083f,8,   7.953200,0.82993902,2.21340178,   0.00000,0
1591124777.149726,1089,18feee3f,8,   0.000000,0.00000000,0.00000000,  81.03125,0
1591124808.610482,1092,1cfd083f,8,   7.906324,0.83009164,2.21523286,   0.00000,0
1591124808.611038,1093,18feee3f,8,   0.000000,0.00000000,0.00000000,  80.96875,0
1591124840.071812,1096,1cfd083f,8,   7.906324,0.83009164,2.21523286,   0.00000,0
1591124840.072384,1097,18feee3f,8,   0.000000,0.00000000,0.00000000,  80.96875,0
1591124871.533151,1100,1cfd083f,8,   7.906324,0.83009164,2.21523286,   0.00000,0
1591124871.533729,1101,18feee3f,8,   0.000000,0.00000000,0.00000000,  80.96875,0
1591124902.994485,1104,1cfd083f,8,   7.906324,0.83009164,2.21523286,   0.00000,0
1591124902.995055,1105,18feee3f,8,   0.000000,0.00000000,0.00000000,  80.96875,0
1591124934.455823,1108,1cfd083f,8,   7.921949,0.83082418,2.21450043,   0.00000,0
1591124934.456376,1109,18feee3f,8,   0.000000,0.00000000,0.00000000,  80.90625,0
1591124965.917154,1112,1cfd083f,8,   7.921949,0.83082418,2.21450043,   0.00000,0
1591124965.917709,1113,18feee3f,8,   0.000000,0.00000000,0.00000000,  80.90625,0
1591124997.378495,1116,1cfd083f,8,   7.921949,0.83082418,2.21450043,   0.00000,0
1591124997.379078,1117,18feee3f,8,   0.000000,0.00000000,0.00000000,  80.90625,0
1591125028.839837,1120,1cfd083f,8,   7.984450,0.82990850,2.21437836,   0.00000,0
1591125028.840388,1121,18feee3f,8,   0.000000,0.00000000,0.00000000,  80.87500,0
1591125060.301152,1124,1cfd083f,8,   7.984450,0.82990850,2.21437836,   0.00000,0
1591125060.301748,1125,18feee3f,8,   0.000000,0.00000000,0.00000000,  80.87500,0
1591125091.762483,1128,1cfd083f,8,   7.984450,0.82990850,2.21437836,   0.00000,0
1591125091.763069,1129,18feee3f,8,   0.000000,0.00000000,0.00000000,  80.87500,0
1591125123.223853,1132,1cfd083f,8,   7.968825,0.82996955,2.21498871,   0.00000,0
1591125123.224407,1133,18feee3f,8,   0.000000,0.00000000,0.00000000,  80.96875,0
1591125154.685149,1136,1cfd083f,8,   7.968825,0.82996955,2.21498871,   0.00000,0
1591125154.685724,1137,18feee3f,8,   0.000000,0.00000000,0.00000000,  80.96875,0
1591125186.146502,1140,1cfd083f,8,   7.968825,0.82996955,2.21498871,   0.00000,0
1591125186.147052,1141,18feee3f,8,   0.000000,0.00000000,0.00000000,  80.96875,0
1591125217.609383,1144,1cfd083f,8,   7.968825,0.82996955,2.21498871,   0.00000,0
1591125217.609979,1145,18feee3f,8,   0.000000,0.00000000,0.00000000,  80.96875,0
1591125249.069167,1148,1cfd083f,8,   7.953200,0.82996955,2.21498871,   0.00000,0
1591125249.069738,1149,18feee3f,8,   0.000000,0.00000000,0.00000000,  80.93750,0
1591125280.530513,1152,1cfd083f,8,   7.953200,0.82996955,2.21498871,   0.00000,0
1591125280.531066,1153,18feee3f,8,   0.000000,0.00000000,0.00000000,  80.93750,0
1591125311.993036,1156,1cfd083f,8,   7.953200,0.82996955,2.21498871,   0.00000,0
1591125311.993556,1157,18feee3f,8,   0.000000,0.00000000,0.00000000,  80.93750,0
1591125343.453172,1160,1cfd083f,8,   7.953200,0.82984746,2.21523286,   0.00000,0
1591125343.453746,1161,18feee3f,8,   0.000000,0.00000000,0.00000000,  80.93750,0
1591125374.914505,1164,1cfd083f,8,   7.953200,0.82984746,2.21523286,   0.00000,0
1591125374.915084,1165,18feee3f,8,   0.000000,0.00000000,0.00000000,  80.93750,0
1591125406.376599,1168,1cfd083f,8,   7.953200,0.82984746,2.21523286,   0.00000,0
1591125406.377161,1169,18feee3f,8,   0.000000,0.00000000,0.00000000,  80.93750,0
1591125437.837125,1172,1cfd083f,8,   7.953200,0.82984746,2.21523286,   0.00000,0
1591125437.837692,1173,18feee3f,8,   0.000000,0.00000000,0.00000000,  80.93750,0
1591125469.298427,1176,1cfd083f,8,   0.515630,0.82899282,2.21633150,   0.00000,0
1591125469.299001,1177,18feee3f,8,   0.000000,0.00000000,0.00000000,  80.93750,0
1591125500.760080,1180,1cfd083f,8,   0.515630,0.82899282,2.21633150,   0.00000,0
1591125500.760644,1181,18feee3f,8,   0.000000,0.00000000,0.00000000,  80.93750,0
1591125532.220995,1184,1cfd083f,8,   0.515630,0.82899282,2.21633150,   0.00000,0
1591125532.221560,1185,18feee3f,8,   0.000000,0.00000000,0.00000000,  80.93750,0
1591125563.682264,1188,1cfd083f,8,   7.984450,0.82972537,2.21572114,   0.00000,0
1591125563.682866,1189,18feee3f,8,   0.000000,0.00000000,0.00000000,  80.93750,0
1591125595.143563,1192,1cfd083f,8,   7.984450,0.82972537,2.21572114,   0.00000,0
1591125595.144128,1193,18feee3f,8,   0.000000,0.00000000,0.00000000,  80.96875,0
1591125626.604870,1196,1cfd083f,8,   7.984450,0.82972537,2.21572114,   0.00000,0
1591125626.605435,1197,18feee3f,8,   0.000000,0.00000000,0.00000000,  80.96875,0
1591125658.066159,1200,1cfd083f,8,   7.984450,0.82972537,2.21572114,   0.00000,0
1591125658.066724,1201,18feee3f,8,   0.000000,0.00000000,0.00000000,  80.96875,0
1591125689.529454,1204,1cfd083f,8,   0.515630,0.83009164,2.21535493,   0.00000,0
1591125689.529999,1205,18feee3f,8,   0.000000,0.00000000,0.00000000,  80.96875,0
1591125720.988786,1208,1cfd083f,8,   0.515630,0.83009164,2.21535493,   0.00000,0
1591125720.989352,1209,18feee3f,8,   0.000000,0.00000000,0.00000000,  80.96875,0
1591125752.450067,1212,1cfd083f,8,   0.515630,0.83009164,2.21535493,   0.00000,0
1591125752.450660,1213,18feee3f,8,   0.000000,0.00000000,0.00000000,  80.96875,0
1591125783.912922,1216,1cfd083f,8,   7.890699,0.83073261,2.21498871,   0.00000,0
1591125783.913493,1217,18feee3f,8,   0.000000,0.00000000,0.00000000,  80.90625,0
1591125815.372651,1220,1cfd083f,8,   7.890699,0.83073261,2.21498871,   0.00000,0
1591125815.373258,1221,18feee3f,8,   0.000000,0.00000000,0.00000000,  81.00000,0
1591125846.833972,1224,1cfd083f,8,   7.890699,0.83073261,2.21498871,   0.00000,0
1591125846.834538,1225,18feee3f,8,   0.000000,0.00000000,0.00000000,  81.00000,0
1591125878.295298,1228,1cfd083f,8,   7.890699,0.83073261,2.21498871,   0.00000,0
1591125878.295863,1229,18feee3f,8,   0.000000,0.00000000,0.00000000,  81.00000,0
1591125909.758544,1232,1cfd083f,8,   7.968825,0.82975589,2.21498871,   0.00000,0
1591125909.759124,1233,18feee3f,8,   0.000000,0.00000000,0.00000000,  81.00000,0
1591125941.217910,1236,1cfd083f,8,   7.968825,0.82975589,2.21498871,   0.00000,0
1591125941.218473,1237,18feee3f,8,   0.000000,0.00000000,0.00000000,  81.00000,0
1591125972.679242,1240,1cfd083f,8,   7.968825,0.82975589,2.21498871,   0.00000,0
1591125972.679783,1241,18feee3f,8,   0.000000,0.00000000,0.00000000,  81.00000,0
1591126004.142109,1244,1cfd083f,8,   7.921949,0.83033582,2.21620943,   0.00000,0
1591126004.142652,1245,18feee3f,8,   0.000000,0.00000000,0.00000000,  80.96875,0
1591126035.601881,1248,1cfd083f,8,   7.921949,0.83033582,2.21620943,   0.00000,0
1591126035.602428,1249,18feee3f,8,   0.000000,0.00000000,0.00000000,  80.96875,0
1591126067.063153,1252,1cfd083f,8,   7.921949,0.83033582,2.21620943,   0.00000,0
1591126067.063741,1253,18feee3f,8,   0.000000,0.00000000,0.00000000,  80.96875,0
1591126098.524481,1256,1cfd083f,8,   7.968825,0.82981693,2.21401214,   0.00000,0
1591126098.525040,1257,18feee3f,8,   0.000000,0.00000000,0.00000000,  80.90625,0
1591126129.985773,1260,1cfd083f,8,   7.968825,0.82981693,2.21401214,   0.00000,0
1591126129.986342,1261,18feee3f,8,   0.000000,0.00000000,0.00000000,  80.90625,0
1591126161.447112,1264,1cfd083f,8,   7.968825,0.82981693,2.21401214,   0.00000,0
1591126161.447667,1265,18feee3f,8,   0.000000,0.00000000,0.00000000,  80.90625,0
1591126192.908422,1268,1cfd083f,8,   7.953200,0.82990850,2.21547700,   0.00000,0
1591126192.908984,1269,18feee3f,8,   0.000000,0.00000000,0.00000000,  80.84375,0
1591126224.369752,1272,1cfd083f,8,   7.953200,0.82990850,2.21547700,   0.00000,0
1591126224.370315,1273,18feee3f,8,   0.000000,0.00000000,0.00000000,  80.84375,0
1591126255.831050,1276,1cfd083f,8,   7.953200,0.82990850,2.21547700,   0.00000,0
1591126255.831624,1277,18feee3f,8,   0.000000,0.00000000,0.00000000,  80.84375,0
1591126287.292739,1280,1cfd083f,8,   7.953200,0.82990850,2.21547700,   0.00000,0
1591126287.293315,1281,18feee3f,8,   0.000000,0.00000000,0.00000000,  80.84375,0
1591126318.753690,1284,1cfd083f,8,   0.500005,0.83018320,2.21523286,   0.00000,0
1591126318.754278,1285,18feee3f,8,   0.000000,0.00000000,0.00000000,  81.00000,0
1591126350.215028,1288,1cfd083f,8,   0.500005,0.83018320,2.21523286,   0.00000,0
1591126350.215575,1289,18feee3f,8,   0.000000,0.00000000,0.00000000,  81.00000,0
1591126381.676329,1292,1cfd083f,8,   0.500005,0.83018320,2.21523286,   0.00000,0
1591126381.676926,1293,18feee3f,8,   0.000000,0.00000000,0.00000000,  81.00000,0
1591126413.137650,1296,1cfd083f,8,   7.984450,0.83061052,2.21486664,   0.00000,0
1591126413.138244,1297,18feee3f,8,   0.000000,0.00000000,0.00000000,  81.15625,0
1591126444.598961,1300,1cfd083f,8,   7.984450,0.83061052,2.21486664,   0.00000,0
1591126444.599546,1301,18feee3f,8,   0.000000,0.00000000,0.00000000,  81.18750,0
1591126476.060307,1304,1cfd083f,8,   7.984450,0.83061052,2.21486664,   0.00000,0
1591126476.060857,1305,18feee3f,8,   0.000000,0.00000000,0.00000000,  81.18750,0
1591126507.521617,1308,1cfd083f,8,   7.984450,0.83061052,2.21486664,   0.00000,0
1591126507.522207,1309,18feee3f,8,   0.000000,0.00000000,0.00000000,  81.18750,0
1591126538.982957,1312,1cfd083f,8,   7.968825,0.82993902,2.21389007,   0.00000,0
1591126538.983501,1313,18feee3f,8,   0.000000,0.00000000,0.00000000,  81.18750,0
1591126570.444276,1316,1cfd083f,8,   7.968825,0.82993902,2.21389007,   0.00000,0
1591126570.444827,1317,18feee3f,8,   0.000000,0.00000000,0.00000000,  81.40625,0
1591126601.905588,1320,1cfd083f,8,   7.968825,0.82993902,2.21389007,   0.00000,0
1591126601.906177,1321,18feee3f,8,   0.000000,0.00000000,0.00000000,  81.40625,0
1591126633.366937,1324,1cfd083f,8,   7.968825,0.82993902,2.21389007,   0.00000,0
1591126633.367467,1325,18feee3f,8,   0.000000,0.00000000,0.00000000,  81.40625,0
1591126664.828217,1328,1cfd083f,8,   7.890699,0.82981693,2.21535493,   0.00000,0
1591126664.828816,1329,18feee3f,8,   0.000000,0.00000000,0.00000000,  81.53125,0
1591126696.291529,1332,1cfd083f,8,   7.890699,0.82981693,2.21535493,   0.00000,0
1591126696.292093,1333,18feee3f,8,   0.000000,0.00000000,0.00000000,  81.53125,0
1591126727.750875,1336,1cfd083f,8,   7.890699,0.82981693,2.21535493,   0.00000,0
1591126727.751441,1337,18feee3f,8,   0.000000,0.00000000,0.00000000,  81.53125,0
1591126759.212991,1340,1cfd083f,8,   7.875074,0.82996955,2.21474457,   0.00000,0
1591126759.213571,1341,18feee3f,8,   0.000000,0.00000000,0.00000000,  81.53125,0
1591126790.675152,1344,1cfd083f,8,   7.875074,0.82996955,2.21474457,   0.00000,0
1591126790.675691,1345,18feee3f,8,   0.000000,0.00000000,0.00000000,  81.56250,0
1591126822.134882,1348,1cfd083f,8,   7.875074,0.82996955,2.21474457,   0.00000,0
1591126822.135438,1349,18feee3f,8,   0.000000,0.00000000,0.00000000,  81.56250,0
1591126853.596180,1352,1cfd083f,8,   7.828198,0.82975589,2.21401214,   0.00000,0
1591126853.596769,1353,18feee3f,8,   0.000000,0.00000000,0.00000000,  81.56250,0
1591126885.058672,1356,1cfd083f,8,   7.828198,0.82975589,2.21401214,   0.00000,0
1591126885.059261,1357,18feee3f,8,   0.000000,0.00000000,0.00000000,  81.56250,0
1591126916.518824,1360,1cfd083f,8,   7.828198,0.82975589,2.21401214,   0.00000,0
1591126916.519409,1361,18feee3f,8,   0.000000,0.00000000,0.00000000,  81.56250,0
1591126947.980168,1364,1cfd083f,8,   7.828198,0.82975589,2.21401214,   0.00000,0
1591126947.980757,1365,18feee3f,8,   0.000000,0.00000000,0.00000000,  81.56250,0
1591126979.441521,1368,1cfd083f,8,   7.875074,0.82948118,2.21389007,   0.00000,0
1591126979.442075,1369,18feee3f,8,   0.000000,0.00000000,0.00000000,  81.50000,0
1591127010.902825,1372,1cfd083f,8,   7.875074,0.82948118,2.21389007,   0.00000,0
1591127010.903411,1373,18feee3f,8,   0.000000,0.00000000,0.00000000,  81.50000,0
1591127042.364150,1376,1cfd083f,8,   7.875074,0.82948118,2.21389007,   0.00000,0
1591127042.364740,1377,18feee3f,8,   0.000000,0.00000000,0.00000000,  81.50000,0
1591127073.825474,1380,1cfd083f,8,   7.890699,0.82929805,2.21364593,   0.00000,0
1591127073.826047,1381,18feee3f,8,   0.000000,0.00000000,0.00000000,  81.43750,0
1591127105.286801,1384,1cfd083f,8,   7.890699,0.82929805,2.21364593,   0.00000,0
1591127105.287365,1385,18feee3f,8,   0.000000,0.00000000,0.00000000,  81.43750,0
1591127136.748144,1388,1cfd083f,8,   7.890699,0.82929805,2.21364593,   0.00000,0
1591127136.748709,1389,18feee3f,8,   0.000000,0.00000000,0.00000000,  81.43750,0
1591127168.209465,1392,1cfd083f,8,   7.890699,0.82929805,2.21364593,   0.00000,0
1591127168.210050,1393,18feee3f,8,   0.000000,0.00000000,0.00000000,  81.43750,0
1591127199.670801,1396,1cfd083f,8,   7.859449,0.83033582,2.21340178,   0.00000,0
1591127199.671365,1397,18feee3f,8,   0.000000,0.00000000,0.00000000,  81.21875,0
1591127231.132128,1400,1cfd083f,8,   7.859449,0.83033582,2.21340178,   0.00000,0
1591127231.132701,1401,18feee3f,8,   0.000000,0.00000000,0.00000000,  81.21875,0
1591127262.593428,1404,1cfd083f,8,   7.859449,0.83033582,2.21340178,   0.00000,0
1591127262.593999,1405,18feee3f,8,   0.000000,0.00000000,0.00000000,  81.21875,0
1591127294.054782,1408,1cfd083f,8,   7.859449,0.83018320,2.21376800,   0.00000,0
1591127294.055356,1409,18feee3f,8,   0.000000,0.00000000,0.00000000,  81.06250,0
1591127325.516100,1412,1cfd083f,8,   7.859449,0.83018320,2.21376800,   0.00000,0
1591127325.516686,1413,18feee3f,8,   0.000000,0.00000000,0.00000000,  81.06250,0
1591127356.977430,1416,1cfd083f,8,   7.859449,0.83018320,2.21376800,   0.00000,0
1591127356.978020,1417,18feee3f,8,   0.000000,0.00000000,0.00000000,  81.06250,0
1591127388.438783,1420,1cfd083f,8,   7.859449,0.83018320,2.21376800,   0.00000,0
1591127388.439340,1421,18feee3f,8,   0.000000,0.00000000,0.00000000,  81.06250,0
1591127419.900090,1424,1cfd083f,8,   7.968825,0.82935909,2.21498871,   0.00000,0
1591127419.900673,1425,18feee3f,8,   0.000000,0.00000000,0.00000000,  80.90625,0
1591127451.361424,1428,1cfd083f,8,   7.968825,0.82935909,2.21498871,   0.00000,0
1591127451.362016,1429,18feee3f,8,   0.000000,0.00000000,0.00000000,  80.90625,0
1591127482.824632,1432,1cfd083f,8,   7.968825,0.82935909,2.21498871,   0.00000,0
1591127482.825214,1433,18feee3f,8,   0.000000,0.00000000,0.00000000,  80.90625,0
1591127514.283880,1436,1cfd083f,8,   7.984450,0.82975589,2.21572114,   0.00000,0
1591127514.284515,1437,18feee3f,8,   0.000000,0.00000000,0.00000000,  80.81250,0
1591127545.745109,1440,1cfd083f,8,   7.984450,0.82975589,2.21572114,   0.00000,0
1591127545.745691,1441,18feee3f,8,   0.000000,0.00000000,0.00000000,  80.81250,0
1591127577.207925,1444,1cfd083f,8,   7.984450,0.82975589,2.21572114,   0.00000,0
1591127577.208504,1445,18feee3f,8,   0.000000,0.00000000,0.00000000,  80.81250,0
1591127608.667605,1448,1cfd083f,8,   7.984450,0.83039686,2.21523286,   0.00000,0
1591127608.668155,1449,18feee3f,8,   0.000000,0.00000000,0.00000000,  80.84375,0
1591127640.128852,1452,1cfd083f,8,   7.984450,0.83039686,2.21523286,   0.00000,0
1591127640.129397,1453,18feee3f,8,   0.000000,0.00000000,0.00000000,  80.84375,0
1591127671.591267,1456,1cfd083f,8,   7.984450,0.83039686,2.21523286,   0.00000,0
1591127671.591833,1457,18feee3f,8,   0.000000,0.00000000,0.00000000,  80.84375,0
1591127703.051347,1460,1cfd083f,8,   7.984450,0.83039686,2.21523286,   0.00000,0
1591127703.051912,1461,18feee3f,8,   0.000000,0.00000000,0.00000000,  80.84375,0
1591127734.512597,1464,1cfd083f,8,   7.937574,0.83146515,2.21498871,   0.00000,0
1591127734.513164,1465,18feee3f,8,   0.000000,0.00000000,0.00000000,  81.00000,0
1591127765.974631,1468,1cfd083f,8,   7.937574,0.83146515,2.21498871,   0.00000,0
1591127765.975197,1469,18feee3f,8,   0.000000,0.00000000,0.00000000,  81.00000,0
1591127797.435149,1472,1cfd083f,8,   7.937574,0.83146515,2.21498871,   0.00000,0
1591127797.435720,1473,18feee3f,8,   0.000000,0.00000000,0.00000000,  81.00000,0
1591127828.896398,1476,1cfd083f,8,   7.953200,0.83070209,2.21572114,   0.00000,0
1591127828.896962,1477,18feee3f,8,   0.000000,0.00000000,0.00000000,  81.00000,0
1591127860.358034,1480,1cfd083f,8,   7.953200,0.83070209,2.21572114,   0.00000,0
1591127860.358599,1481,18feee3f,8,   0.000000,0.00000000,0.00000000,  81.15625,0
1591127891.818957,1484,1cfd083f,8,   7.953200,0.83070209,2.21572114,   0.00000,0
1591127891.819523,1485,18feee3f,8,   0.000000,0.00000000,0.00000000,  81.15625,0
1591127923.280210,1488,1cfd083f,8,   7.953200,0.83070209,2.21572114,   0.00000,0
1591127923.280773,1489,18feee3f,8,   0.000000,0.00000000,0.00000000,  81.15625,0
1591127954.741501,1492,1cfd083f,8,   7.937574,0.83039686,2.21462250,   0.00000,0
1591127954.742065,1493,18feee3f,8,   0.000000,0.00000000,0.00000000,  81.21875,0
1591127986.202776,1496,1cfd083f,8,   7.937574,0.83039686,2.21462250,   0.00000,0
1591127986.203342,1497,18feee3f,8,   0.000000,0.00000000,0.00000000,  81.21875,0
1591128017.664074,1500,1cfd083f,8,   7.937574,0.83039686,2.21462250,   0.00000,0
1591128017.664640,1501,18feee3f,8,   0.000000,0.00000000,0.00000000,  81.21875,0
1591128049.127330,1504,1cfd083f,8,   7.921949,0.82981693,2.21474457,   0.00000,0
1591128049.127880,1505,18feee3f,8,   0.000000,0.00000000,0.00000000,  81.25000,0
1591128080.586645,1508,1cfd083f,8,   7.921949,0.82981693,2.21474457,   0.00000,0
1591128080.587211,1509,18feee3f,8,   0.000000,0.00000000,0.00000000,  81.25000,0
1591128112.047931,1512,1cfd083f,8,   7.921949,0.82981693,2.21474457,   0.00000,0
1591128112.048497,1513,18feee3f,8,   0.000000,0.00000000,0.00000000,  81.25000,0
1591128143.509237,1516,1cfd083f,8,   7.921949,0.82981693,2.21474457,   0.00000,0
1591128143.509804,1517,18feee3f,8,   0.000000,0.00000000,0.00000000,  81.25000,0
1591128174.970505,1520,1cfd083f,8,   7.921949,0.83009164,2.21462250,   0.00000,0
1591128174.971070,1521,18feee3f,8,   0.000000,0.00000000,0.00000000,  81.25000,0
1591128206.431825,1524,1cfd083f,8,   7.921949,0.83009164,2.21462250,   0.00000,0
1591128206.432391,1525,18feee3f,8,   0.000000,0.00000000,0.00000000,  81.25000,0
1591128237.893094,1528,1cfd083f,8,   7.921949,0.83009164,2.21462250,   0.00000,0
1591128237.893660,1529,18feee3f,8,   0.000000,0.00000000,0.00000000,  81.25000,0
1591128269.354395,1532,1cfd083f,8,   7.890699,0.83018320,2.21437836,   0.00000,0
1591128269.354960,1533,18feee3f,8,   0.000000,0.00000000,0.00000000,  81.18750,0
1591128300.815710,1536,1cfd083f,8,   7.890699,0.83018320,2.21437836,   0.00000,0
1591128300.816274,1537,18feee3f,8,   0.000000,0.00000000,0.00000000,  81.18750,0
1591128332.277010,1540,1cfd083f,8,   7.890699,0.83018320,2.21437836,   0.00000,0
1591128332.277576,1541,18feee3f,8,   0.000000,0.00000000,0.00000000,  81.18750,0
1591128363.739868,1544,1cfd083f,8,   7.890699,0.83018320,2.21437836,   0.00000,0
1591128363.740434,1545,18feee3f,8,   0.000000,0.00000000,0.00000000,  81.18750,0
1591128395.199609,1548,1cfd083f,8,   7.953200,0.05213254,2.22402201,   0.00000,0
1591128395.200150,1549,18feee3f,8,   0.000000,0.00000000,0.00000000,  81.12500,0
1591128426.660913,1552,1cfd083f,8,   7.953200,0.05213254,2.22402201,   0.00000,0
1591128426.661477,1553,18feee3f,8,   0.000000,0.00000000,0.00000000,  81.12500,0
1591128458.123355,1556,1cfd083f,8,   7.953200,0.05213254,2.22402201,   0.00000,0
1591128458.123919,1557,18feee3f,8,   0.000000,0.00000000,0.00000000,  81.12500,0
1591128489.583535,1560,1cfd083f,8,   7.953200,0.05213254,2.22402201,   0.00000,0
1591128489.584063,1561,18feee3f,8,   0.000000,0.00000000,0.00000000,  81.12500,0
1591128521.044804,1564,1cfd083f,8,   7.906324,0.82993902,2.22426615,   0.00000,0
1591128521.045368,1565,18feee3f,8,   0.000000,0.00000000,0.00000000,  81.00000,0
1591128552.506865,1568,1cfd083f,8,   7.906324,0.82993902,2.22426615,   0.00000,0
1591128552.507466,1569,18feee3f,8,   0.000000,0.00000000,0.00000000,  81.00000,0
1591128583.967417,1572,1cfd083f,8,   7.906324,0.82993902,2.22426615,   0.00000,0
1591128583.967982,1573,18feee3f,8,   0.000000,0.00000000,0.00000000,  81.00000,0
1591128615.428707,1576,1cfd083f,8,   7.921949,0.83036634,2.22414408,   0.00000,0
1591128615.429286,1577,18feee3f,8,   0.000000,0.00000000,0.00000000,  80.93750,0
1591128646.890394,1580,1cfd083f,8,   7.921949,0.83036634,2.22414408,   0.00000,0
1591128646.890958,1581,18feee3f,8,   0.000000,0.00000000,0.00000000,  80.93750,0
1591128678.351344,1584,1cfd083f,8,   7.921949,0.83036634,2.22414408,   0.00000,0
1591128678.351909,1585,18feee3f,8,   0.000000,0.00000000,0.00000000,  80.93750,0
1591128709.812644,1588,1cfd083f,8,   7.921949,0.83036634,2.22414408,   0.00000,0
1591128709.813209,1589,18feee3f,8,   0.000000,0.00000000,0.00000000,  80.93750,0
1591128741.273935,1592,1cfd083f,8,   0.515630,0.82917596,2.22328958,   0.00000,0
1591128741.274546,1593,18feee3f,8,   0.000000,0.00000000,0.00000000,  80.93750,0
1591128772.735252,1596,1cfd083f,8,   0.515630,0.82917596,2.22328958,   0.00000,0
1591128772.735821,1597,18feee3f,8,   0.000000,0.00000000,0.00000000,  80.93750,0
1591128804.196570,1600,1cfd083f,8,   0.515630,0.82917596,2.22328958,   0.00000,0
1591128804.197194,1601,18feee3f,8,   0.000000,0.00000000,0.00000000,  80.93750,0
1591128835.657859,1604,1cfd083f,8,   0.515630,0.82917596,2.22328958,   0.00000,0
1591128835.658412,1605,18feee3f,8,   0.000000,0.00000000,0.00000000,  80.93750,0
1591128867.119150,1608,1cfd083f,8,   7.984450,0.82942014,2.22414408,   0.00000,0
1591128867.119724,1609,18feee3f,8,   0.000000,0.00000000,0.00000000,  81.00000,0
1591128898.580464,1612,1cfd083f,8,   7.984450,0.82942014,2.22414408,   0.00000,0
1591128898.581032,1613,18feee3f,8,   0.000000,0.00000000,0.00000000,  81.00000,0
1591128930.041752,1616,1cfd083f,8,   7.984450,0.82942014,2.22414408,   0.00000,0
1591128930.042343,1617,18feee3f,8,   0.000000,0.00000000,0.00000000,  81.00000,0
1591128961.503099,1620,1cfd083f,8,   0.531255,0.05182731,2.22597516,   0.00000,0
1591128961.503651,1621,18feee3f,8,   0.000000,0.00000000,0.00000000,  81.09375,0
1591128992.964383,1624,1cfd083f,8,   0.531255,0.05182731,2.22597516,   0.00000,0
1591128992.964939,1625,18feee3f,8,   0.000000,0.00000000,0.00000000,  81.09375,0
1591129024.425676,1628,1cfd083f,8,   0.531255,0.05182731,2.22597516,   0.00000,0
1591129024.426254,1629,18feee3f,8,   0.000000,0.00000000,0.00000000,  81.09375,0
1591129055.888952,1632,1cfd083f,8,   0.531255,0.05182731,2.22597516,   0.00000,0
1591129055.889523,1633,18feee3f,8,   0.000000,0.00000000,0.00000000,  81.09375,0
1591129087.348277,1636,1cfd083f,8,   7.953200,0.83021373,2.21596529,   0.00000,0
1591129087.348844,1637,18feee3f,8,   0.000000,0.00000000,0.00000000,  81.09375,0
1591129118.809616,1640,1cfd083f,8,   7.953200,0.83021373,2.21596529,   0.00000,0
1591129118.810156,1641,18feee3f,8,   0.000000,0.00000000,0.00000000,  81.09375,0
1591129150.272461,1644,1cfd083f,8,   7.953200,0.83021373,2.21596529,   0.00000,0
1591129150.273029,1645,18feee3f,8,   0.000000,0.00000000,0.00000000,  81.09375,0
1591129181.732199,1648,1cfd083f,8,   7.921949,0.83030529,2.21547700,   0.00000,0
1591129181.732776,1649,18feee3f,8,   0.000000,0.00000000,0.00000000,  81.03125,0
1591129213.193500,1652,1cfd083f,8,   7.921949,0.83030529,2.21547700,   0.00000,0
1591129213.194095,1653,18feee3f,8,   0.000000,0.00000000,0.00000000,  81.03125,0
1591129244.655976,1656,1cfd083f,8,   7.921949,0.83030529,2.21547700,   0.00000,0
1591129244.656564,1657,18feee3f,8,   0.000000,0.00000000,0.00000000,  81.03125,0
1591129276.116125,1660,1cfd083f,8,   7.921949,0.83006111,2.21584322,   0.00000,0
1591129276.116690,1661,18feee3f,8,   0.000000,0.00000000,0.00000000,  81.00000,0
1591129307.577415,1664,1cfd083f,8,   7.921949,0.83006111,2.21584322,   0.00000,0
1591129307.578022,1665,18feee3f,8,   0.000000,0.00000000,0.00000000,  81.03125,0
1591129339.039510,1668,1cfd083f,8,   7.921949,0.83006111,2.21584322,   0.00000,0
1591129339.040059,1669,18feee3f,8,   0.000000,0.00000000,0.00000000,  81.03125,0
1591129370.500047,1672,1cfd083f,8,   7.921949,0.83006111,2.21584322,   0.00000,0
1591129370.500634,1673,18feee3f,8,   0.000000,0.00000000,0.00000000,  81.03125,0
1591129401.961358,1676,1cfd083f,8,   7.921949,0.83027477,2.21669772,   0.00000,0
1591129401.961942,1677,18feee3f,8,   0.000000,0.00000000,0.00000000,  81.03125,0
1591129433.423024,1680,1cfd083f,8,   7.921949,0.83027477,2.21669772,   0.00000,0
1591129433.423605,1681,18feee3f,8,   0.000000,0.00000000,0.00000000,  81.03125,0
1591129464.883984,1684,1cfd083f,8,   7.921949,0.83027477,2.21669772,   0.00000,0
1591129464.884550,1685,18feee3f,8,   0.000000,0.00000000,0.00000000,  81.03125,0
1591129496.345288,1688,1cfd083f,8,   7.906324,0.83073261,2.21523286,   0.00000,0
1591129496.345853,1689,18feee3f,8,   0.000000,0.00000000,0.00000000,  81.03125,0
1591129527.806674,1692,1cfd083f,8,   7.906324,0.83073261,2.21523286,   0.00000,0
1591129527.807264,1693,18feee3f,8,   0.000000,0.00000000,0.00000000,  81.03125,0
1591129559.268123,1696,1cfd083f,8,   7.953200,0.83012216,2.21596529,   0.00000,0
1591129559.268688,1697,18feee3f,8,   0.000000,0.00000000,0.00000000,  81.06250,0
1591129590.729566,1700,1cfd083f,8,   7.953200,0.83012216,2.21596529,   0.00000,0
1591129590.730108,1701,18feee3f,8,   0.000000,0.00000000,0.00000000,  81.06250,0
1591129622.190983,1704,1cfd083f,8,   7.953200,0.83012216,2.21596529,   0.00000,0
1591129622.191533,1705,18feee3f,8,   0.000000,0.00000000,0.00000000,  81.06250,0
1591129653.652449,1708,1cfd083f,8,   7.953200,0.83012216,2.21596529,   0.00000,0
1591129653.652952,1709,18feee3f,8,   0.000000,0.00000000,0.00000000,  81.06250,0
1591129685.113804,1712,1cfd083f,8,   7.953200,0.83000007,2.21669772,   0.00000,0
1591129685.114369,1713,18feee3f,8,   0.000000,0.00000000,0.00000000,  81.09375,0
1591129716.575216,1716,1cfd083f,8,   7.953200,0.83000007,2.21669772,   0.00000,0
1591129716.575784,1717,18feee3f,8,   0.000000,0.00000000,0.00000000,  81.09375,0
1591129748.036632,1720,1cfd083f,8,   7.953200,0.83000007,2.21669772,   0.00000,0
1591129748.037198,1721,18feee3f,8,   0.000000,0.00000000,0.00000000,  81.09375,0
1591129779.498040,1724,1cfd083f,8,   7.921949,0.83039686,2.21547700,   0.00000,0
1591129779.498608,1725,18feee3f,8,   0.000000,0.00000000,0.00000000,  81.12500,0
1591129810.959409,1728,1cfd083f,8,   7.921949,0.83039686,2.21547700,   0.00000,0
1591129810.959979,1729,18feee3f,8,   0.000000,0.00000000,0.00000000,  81.12500,0
1591129842.422789,1732,1cfd083f,8,   7.921949,0.83039686,2.21547700,   0.00000,0
1591129842.423334,1733,18feee3f,8,   0.000000,0.00000000,0.00000000,  81.12500,0
1591129873.882225,1736,1cfd083f,8,   0.500005,0.82972537,2.21523286,   0.00000,0
1591129873.882790,1737,18feee3f,8,   0.000000,0.00000000,0.00000000,  81.06250,0
1591129905.343576,1740,1cfd083f,8,   0.500005,0.82972537,2.21523286,   0.00000,0
1591129905.344201,1741,18feee3f,8,   0.000000,0.00000000,0.00000000,  81.09375,0
1591129936.806529,1744,1cfd083f,8,   0.500005,0.82972537,2.21523286,   0.00000,0
1591129936.807095,1745,18feee3f,8,   0.000000,0.00000000,0.00000000,  81.09375,0
1591129968.266358,1748,1cfd083f,8,   0.500005,0.82972537,2.21523286,   0.00000,0
1591129968.266960,1749,18feee3f,8,   0.000000,0.00000000,0.00000000,  81.09375,0
1591129999.728087,1752,1cfd083f,8,   7.921949,0.82987798,2.21669772,   0.00000,0
1591129999.728652,1753,18feee3f,8,   0.000000,0.00000000,0.00000000,  81.06250,0
1591130031.190250,1756,1cfd083f,8,   7.921949,0.82987798,2.21669772,   0.00000,0
1591130031.190815,1757,18feee3f,8,   0.000000,0.00000000,0.00000000,  81.06250,0
1591130062.650472,1760,1cfd083f,8,   7.921949,0.82987798,2.21669772,   0.00000,0
1591130062.651038,1761,18feee3f,8,   0.000000,0.00000000,0.00000000,  81.06250,0
1591130094.111806,1764,1cfd083f,8,   7.906324,0.83033582,2.21572114,   0.00000,0
1591130094.112411,1765,18feee3f,8,   0.000000,0.00000000,0.00000000,  81.06250,0
1591130125.573951,1768,1cfd083f,8,   7.906324,0.83033582,2.21572114,   0.00000,0
1591130125.574516,1769,18feee3f,8,   0.000000,0.00000000,0.00000000,  81.06250,0
1591130157.034547,1772,1cfd083f,8,   7.906324,0.83033582,2.21572114,   0.00000,0
1591130157.035112,1773,18feee3f,8,   0.000000,0.00000000,0.00000000,  81.06250,0
1591130188.495914,1776,1cfd083f,8,   0.500005,0.82929805,2.21498871,   0.00000,0
1591130188.496479,1777,18feee3f,8,   0.000000,0.00000000,0.00000000,  81.06250,0
1591130219.957639,1780,1cfd083f,8,   0.500005,0.82929805,2.21498871,   0.00000,0
1591130219.958203,1781,18feee3f,8,   0.000000,0.00000000,0.00000000,  81.06250,0
1591130251.418615,1784,1cfd083f,8,   0.500005,0.82929805,2.21498871,   0.00000,0
1591130251.419179,1785,18feee3f,8,   0.000000,0.00000000,0.00000000,  81.06250,0
1591130282.879975,1788,1cfd083f,8,   0.500005,0.82929805,2.21498871,   0.00000,0
1591130282.880543,1789,18feee3f,8,   0.000000,0.00000000,0.00000000,  81.06250,0
1591130314.341351,1792,1cfd083f,8,   7.953200,0.83042738,2.21572114,   0.00000,0
1591130314.341916,1793,18feee3f,8,   0.000000,0.00000000,0.00000000,  81.09375,0
1591130345.802671,1796,1cfd083f,8,   7.953200,0.83042738,2.21572114,   0.00000,0
1591130345.803240,1797,18feee3f,8,   0.000000,0.00000000,0.00000000,  81.09375,0
1591130377.264036,1800,1cfd083f,8,   7.953200,0.83042738,2.21572114,   0.00000,0
1591130377.264599,1801,18feee3f,8,   0.000000,0.00000000,0.00000000,  81.09375,0
1591130408.725416,1804,1cfd083f,8,   7.953200,0.83024425,2.21620943,   0.00000,0
1591130408.725982,1805,18feee3f,8,   0.000000,0.00000000,0.00000000,  81.06250,0
1591130440.186745,1808,1cfd083f,8,   7.953200,0.83024425,2.21620943,   0.00000,0
1591130440.187321,1809,18feee3f,8,   0.000000,0.00000000,0.00000000,  81.06250,0
1591130471.648097,1812,1cfd083f,8,   7.953200,0.83024425,2.21620943,   0.00000,0
1591130471.648642,1813,18feee3f,8,   0.000000,0.00000000,0.00000000,  81.06250,0
1591130503.109436,1816,1cfd083f,8,   7.953200,0.83024425,2.21620943,   0.00000,0
1591130503.110017,1817,18feee3f,8,   0.000000,0.00000000,0.00000000,  81.06250,0
1591130534.570799,1820,1cfd083f,8,   0.515630,0.82929805,2.21559907,   0.00000,0
1591130534.571365,1821,18feee3f,8,   0.000000,0.00000000,0.00000000,  80.96875,0
1591130566.032138,1824,1cfd083f,8,   0.515630,0.82929805,2.21559907,   0.00000,0
1591130566.032702,1825,18feee3f,8,   0.000000,0.00000000,0.00000000,  80.96875,0
1591130597.493468,1828,1cfd083f,8,   0.515630,0.82929805,2.21559907,   0.00000,0
1591130597.494032,1829,18feee3f,8,   0.000000,0.00000000,0.00000000,  80.96875,0
