timestamp,count,id,Viscosity (cp),Density (gm/cc),Dielectric constant (-),Temperature (C), Status
1590700516.285871,0,1cfd083f,8,   7.968825,0.83125149,2.22744001,   0.00000,0
1590700516.286362,1,18feee3f,8,   0.000000,0.00000000,0.00000000,  80.03125,0
1590700547.745959,4,1cfd083f,8,   7.921949,0.83094627,2.22695173,   0.00000,0
1590700547.746527,5,18feee3f,8,   0.000000,0.00000000,0.00000000,  80.00000,0
1590700579.207345,8,1cfd083f,8,   7.921949,0.83094627,2.22695173,   0.00000,0
1590700579.207905,9,18feee3f,8,   0.000000,0.00000000,0.00000000,  80.00000,0
1590700610.669481,12,1cfd083f,8,   7.921949,0.83094627,2.22695173,   0.00000,0
1590700610.670060,13,18feee3f,8,   0.000000,0.00000000,0.00000000,  80.00000,0
1590700642.130092,16,1cfd083f,8,   7.937574,0.83021373,2.22670759,   0.00000,0
1590700642.130659,17,18feee3f,8,   0.000000,0.00000000,0.00000000,-250.75000,0
1590700673.591482,20,1cfd083f,8,   7.937574,0.83021373,2.22670759,   0.00000,0
1590700673.592033,21,18feee3f,8,   0.000000,0.00000000,0.00000000,-250.78125,0
1590700705.053213,24,1cfd083f,8,   7.937574,0.83021373,2.22670759,   0.00000,0
1590700705.053801,25,18feee3f,8,   0.000000,0.00000000,0.00000000,-250.78125,0
1590700736.514208,28,1cfd083f,8,   7.937574,0.83021373,2.22670759,   0.00000,0
1590700736.514789,29,18feee3f,8,   0.000000,0.00000000,0.00000000,-250.78125,0
1590700767.975586,32,1cfd083f,8,   0.515630,0.83119045,2.22756209,   0.00000,0
1590700767.976164,33,18feee3f,8,   0.000000,0.00000000,0.00000000,  78.43750,0
1590700799.436966,36,1cfd083f,8,   0.515630,0.83119045,2.22756209,   0.00000,0
1590700799.437536,37,18feee3f,8,   0.000000,0.00000000,0.00000000,  78.43750,0
1590700830.898333,40,1cfd083f,8,   0.515630,0.83119045,2.22756209,   0.00000,0
1590700830.898904,41,18feee3f,8,   0.000000,0.00000000,0.00000000,  78.43750,0
1590700862.359735,44,1cfd083f,8,   0.687506,0.83216717,2.22695173,   0.00000,0
1590700862.360266,45,18feee3f,8,   0.000000,0.00000000,0.00000000,  78.18750,0
1590700893.821080,48,1cfd083f,8,   0.687506,0.83216717,2.22695173,   0.00000,0
1590700893.821658,49,18feee3f,8,   0.000000,0.00000000,0.00000000,  78.18750,0
1590700925.282442,52,1cfd083f,8,   0.687506,0.83216717,2.22695173,   0.00000,0
1590700925.283014,53,18feee3f,8,   0.000000,0.00000000,0.00000000,  78.18750,0
1590700956.743803,56,1cfd083f,8,   8.296953,0.83289971,2.23012559,   0.00000,0
1590700956.744378,57,18feee3f,8,   0.000000,0.00000000,0.00000000,  78.62500,0
1590700988.205170,60,1cfd083f,8,   8.296953,0.83289971,2.23012559,   0.00000,0
1590700988.205752,61,18feee3f,8,   0.000000,0.00000000,0.00000000,  78.68750,0
1590701019.666587,64,1cfd083f,8,   8.296953,0.83289971,2.23012559,   0.00000,0
1590701019.667133,65,18feee3f,8,   0.000000,0.00000000,0.00000000,  78.68750,0
1590701051.127907,68,1cfd083f,8,   8.296953,0.83289971,2.23012559,   0.00000,0
1590701051.128487,69,18feee3f,8,   0.000000,0.00000000,0.00000000,  78.68750,0
1590701082.589283,72,1cfd083f,8,   8.390704,0.83286919,2.23049180,   0.00000,0
1590701082.589870,73,18feee3f,8,   0.000000,0.00000000,0.00000000,  79.50000,0
1590701114.052627,76,1cfd083f,8,   8.390704,0.83286919,2.23049180,   0.00000,0
1590701114.053207,77,18feee3f,8,   0.000000,0.00000000,0.00000000,  79.50000,0
1590701145.512035,80,1cfd083f,8,   8.390704,0.83286919,2.23049180,   0.00000,0
1590701145.512656,81,18feee3f,8,   0.000000,0.00000000,0.00000000,  79.50000,0
1590701176.973396,84,1cfd083f,8,   8.390704,0.83286919,2.23049180,   0.00000,0
1590701176.973966,85,18feee3f,8,   0.000000,0.00000000,0.00000000,  79.50000,0
1590701208.434783,88,1cfd083f,8,   8.265702,0.83277762,2.22963730,   0.00000,0
1590701208.435347,89,18feee3f,8,   0.000000,0.00000000,0.00000000,  80.40625,0
1590701239.896131,92,1cfd083f,8,   8.265702,0.83277762,2.22963730,   0.00000,0
1590701239.896697,93,18feee3f,8,   0.000000,0.00000000,0.00000000,  80.43750,0
1590701271.357533,96,1cfd083f,8,   8.265702,0.83277762,2.22963730,   0.00000,0
1590701271.358079,97,18feee3f,8,   0.000000,0.00000000,0.00000000,  80.43750,0
1590701302.820075,100,1cfd083f,8,   8.265702,0.83277762,2.22963730,   0.00000,0
1590701302.820649,101,18feee3f,8,   0.000000,0.00000000,0.00000000,  80.43750,0
1590701334.280268,104,1cfd083f,8,   0.640631,0.83058000,2.23683953,   0.00000,0
1590701334.280835,105,18feee3f,8,   0.000000,0.00000000,0.00000000,  80.62500,0
1590701365.741640,108,1cfd083f,8,   0.640631,0.83058000,2.23683953,   0.00000,0
1590701365.742243,109,18feee3f,8,   0.000000,0.00000000,0.00000000,  80.62500,0
1590701397.203790,112,1cfd083f,8,   0.640631,0.83058000,2.23683953,   0.00000,0
1590701397.204358,113,18feee3f,8,   0.000000,0.00000000,0.00000000,  80.62500,0
1590701428.664410,116,1cfd083f,8,   7.921949,0.83094627,2.22670759,   0.00000,0
1590701428.664980,117,18feee3f,8,   0.000000,0.00000000,0.00000000,  80.62500,0
1590701460.125804,120,1cfd083f,8,   7.921949,0.83094627,2.22670759,   0.00000,0
1590701460.126348,121,18feee3f,8,   0.000000,0.00000000,0.00000000,  80.31250,0
1590701491.587536,124,1cfd083f,8,   7.921949,0.83094627,2.22670759,   0.00000,0
1590701491.588102,125,18feee3f,8,   0.000000,0.00000000,0.00000000,  80.31250,0
1590701523.048564,128,1cfd083f,8,   7.921949,0.83094627,2.22670759,   0.00000,0
1590701523.049135,129,18feee3f,8,   0.000000,0.00000000,0.00000000,  80.31250,0
1590701554.509928,132,1cfd083f,8,   7.906324,0.83021373,2.22646344,   0.00000,0
1590701554.510548,133,18feee3f,8,   0.000000,0.00000000,0.00000000,  80.00000,0
1590701585.971331,136,1cfd083f,8,   7.906324,0.83021373,2.22646344,   0.00000,0
1590701585.971898,137,18feee3f,8,   0.000000,0.00000000,0.00000000,  80.00000,0
1590701617.432705,140,1cfd083f,8,   7.906324,0.83021373,2.22646344,   0.00000,0
1590701617.433272,141,18feee3f,8,   0.000000,0.00000000,0.00000000,  80.00000,0
1590701648.894089,144,1cfd083f,8,   0.515630,0.83061052,2.22475444,   0.00000,0
1590701648.894655,145,18feee3f,8,   0.000000,0.00000000,0.00000000,  79.81250,0
1590701680.355468,148,1cfd083f,8,   0.515630,0.83061052,2.22475444,   0.00000,0
1590701680.355998,149,18feee3f,8,   0.000000,0.00000000,0.00000000,  79.81250,0
1590701711.816844,152,1cfd083f,8,   0.515630,0.83061052,2.22475444,   0.00000,0
1590701711.817381,153,18feee3f,8,   0.000000,0.00000000,0.00000000,  79.81250,0
1590701743.279438,156,1cfd083f,8,   0.546880,0.83058000,2.22646344,   0.00000,0
1590701743.279999,157,18feee3f,8,   0.000000,0.00000000,0.00000000,  79.81250,0
1590701774.739588,160,1cfd083f,8,   0.546880,0.83058000,2.22646344,   0.00000,0
1590701774.740138,161,18feee3f,8,   0.000000,0.00000000,0.00000000,  79.84375,0
1590701806.200968,164,1cfd083f,8,   0.546880,0.83058000,2.22646344,   0.00000,0
1590701806.201531,165,18feee3f,8,   0.000000,0.00000000,0.00000000,  79.84375,0
1590701837.662318,168,1cfd083f,8,   0.546880,0.83058000,2.22646344,   0.00000,0
1590701837.662887,169,18feee3f,8,   0.000000,0.00000000,0.00000000,  79.84375,0
1590701869.123718,172,1cfd083f,8,   0.593756,0.83079366,2.22756209,   0.00000,0
1590701869.124286,173,18feee3f,8,   0.000000,0.00000000,0.00000000,  80.09375,0
1590701900.586294,176,1cfd083f,8,   0.593756,0.83079366,2.22756209,   0.00000,0
1590701900.586867,177,18feee3f,8,   0.000000,0.00000000,0.00000000,  80.09375,0
1590701932.044053,180,1cfd083f,8,   0.593756,0.83079366,2.22756209,   0.00000,0
1590701932.044592,181,18feee3f,8,   0.000000,0.00000000,0.00000000,  80.09375,0
1590701963.504584,184,1cfd083f,8,   0.593756,0.83021373,2.22695173,   0.00000,0
1590701963.505156,185,18feee3f,8,   0.000000,0.00000000,0.00000000,  80.34375,0
1590701994.965275,188,1cfd083f,8,   0.593756,0.83021373,2.22695173,   0.00000,0
1590701994.965849,189,18feee3f,8,   0.000000,0.00000000,0.00000000,  80.34375,0
1590702026.423639,192,1cfd083f,8,   0.593756,0.83021373,2.22695173,   0.00000,0
1590702026.424251,193,18feee3f,8,   0.000000,0.00000000,0.00000000,  80.34375,0
1590702057.884012,196,1cfd083f,8,   7.968825,0.83161776,2.22634137,   0.00000,0
1590702057.884580,197,18feee3f,8,   0.000000,0.00000000,0.00000000,  80.53125,0
1590702089.344915,200,1cfd083f,8,   7.968825,0.83161776,2.22634137,   0.00000,0
1590702089.345492,201,18feee3f,8,   0.000000,0.00000000,0.00000000,  80.53125,0
1590702120.803914,204,1cfd083f,8,   7.968825,0.83161776,2.22634137,   0.00000,0
1590702120.804447,205,18feee3f,8,   0.000000,0.00000000,0.00000000,  80.53125,0
1590702152.264104,208,1cfd083f,8,   7.968825,0.83161776,2.22634137,   0.00000,0
1590702152.264675,209,18feee3f,8,   0.000000,0.00000000,0.00000000,  80.53125,0
1590702183.724354,212,1cfd083f,8,   7.953200,0.83073261,2.22512066,   0.00000,0
1590702183.724935,213,18feee3f,8,   0.000000,0.00000000,0.00000000,  80.50000,0
1590702215.184695,216,1cfd083f,8,   7.953200,0.83073261,2.22512066,   0.00000,0
1590702215.185232,217,18feee3f,8,   0.000000,0.00000000,0.00000000,  80.50000,0
1590702246.645049,220,1cfd083f,8,   7.953200,0.83073261,2.22512066,   0.00000,0
1590702246.645616,221,18feee3f,8,   0.000000,0.00000000,0.00000000,  80.50000,0
1590702278.105822,224,1cfd083f,8,   7.953200,0.83073261,2.22512066,   0.00000,0
1590702278.106395,225,18feee3f,8,   0.000000,0.00000000,0.00000000,  80.50000,0
1590702309.565899,228,1cfd083f,8,   7.968825,0.82996955,2.22634137,   0.00000,0
1590702309.566465,229,18feee3f,8,   0.000000,0.00000000,0.00000000,  80.37500,0
1590702341.026434,232,1cfd083f,8,   7.968825,0.82996955,2.22634137,   0.00000,0
1590702341.026977,233,18feee3f,8,   0.000000,0.00000000,0.00000000,  80.37500,0
1590702372.487001,236,1cfd083f,8,   7.968825,0.82996955,2.22634137,   0.00000,0
1590702372.487526,237,18feee3f,8,   0.000000,0.00000000,0.00000000,  80.37500,0
1590702403.947522,240,1cfd083f,8,   7.937574,0.83076313,2.22548687,   0.00000,0
1590702403.948089,241,18feee3f,8,   0.000000,0.00000000,0.00000000,  80.37500,0
1590702435.408140,244,1cfd083f,8,   7.937574,0.83076313,2.22548687,   0.00000,0
1590702435.408712,245,18feee3f,8,   0.000000,0.00000000,0.00000000,  80.37500,0
1590702466.868772,248,1cfd083f,8,   7.937574,0.83076313,2.22548687,   0.00000,0
1590702466.869345,249,18feee3f,8,   0.000000,0.00000000,0.00000000,  80.37500,0
1590702498.329446,252,1cfd083f,8,   7.937574,0.83076313,2.22548687,   0.00000,0
1590702498.330018,253,18feee3f,8,   0.000000,0.00000000,0.00000000,  80.37500,0
1590702529.790138,256,1cfd083f,8,   7.953200,0.83140411,2.22560894,   0.00000,0
1590702529.790706,257,18feee3f,8,   0.000000,0.00000000,0.00000000,  80.53125,0
1590702561.250873,260,1cfd083f,8,   7.953200,0.83140411,2.22560894,   0.00000,0
1590702561.251438,261,18feee3f,8,   0.000000,0.00000000,0.00000000,  80.53125,0
1590702592.711636,264,1cfd083f,8,   7.953200,0.83140411,2.22560894,   0.00000,0
1590702592.712199,265,18feee3f,8,   0.000000,0.00000000,0.00000000,  80.53125,0
1590702624.172393,268,1cfd083f,8,   7.968825,0.83125149,2.22512066,   0.00000,0
1590702624.172962,269,18feee3f,8,   0.000000,0.00000000,0.00000000,  80.71875,0
1590702655.633190,272,1cfd083f,8,   7.968825,0.83125149,2.22512066,   0.00000,0
1590702655.633762,273,18feee3f,8,   0.000000,0.00000000,0.00000000,  80.71875,0
1590702687.095981,276,1cfd083f,8,   7.968825,0.83125149,2.22512066,   0.00000,0
1590702687.096546,277,18feee3f,8,   0.000000,0.00000000,0.00000000,  80.71875,0
1590702718.554831,280,1cfd083f,8,   7.968825,0.83085470,2.22597516,   0.00000,0
1590702718.555401,281,18feee3f,8,   0.000000,0.00000000,0.00000000,  80.71875,0
1590702750.015683,284,1cfd083f,8,   7.968825,0.83085470,2.22597516,   0.00000,0
1590702750.016256,285,18feee3f,8,   0.000000,0.00000000,0.00000000,  80.71875,0
1590702781.478118,288,1cfd083f,8,   7.968825,0.83085470,2.22597516,   0.00000,0
1590702781.478685,289,18feee3f,8,   0.000000,0.00000000,0.00000000,  80.71875,0
1590702812.937471,292,1cfd083f,8,   7.968825,0.83085470,2.22597516,   0.00000,0
1590702812.938008,293,18feee3f,8,   0.000000,0.00000000,0.00000000,  80.71875,0
1590702844.398372,296,1cfd083f,8,   7.968825,0.82996955,2.22512066,   0.00000,0
1590702844.398917,297,18feee3f,8,   0.000000,0.00000000,0.00000000,  81.09375,0
1590702875.860442,300,1cfd083f,8,   7.968825,0.82996955,2.22512066,   0.00000,0
1590702875.861010,301,18feee3f,8,   0.000000,0.00000000,0.00000000,  81.09375,0
1590702907.320212,304,1cfd083f,8,   7.968825,0.82996955,2.22512066,   0.00000,0
1590702907.320801,305,18feee3f,8,   0.000000,0.00000000,0.00000000,  81.09375,0
1590702938.781167,308,1cfd083f,8,   7.890699,0.83079366,2.22402201,   0.00000,0
1590702938.781744,309,18feee3f,8,   0.000000,0.00000000,0.00000000,  81.18750,0
1590702970.242909,312,1cfd083f,8,   7.890699,0.83079366,2.22402201,   0.00000,0
1590702970.243464,313,18feee3f,8,   0.000000,0.00000000,0.00000000,  81.18750,0
1590703001.703087,316,1cfd083f,8,   7.890699,0.83079366,2.22402201,   0.00000,0
1590703001.703664,317,18feee3f,8,   0.000000,0.00000000,0.00000000,  81.18750,0
1590703033.164094,320,1cfd083f,8,   7.828198,0.83018320,2.22438823,   0.00000,0
1590703033.164630,321,18feee3f,8,   0.000000,0.00000000,0.00000000,  81.21875,0
1590703064.625418,324,1cfd083f,8,   7.828198,0.83018320,2.22438823,   0.00000,0
1590703064.625985,325,18feee3f,8,   0.000000,0.00000000,0.00000000,  81.21875,0
1590703096.086062,328,1cfd083f,8,   7.828198,0.83018320,2.22438823,   0.00000,0
1590703096.086628,329,18feee3f,8,   0.000000,0.00000000,0.00000000,  81.21875,0
1590703127.547066,332,1cfd083f,8,   7.828198,0.83018320,2.22438823,   0.00000,0
1590703127.547632,333,18feee3f,8,   0.000000,0.00000000,0.00000000,  81.21875,0
1590703159.008086,336,1cfd083f,8,   7.828198,0.83045791,2.22475444,   0.00000,0
1590703159.008650,337,18feee3f,8,   0.000000,0.00000000,0.00000000,  81.21875,0
1590703190.469148,340,1cfd083f,8,   7.828198,0.83045791,2.22475444,   0.00000,0
1590703190.469685,341,18feee3f,8,   0.000000,0.00000000,0.00000000,  81.21875,0
1590703221.930156,344,1cfd083f,8,   7.828198,0.83045791,2.22475444,   0.00000,0
1590703221.930731,345,18feee3f,8,   0.000000,0.00000000,0.00000000,  81.21875,0
1590703253.391249,348,1cfd083f,8,   7.828198,0.83045791,2.22475444,   0.00000,0
1590703253.391771,349,18feee3f,8,   0.000000,0.00000000,0.00000000,  81.21875,0
1590703284.852261,352,1cfd083f,8,   7.812573,0.83036634,2.22292337,   0.00000,0
1590703284.852798,353,18feee3f,8,   0.000000,0.00000000,0.00000000,  81.12500,0
1590703316.313311,356,1cfd083f,8,   7.812573,0.83036634,2.22292337,   0.00000,0
1590703316.313887,357,18feee3f,8,   0.000000,0.00000000,0.00000000,  81.12500,0
1590703347.774375,360,1cfd083f,8,   7.812573,0.83036634,2.22292337,   0.00000,0
1590703347.774939,361,18feee3f,8,   0.000000,0.00000000,0.00000000,  81.12500,0
1590703379.235443,364,1cfd083f,8,   7.843824,0.82975589,2.22316751,   0.00000,0
1590703379.236010,365,18feee3f,8,   0.000000,0.00000000,0.00000000,  81.00000,0
1590703410.696516,368,1cfd083f,8,   7.843824,0.82975589,2.22316751,   0.00000,0
1590703410.697090,369,18feee3f,8,   0.000000,0.00000000,0.00000000,  81.00000,0
1590703442.157565,372,1cfd083f,8,   7.843824,0.82975589,2.22316751,   0.00000,0
1590703442.158134,373,18feee3f,8,   0.000000,0.00000000,0.00000000,  81.00000,0
1590703473.620624,376,1cfd083f,8,   7.843824,0.83000007,2.22402201,   0.00000,0
1590703473.621191,377,18feee3f,8,   0.000000,0.00000000,0.00000000,  80.84375,0
1590703505.079742,380,1cfd083f,8,   7.843824,0.83000007,2.22402201,   0.00000,0
1590703505.080272,381,18feee3f,8,   0.000000,0.00000000,0.00000000,  80.84375,0
1590703536.540827,384,1cfd083f,8,   7.843824,0.83000007,2.22402201,   0.00000,0
1590703536.541366,385,18feee3f,8,   0.000000,0.00000000,0.00000000,  80.84375,0
1590703568.001898,388,1cfd083f,8,   7.859449,0.83045791,2.22438823,   0.00000,0
1590703568.002477,389,18feee3f,8,   0.000000,0.00000000,0.00000000,  80.71875,0
1590703599.462976,392,1cfd083f,8,   7.859449,0.83045791,2.22438823,   0.00000,0
1590703599.463557,393,18feee3f,8,   0.000000,0.00000000,0.00000000,  80.71875,0
1590703630.924096,396,1cfd083f,8,   7.859449,0.83045791,2.22438823,   0.00000,0
1590703630.924638,397,18feee3f,8,   0.000000,0.00000000,0.00000000,  80.71875,0
1590703662.386355,400,1cfd083f,8,   7.859449,0.83045791,2.22438823,   0.00000,0
1590703662.386918,401,18feee3f,8,   0.000000,0.00000000,0.00000000,  80.71875,0
1590703693.846290,404,1cfd083f,8,   7.968825,0.82951171,2.22402201,   0.00000,0
1590703693.846854,405,18feee3f,8,   0.000000,0.00000000,0.00000000,  80.62500,0
1590703725.307378,408,1cfd083f,8,   7.968825,0.82951171,2.22402201,   0.00000,0
1590703725.307944,409,18feee3f,8,   0.000000,0.00000000,0.00000000,  80.62500,0
1590703756.769248,412,1cfd083f,8,   7.968825,0.82951171,2.22402201,   0.00000,0
1590703756.769836,413,18feee3f,8,   0.000000,0.00000000,0.00000000,  80.62500,0
1590703788.229615,416,1cfd083f,8,   7.906324,0.83064104,2.22463237,   0.00000,0
1590703788.230250,417,18feee3f,8,   0.000000,0.00000000,0.00000000,  80.59375,0
1590703819.690731,420,1cfd083f,8,   7.906324,0.83064104,2.22463237,   0.00000,0
1590703819.691297,421,18feee3f,8,   0.000000,0.00000000,0.00000000,  80.59375,0
1590703851.152204,424,1cfd083f,8,   7.906324,0.83064104,2.22463237,   0.00000,0
1590703851.152837,425,18feee3f,8,   0.000000,0.00000000,0.00000000,  80.59375,0
1590703882.612957,428,1cfd083f,8,   7.875074,0.83149567,2.22585308,   0.00000,0
1590703882.613495,429,18feee3f,8,   0.000000,0.00000000,0.00000000,  80.59375,0
1590703914.074047,432,1cfd083f,8,   7.875074,0.83149567,2.22585308,   0.00000,0
1590703914.074613,433,18feee3f,8,   0.000000,0.00000000,0.00000000,  80.59375,0
1590703945.535279,436,1cfd083f,8,   7.875074,0.83149567,2.22585308,   0.00000,0
1590703945.535859,437,18feee3f,8,   0.000000,0.00000000,0.00000000,  80.59375,0
1590703976.996711,440,1cfd083f,8,   7.921949,0.83058000,2.22487651,   0.00000,0
1590703976.997281,441,18feee3f,8,   0.000000,0.00000000,0.00000000,  80.62500,0
1590704008.458117,444,1cfd083f,8,   7.921949,0.83058000,2.22487651,   0.00000,0
1590704008.458685,445,18feee3f,8,   0.000000,0.00000000,0.00000000,  80.62500,0
1590704039.919500,448,1cfd083f,8,   7.921949,0.83058000,2.22487651,   0.00000,0
1590704039.920083,449,18feee3f,8,   0.000000,0.00000000,0.00000000,  80.62500,0
1590704071.380925,452,1cfd083f,8,   7.906324,0.83115993,2.22548687,   0.00000,0
1590704071.381468,453,18feee3f,8,   0.000000,0.00000000,0.00000000,  80.62500,0
1590704102.842265,456,1cfd083f,8,   7.906324,0.83115993,2.22548687,   0.00000,0
1590704102.842842,457,18feee3f,8,   0.000000,0.00000000,0.00000000,  80.62500,0
1590704134.303689,460,1cfd083f,8,   7.906324,0.83115993,2.22548687,   0.00000,0
1590704134.304195,461,18feee3f,8,   0.000000,0.00000000,0.00000000,  80.62500,0
1590704165.764976,464,1cfd083f,8,   7.906324,0.83115993,2.22548687,   0.00000,0
1590704165.765576,465,18feee3f,8,   0.000000,0.00000000,0.00000000,  80.62500,0
1590704197.226313,468,1cfd083f,8,   7.953200,0.83058000,2.22597516,   0.00000,0
1590704197.226967,469,18feee3f,8,   0.000000,0.00000000,0.00000000,  80.53125,0
1590704228.687695,472,1cfd083f,8,   7.953200,0.83058000,2.22597516,   0.00000,0
1590704228.688219,473,18feee3f,8,   0.000000,0.00000000,0.00000000,  80.53125,0
1590704260.150958,476,1cfd083f,8,   7.953200,0.83058000,2.22597516,   0.00000,0
1590704260.151523,477,18feee3f,8,   0.000000,0.00000000,0.00000000,  80.53125,0
1590704291.610320,480,1cfd083f,8,   7.921949,0.83082418,2.22487651,   0.00000,0
1590704291.610883,481,18feee3f,8,   0.000000,0.00000000,0.00000000,  80.53125,0
1590704323.071629,484,1cfd083f,8,   7.921949,0.83082418,2.22487651,   0.00000,0
1590704323.072167,485,18feee3f,8,   0.000000,0.00000000,0.00000000,  80.53125,0
1590704354.534461,488,1cfd083f,8,   7.921949,0.83082418,2.22487651,   0.00000,0
1590704354.535031,489,18feee3f,8,   0.000000,0.00000000,0.00000000,  80.53125,0
1590704385.994192,492,1cfd083f,8,   7.921949,0.83082418,2.22487651,   0.00000,0
1590704385.994763,493,18feee3f,8,   0.000000,0.00000000,0.00000000,  80.53125,0
1590704417.455491,496,1cfd083f,8,   0.500005,0.82975589,2.22524273,   0.00000,0
1590704417.456067,497,18feee3f,8,   0.000000,0.00000000,0.00000000,  80.53125,0
1590704448.917953,500,1cfd083f,8,   0.500005,0.82975589,2.22524273,   0.00000,0
1590704448.918551,501,18feee3f,8,   0.000000,0.00000000,0.00000000,  80.53125,0
1590704480.378035,504,1cfd083f,8,   0.500005,0.82975589,2.22524273,   0.00000,0
1590704480.378609,505,18feee3f,8,   0.000000,0.00000000,0.00000000,  80.53125,0
1590704511.839340,508,1cfd083f,8,   7.937574,0.83131254,2.22499858,   0.00000,0
1590704511.839897,509,18feee3f,8,   0.000000,0.00000000,0.00000000,  80.56250,0
1590704543.301344,512,1cfd083f,8,   7.937574,0.83131254,2.22499858,   0.00000,0
1590704543.301900,513,18feee3f,8,   0.000000,0.00000000,0.00000000,  80.56250,0
1590704574.761844,516,1cfd083f,8,   7.937574,0.83131254,2.22499858,   0.00000,0
1590704574.762420,517,18feee3f,8,   0.000000,0.00000000,0.00000000,  80.56250,0
1590704606.223117,520,1cfd083f,8,   7.937574,0.83131254,2.22499858,   0.00000,0
1590704606.223668,521,18feee3f,8,   0.000000,0.00000000,0.00000000,  80.56250,0
1590704637.684724,524,1cfd083f,8,   7.937574,0.83073261,2.22585308,   0.00000,0
1590704637.685300,525,18feee3f,8,   0.000000,0.00000000,0.00000000,  80.62500,0
1590704669.145597,528,1cfd083f,8,   7.937574,0.83073261,2.22585308,   0.00000,0
1590704669.146206,529,18feee3f,8,   0.000000,0.00000000,0.00000000,  80.62500,0
1590704700.606861,532,1cfd083f,8,   7.937574,0.83073261,2.22585308,   0.00000,0
1590704700.607424,533,18feee3f,8,   0.000000,0.00000000,0.00000000,  80.62500,0
1590704732.068100,536,1cfd083f,8,   7.906324,0.83119045,2.22389994,   0.00000,0
1590704732.068676,537,18feee3f,8,   0.000000,0.00000000,0.00000000,  80.59375,0
1590704763.529323,540,1cfd083f,8,   7.906324,0.83119045,2.22389994,   0.00000,0
1590704763.529904,541,18feee3f,8,   0.000000,0.00000000,0.00000000,  80.59375,0
1590704794.990560,544,1cfd083f,8,   7.906324,0.83119045,2.22389994,   0.00000,0
1590704794.991138,545,18feee3f,8,   0.000000,0.00000000,0.00000000,  80.59375,0
1590704826.451788,548,1cfd083f,8,   7.906324,0.83119045,2.22389994,   0.00000,0
1590704826.452374,549,18feee3f,8,   0.000000,0.00000000,0.00000000,  80.59375,0
1590704857.913026,552,1cfd083f,8,   7.921949,0.83051895,2.22524273,   0.00000,0
1590704857.913604,553,18feee3f,8,   0.000000,0.00000000,0.00000000,  80.50000,0
1590704889.374242,556,1cfd083f,8,   7.921949,0.83051895,2.22524273,   0.00000,0
1590704889.374807,557,18feee3f,8,   0.000000,0.00000000,0.00000000,  80.50000,0
1590704920.835476,560,1cfd083f,8,   7.921949,0.83051895,2.22524273,   0.00000,0
1590704920.836040,561,18feee3f,8,   0.000000,0.00000000,0.00000000,  80.50000,0
1590704952.296701,564,1cfd083f,8,   7.937574,0.83064104,2.22585308,   0.00000,0
1590704952.297280,565,18feee3f,8,   0.000000,0.00000000,0.00000000,  80.53125,0
1590704983.757938,568,1cfd083f,8,   7.937574,0.83064104,2.22585308,   0.00000,0
1590704983.758475,569,18feee3f,8,   0.000000,0.00000000,0.00000000,  80.53125,0
1590705015.219207,572,1cfd083f,8,   7.937574,0.83064104,2.22585308,   0.00000,0
1590705015.219690,573,18feee3f,8,   0.000000,0.00000000,0.00000000,  80.53125,0
1590705046.680356,576,1cfd083f,8,   0.515630,0.82966432,2.22512066,   0.00000,0
1590705046.680921,577,18feee3f,8,   0.000000,0.00000000,0.00000000,  80.53125,0
1590705078.141575,580,1cfd083f,8,   0.515630,0.82966432,2.22512066,   0.00000,0
1590705078.142127,581,18feee3f,8,   0.000000,0.00000000,0.00000000,  80.53125,0
1590705109.602793,584,1cfd083f,8,   0.515630,0.82966432,2.22512066,   0.00000,0
1590705109.603331,585,18feee3f,8,   0.000000,0.00000000,0.00000000,  80.53125,0
1590705141.065577,588,1cfd083f,8,   7.968825,0.83033582,2.22451030,   0.00000,0
1590705141.066141,589,18feee3f,8,   0.000000,0.00000000,0.00000000,  80.56250,0
1590705172.525208,592,1cfd083f,8,   7.968825,0.83033582,2.22451030,   0.00000,0
1590705172.525774,593,18feee3f,8,   0.000000,0.00000000,0.00000000,  80.56250,0
1590705203.986428,596,1cfd083f,8,   7.968825,0.83033582,2.22451030,   0.00000,0
1590705203.986994,597,18feee3f,8,   0.000000,0.00000000,0.00000000,  80.56250,0
1590705235.447619,600,1cfd083f,8,   0.515630,0.82981693,2.22487651,   0.00000,0
1590705235.448183,601,18feee3f,8,   0.000000,0.00000000,0.00000000,  80.53125,0
1590705266.908830,604,1cfd083f,8,   0.515630,0.82981693,2.22487651,   0.00000,0
1590705266.909400,605,18feee3f,8,   0.000000,0.00000000,0.00000000,  80.53125,0
1590705298.370031,608,1cfd083f,8,   0.515630,0.82981693,2.22487651,   0.00000,0
1590705298.370600,609,18feee3f,8,   0.000000,0.00000000,0.00000000,  80.53125,0
1590705329.831232,612,1cfd083f,8,   0.500005,0.82978641,2.22682966,   0.00000,0
1590705329.831816,613,18feee3f,8,   0.000000,0.00000000,0.00000000,  80.53125,0
1590705361.292443,616,1cfd083f,8,   0.500005,0.82978641,2.22682966,   0.00000,0
1590705361.293014,617,18feee3f,8,   0.000000,0.00000000,0.00000000,  80.53125,0
1590705392.753655,620,1cfd083f,8,   0.500005,0.82978641,2.22682966,   0.00000,0
1590705392.754202,621,18feee3f,8,   0.000000,0.00000000,0.00000000,  80.53125,0
1590705424.215191,624,1cfd083f,8,   0.500005,0.82978641,2.22682966,   0.00000,0
1590705424.215769,625,18feee3f,8,   0.000000,0.00000000,0.00000000,  80.53125,0
1590705455.676032,628,1cfd083f,8,   7.968825,0.83006111,2.22536480,   0.00000,0
1590705455.676609,629,18feee3f,8,   0.000000,0.00000000,0.00000000,  80.53125,0
1590705487.137256,632,1cfd083f,8,   7.968825,0.83006111,2.22536480,   0.00000,0
1590705487.137805,633,18feee3f,8,   0.000000,0.00000000,0.00000000,  80.53125,0
1590705518.598422,636,1cfd083f,8,   7.968825,0.83006111,2.22536480,   0.00000,0
1590705518.599004,637,18feee3f,8,   0.000000,0.00000000,0.00000000,  80.53125,0
1590705550.059640,640,1cfd083f,8,   7.921949,0.83149567,2.22585308,   0.00000,0
1590705550.060192,641,18feee3f,8,   0.000000,0.00000000,0.00000000,  80.53125,0
1590705581.520834,644,1cfd083f,8,   7.921949,0.83149567,2.22585308,   0.00000,0
1590705581.521374,645,18feee3f,8,   0.000000,0.00000000,0.00000000,  80.53125,0
1590705612.982042,648,1cfd083f,8,   7.921949,0.83149567,2.22585308,   0.00000,0
1590705612.982583,649,18feee3f,8,   0.000000,0.00000000,0.00000000,  80.53125,0
1590705644.443221,652,1cfd083f,8,   7.921949,0.83122097,2.22487651,   0.00000,0
1590705644.443764,653,18feee3f,8,   0.000000,0.00000000,0.00000000,  80.53125,0
1590705675.904421,656,1cfd083f,8,   7.921949,0.83122097,2.22487651,   0.00000,0
1590705675.904991,657,18feee3f,8,   0.000000,0.00000000,0.00000000,  80.53125,0
1590705707.365601,660,1cfd083f,8,   7.921949,0.83122097,2.22487651,   0.00000,0
1590705707.366174,661,18feee3f,8,   0.000000,0.00000000,0.00000000,  80.53125,0
1590705738.826798,664,1cfd083f,8,   7.921949,0.83082418,2.22389994,   0.00000,0
1590705738.827370,665,18feee3f,8,   0.000000,0.00000000,0.00000000,  80.56250,0
1590705770.287992,668,1cfd083f,8,   7.921949,0.83082418,2.22389994,   0.00000,0
1590705770.288559,669,18feee3f,8,   0.000000,0.00000000,0.00000000,  80.53125,0
1590705801.749181,672,1cfd083f,8,   7.921949,0.83082418,2.22389994,   0.00000,0
1590705801.749778,673,18feee3f,8,   0.000000,0.00000000,0.00000000,  80.53125,0
1590705833.212325,676,1cfd083f,8,   7.921949,0.83082418,2.22389994,   0.00000,0
1590705833.212893,677,18feee3f,8,   0.000000,0.00000000,0.00000000,  80.53125,0
1590705864.671558,680,1cfd083f,8,   0.500005,0.83003059,2.22548687,   0.00000,0
1590705864.672125,681,18feee3f,8,   0.000000,0.00000000,0.00000000,  80.53125,0
1590705896.132769,684,1cfd083f,8,   0.500005,0.83003059,2.22548687,   0.00000,0
1590705896.133333,685,18feee3f,8,   0.000000,0.00000000,0.00000000,  80.53125,0
1590705927.595519,688,1cfd083f,8,   0.500005,0.83003059,2.22548687,   0.00000,0
1590705927.596061,689,18feee3f,8,   0.000000,0.00000000,0.00000000,  80.53125,0
1590705959.055130,692,1cfd083f,8,   0.500005,0.83003059,2.22548687,   0.00000,0
1590705959.055719,693,18feee3f,8,   0.000000,0.00000000,0.00000000,  80.53125,0
1590705990.516357,696,1cfd083f,8,   0.500005,0.83058000,2.22573101,   0.00000,0
1590705990.516935,697,18feee3f,8,   0.000000,0.00000000,0.00000000,  80.53125,0
1590706021.978926,700,1cfd083f,8,   0.500005,0.83058000,2.22573101,   0.00000,0
1590706021.979479,701,18feee3f,8,   0.000000,0.00000000,0.00000000,  80.53125,0
1590706053.439108,704,1cfd083f,8,   0.500005,0.83058000,2.22573101,   0.00000,0
1590706053.439687,705,18feee3f,8,   0.000000,0.00000000,0.00000000,  80.53125,0
1590706084.900491,708,1cfd083f,8,   7.953200,0.83073261,2.22512066,   0.00000,0
1590706084.901031,709,18feee3f,8,   0.000000,0.00000000,0.00000000,  80.53125,0
1590706116.362568,712,1cfd083f,8,   7.953200,0.83073261,2.22512066,   0.00000,0
1590706116.363145,713,18feee3f,8,   0.000000,0.00000000,0.00000000,  80.53125,0
1590706147.823150,716,1cfd083f,8,   7.953200,0.83073261,2.22512066,   0.00000,0
1590706147.823727,717,18feee3f,8,   0.000000,0.00000000,0.00000000,  80.53125,0
1590706179.284479,720,1cfd083f,8,   7.984450,0.83033582,2.22475444,   0.00000,0
1590706179.285039,721,18feee3f,8,   0.000000,0.00000000,0.00000000,  80.53125,0
1590706210.746181,724,1cfd083f,8,   7.984450,0.83033582,2.22475444,   0.00000,0
1590706210.746751,725,18feee3f,8,   0.000000,0.00000000,0.00000000,  80.53125,0
1590706242.207150,728,1cfd083f,8,   7.984450,0.83033582,2.22475444,   0.00000,0
1590706242.207702,729,18feee3f,8,   0.000000,0.00000000,0.00000000,  80.53125,0
1590706273.668428,732,1cfd083f,8,   7.984450,0.83033582,2.22475444,   0.00000,0
1590706273.669028,733,18feee3f,8,   0.000000,0.00000000,0.00000000,  80.53125,0
1590706305.129760,736,1cfd083f,8,   0.531255,0.82996955,2.22609723,   0.00000,0
1590706305.130325,737,18feee3f,8,   0.000000,0.00000000,0.00000000,  80.53125,0
1590706336.591045,740,1cfd083f,8,   0.531255,0.82996955,2.22609723,   0.00000,0
1590706336.591609,741,18feee3f,8,   0.000000,0.00000000,0.00000000,  80.53125,0
1590706368.052380,744,1cfd083f,8,   0.531255,0.82996955,2.22609723,   0.00000,0
1590706368.052923,745,18feee3f,8,   0.000000,0.00000000,0.00000000,  80.53125,0
1590706399.515598,748,1cfd083f,8,   7.937574,0.83058000,2.22548687,   0.00000,0
1590706399.516203,749,18feee3f,8,   0.000000,0.00000000,0.00000000,  80.59375,0
1590706430.974931,752,1cfd083f,8,   7.937574,0.83058000,2.22548687,   0.00000,0
1590706430.975490,753,18feee3f,8,   0.000000,0.00000000,0.00000000,  80.59375,0
1590706462.436215,756,1cfd083f,8,   7.937574,0.83058000,2.22548687,   0.00000,0
1590706462.436779,757,18feee3f,8,   0.000000,0.00000000,0.00000000,  80.59375,0
1590706493.899046,760,1cfd083f,8,   7.906324,0.83076313,2.22658551,   0.00000,0
1590706493.899658,761,18feee3f,8,   0.000000,0.00000000,0.00000000,  80.59375,0
1590706525.358736,764,1cfd083f,8,   7.906324,0.83076313,2.22658551,   0.00000,0
1590706525.359299,765,18feee3f,8,   0.000000,0.00000000,0.00000000,  80.59375,0
1590706556.820025,768,1cfd083f,8,   7.906324,0.83076313,2.22658551,   0.00000,0
1590706556.820589,769,18feee3f,8,   0.000000,0.00000000,0.00000000,  80.59375,0
1590706588.281280,772,1cfd083f,8,   7.906324,0.83076313,2.22658551,   0.00000,0
1590706588.281857,773,18feee3f,8,   0.000000,0.00000000,0.00000000,  80.59375,0
1590706619.744483,776,1cfd083f,8,   0.515630,0.82948118,2.22499858,   0.00000,0
1590706619.745048,777,18feee3f,8,   0.000000,0.00000000,0.00000000,  80.62500,0
1590706651.203807,780,1cfd083f,8,   0.515630,0.82948118,2.22499858,   0.00000,0
1590706651.204341,781,18feee3f,8,   0.000000,0.00000000,0.00000000,  80.62500,0
1590706682.665051,784,1cfd083f,8,   0.515630,0.82948118,2.22499858,   0.00000,0
1590706682.665619,785,18feee3f,8,   0.000000,0.00000000,0.00000000,  80.62500,0
1590706714.127837,788,1cfd083f,8,   7.859449,0.83125149,2.22548687,   0.00000,0
1590706714.128408,789,18feee3f,8,   0.000000,0.00000000,0.00000000,  80.56250,0
1590706745.587546,792,1cfd083f,8,   7.859449,0.83125149,2.22548687,   0.00000,0
1590706745.588111,793,18feee3f,8,   0.000000,0.00000000,0.00000000,  80.56250,0
1590706777.048775,796,1cfd083f,8,   7.859449,0.83125149,2.22548687,   0.00000,0
1590706777.049339,797,18feee3f,8,   0.000000,0.00000000,0.00000000,  80.56250,0
1590706808.511187,800,1cfd083f,8,   7.921949,0.83009164,2.22475444,   0.00000,0
1590706808.511758,801,18feee3f,8,   0.000000,0.00000000,0.00000000,  80.56250,0
1590706839.971294,804,1cfd083f,8,   7.921949,0.83009164,2.22475444,   0.00000,0
1590706839.971848,805,18feee3f,8,   0.000000,0.00000000,0.00000000,  80.56250,0
1590706871.432496,808,1cfd083f,8,   7.921949,0.83009164,2.22475444,   0.00000,0
1590706871.433062,809,18feee3f,8,   0.000000,0.00000000,0.00000000,  80.56250,0
1590706902.893740,812,1cfd083f,8,   7.859449,0.83094627,2.22536480,   0.00000,0
1590706902.894304,813,18feee3f,8,   0.000000,0.00000000,0.00000000,  80.56250,0
1590706934.354966,816,1cfd083f,8,   7.859449,0.83094627,2.22536480,   0.00000,0
1590706934.355531,817,18feee3f,8,   0.000000,0.00000000,0.00000000,  80.56250,0
1590706965.816183,820,1cfd083f,8,   7.859449,0.83094627,2.22536480,   0.00000,0
1590706965.816750,821,18feee3f,8,   0.000000,0.00000000,0.00000000,  80.56250,0
1590706997.277455,824,1cfd083f,8,   7.875074,0.83103784,2.22597516,   0.00000,0
1590706997.278020,825,18feee3f,8,   0.000000,0.00000000,0.00000000,  80.53125,0
1590707028.738679,828,1cfd083f,8,   7.875074,0.83103784,2.22597516,   0.00000,0
1590707028.739244,829,18feee3f,8,   0.000000,0.00000000,0.00000000,  80.56250,0
1590707060.199914,832,1cfd083f,8,   7.875074,0.83103784,2.22597516,   0.00000,0
1590707060.200477,833,18feee3f,8,   0.000000,0.00000000,0.00000000,  80.56250,0
1590707091.661133,836,1cfd083f,8,   7.921949,0.83064104,2.22377787,   0.00000,0
1590707091.661674,837,18feee3f,8,   0.000000,0.00000000,0.00000000,  80.53125,0
1590707123.122364,840,1cfd083f,8,   7.921949,0.83064104,2.22377787,   0.00000,0
1590707123.122906,841,18feee3f,8,   0.000000,0.00000000,0.00000000,  80.53125,0
1590707154.583561,844,1cfd083f,8,   7.921949,0.83064104,2.22377787,   0.00000,0
1590707154.584150,845,18feee3f,8,   0.000000,0.00000000,0.00000000,  80.53125,0
1590707186.046746,848,1cfd083f,8,   7.906324,0.83042738,2.22475444,   0.00000,0
1590707186.047324,849,18feee3f,8,   0.000000,0.00000000,0.00000000,  80.56250,0
1590707217.506014,852,1cfd083f,8,   7.906324,0.83042738,2.22475444,   0.00000,0
1590707217.506592,853,18feee3f,8,   0.000000,0.00000000,0.00000000,  80.56250,0
1590707248.967265,856,1cfd083f,8,   7.906324,0.83042738,2.22475444,   0.00000,0
1590707248.967799,857,18feee3f,8,   0.000000,0.00000000,0.00000000,  80.56250,0
1590707280.428445,860,1cfd083f,8,   7.906324,0.83042738,2.22475444,   0.00000,0
1590707280.429010,861,18feee3f,8,   0.000000,0.00000000,0.00000000,  80.56250,0
1590707311.889692,864,1cfd083f,8,   7.875074,0.83128202,2.22499858,   0.00000,0
1590707311.890231,865,18feee3f,8,   0.000000,0.00000000,0.00000000,  80.56250,0
1590707343.350909,868,1cfd083f,8,   7.875074,0.83128202,2.22499858,   0.00000,0
1590707343.351475,869,18feee3f,8,   0.000000,0.00000000,0.00000000,  80.56250,0
1590707374.812100,872,1cfd083f,8,   7.875074,0.83128202,2.22499858,   0.00000,0
1590707374.812706,873,18feee3f,8,   0.000000,0.00000000,0.00000000,  80.56250,0
1590707406.275292,876,1cfd083f,8,   7.984450,0.82957275,2.22402201,   0.00000,0
1590707406.275856,877,18feee3f,8,   0.000000,0.00000000,0.00000000,  80.59375,0
1590707437.734546,880,1cfd083f,8,   7.984450,0.82957275,2.22402201,   0.00000,0
1590707437.735111,881,18feee3f,8,   0.000000,0.00000000,0.00000000,  80.59375,0
1590707469.195753,884,1cfd083f,8,   7.984450,0.82957275,2.22402201,   0.00000,0
1590707469.196317,885,18feee3f,8,   0.000000,0.00000000,0.00000000,  80.59375,0
1590707500.656981,888,1cfd083f,8,   7.906324,0.83067156,2.22377787,   0.00000,0
1590707500.657528,889,18feee3f,8,   0.000000,0.00000000,0.00000000,  80.53125,0
1590707532.118200,892,1cfd083f,8,   7.906324,0.83067156,2.22377787,   0.00000,0
1590707532.118766,893,18feee3f,8,   0.000000,0.00000000,0.00000000,  80.53125,0
1590707563.579403,896,1cfd083f,8,   7.906324,0.83067156,2.22377787,   0.00000,0
1590707563.579978,897,18feee3f,8,   0.000000,0.00000000,0.00000000,  80.53125,0
1590707595.040629,900,1cfd083f,8,   7.906324,0.83061052,2.22438823,   0.00000,0
1590707595.041198,901,18feee3f,8,   0.000000,0.00000000,0.00000000,  80.53125,0
1590707626.501848,904,1cfd083f,8,   7.906324,0.83061052,2.22438823,   0.00000,0
1590707626.502426,905,18feee3f,8,   0.000000,0.00000000,0.00000000,  80.53125,0
1590707657.963066,908,1cfd083f,8,   7.906324,0.83061052,2.22438823,   0.00000,0
1590707657.963632,909,18feee3f,8,   0.000000,0.00000000,0.00000000,  80.53125,0
1590707689.424290,912,1cfd083f,8,   7.937574,0.83015268,2.22377787,   0.00000,0
1590707689.424818,913,18feee3f,8,   0.000000,0.00000000,0.00000000,  80.56250,0
1590707720.885542,916,1cfd083f,8,   7.937574,0.83015268,2.22377787,   0.00000,0
1590707720.886049,917,18feee3f,8,   0.000000,0.00000000,0.00000000,  80.56250,0
1590707752.346689,920,1cfd083f,8,   7.937574,0.83015268,2.22377787,   0.00000,0
1590707752.347266,921,18feee3f,8,   0.000000,0.00000000,0.00000000,  80.56250,0
1590707783.807910,924,1cfd083f,8,   7.859449,0.83082418,2.22451030,   0.00000,0
1590707783.808487,925,18feee3f,8,   0.000000,0.00000000,0.00000000,  80.53125,0
1590707815.269113,928,1cfd083f,8,   7.859449,0.83082418,2.22451030,   0.00000,0
1590707815.269689,929,18feee3f,8,   0.000000,0.00000000,0.00000000,  80.53125,0
1590707846.730344,932,1cfd083f,8,   7.859449,0.83082418,2.22451030,   0.00000,0
1590707846.730887,933,18feee3f,8,   0.000000,0.00000000,0.00000000,  80.53125,0
1590707878.191546,936,1cfd083f,8,   7.921949,0.83097679,2.22328958,   0.00000,0
1590707878.192125,937,18feee3f,8,   0.000000,0.00000000,0.00000000,  80.53125,0
1590707909.652756,940,1cfd083f,8,   7.921949,0.83097679,2.22328958,   0.00000,0
1590707909.653336,941,18feee3f,8,   0.000000,0.00000000,0.00000000,  80.53125,0
1590707941.113979,944,1cfd083f,8,   7.921949,0.83097679,2.22328958,   0.00000,0
1590707941.114553,945,18feee3f,8,   0.000000,0.00000000,0.00000000,  80.53125,0
1590707972.577178,948,1cfd083f,8,   0.500005,0.05201045,2.22389994,   0.00000,0
1590707972.577744,949,18feee3f,8,   0.000000,0.00000000,0.00000000,  80.56250,0
1590708004.036430,952,1cfd083f,8,   0.500005,0.05201045,2.22389994,   0.00000,0
1590708004.036963,953,18feee3f,8,   0.000000,0.00000000,0.00000000,  80.56250,0
1590708035.497636,956,1cfd083f,8,   0.500005,0.05201045,2.22389994,   0.00000,0
1590708035.498205,957,18feee3f,8,   0.000000,0.00000000,0.00000000,  80.56250,0
1590708066.958967,960,1cfd083f,8,   0.500005,0.05201045,2.22389994,   0.00000,0
1590708066.959546,961,18feee3f,8,   0.000000,0.00000000,0.00000000,  80.56250,0
1590708098.420302,964,1cfd083f,8,   7.921949,0.83039686,2.22402201,   0.00000,0
1590708098.420833,965,18feee3f,8,   0.000000,0.00000000,0.00000000,  80.56250,0
1590708129.881606,968,1cfd083f,8,   7.921949,0.83039686,2.22402201,   0.00000,0
1590708129.882173,969,18feee3f,8,   0.000000,0.00000000,0.00000000,  80.56250,0
1590708161.342920,972,1cfd083f,8,   7.921949,0.83039686,2.22402201,   0.00000,0
1590708161.343485,973,18feee3f,8,   0.000000,0.00000000,0.00000000,  80.56250,0
1590708192.806173,976,1cfd083f,8,   7.890699,0.83070209,2.22304544,   0.00000,0
1590708192.806737,977,18feee3f,8,   0.000000,0.00000000,0.00000000,  80.50000,0
1590708224.265500,980,1cfd083f,8,   7.890699,0.83070209,2.22304544,   0.00000,0
1590708224.266105,981,18feee3f,8,   0.000000,0.00000000,0.00000000,  80.50000,0
1590708255.726834,984,1cfd083f,8,   7.890699,0.83070209,2.22304544,   0.00000,0
1590708255.727391,985,18feee3f,8,   0.000000,0.00000000,0.00000000,  80.50000,0
1590708287.189682,988,1cfd083f,8,   7.953200,0.83012216,2.22304544,   0.00000,0
1590708287.190233,989,18feee3f,8,   0.000000,0.00000000,0.00000000,  80.56250,0
1590708318.649399,992,1cfd083f,8,   7.953200,0.83012216,2.22304544,   0.00000,0
1590708318.649982,993,18feee3f,8,   0.000000,0.00000000,0.00000000,  80.56250,0
1590708350.110708,996,1cfd083f,8,   7.953200,0.83012216,2.22304544,   0.00000,0
1590708350.111246,997,18feee3f,8,   0.000000,0.00000000,0.00000000,  80.56250,0
1590708381.571968,1000,1cfd083f,8,   7.937574,0.83045791,2.22377787,   0.00000,0
1590708381.572537,1001,18feee3f,8,   0.000000,0.00000000,0.00000000,  80.56250,0
1590708413.033241,1004,1cfd083f,8,   7.937574,0.83045791,2.22377787,   0.00000,0
1590708413.033816,1005,18feee3f,8,   0.000000,0.00000000,0.00000000,  80.53125,0
1590708444.494506,1008,1cfd083f,8,   7.937574,0.83045791,2.22377787,   0.00000,0
1590708444.495073,1009,18feee3f,8,   0.000000,0.00000000,0.00000000,  80.53125,0
1590708475.956580,1012,1cfd083f,8,   7.937574,0.83045791,2.22377787,   0.00000,0
1590708475.957110,1013,18feee3f,8,   0.000000,0.00000000,0.00000000,  80.53125,0
1590708507.417063,1016,1cfd083f,8,   7.937574,0.83003059,2.22402201,   0.00000,0
1590708507.417638,1017,18feee3f,8,   0.000000,0.00000000,0.00000000,  80.59375,0
1590708538.878336,1020,1cfd083f,8,   7.937574,0.83003059,2.22402201,   0.00000,0
1590708538.878900,1021,18feee3f,8,   0.000000,0.00000000,0.00000000,  80.59375,0
1590708570.339986,1024,1cfd083f,8,   7.937574,0.83003059,2.22402201,   0.00000,0
1590708570.340527,1025,18feee3f,8,   0.000000,0.00000000,0.00000000,  80.59375,0
1590708601.800884,1028,1cfd083f,8,   7.937574,0.83003059,2.22402201,   0.00000,0
1590708601.801452,1029,18feee3f,8,   0.000000,0.00000000,0.00000000,  80.59375,0
1590708633.262127,1032,1cfd083f,8,   7.890699,0.83054947,2.22316751,   0.00000,0
1590708633.262704,1033,18feee3f,8,   0.000000,0.00000000,0.00000000,  80.56250,0
1590708664.723409,1036,1cfd083f,8,   7.890699,0.83054947,2.22316751,   0.00000,0
1590708664.723950,1037,18feee3f,8,   0.000000,0.00000000,0.00000000,  80.56250,0
1590708696.184661,1040,1cfd083f,8,   7.890699,0.83054947,2.22316751,   0.00000,0
1590708696.185191,1041,18feee3f,8,   0.000000,0.00000000,0.00000000,  80.56250,0
1590708727.645908,1044,1cfd083f,8,   7.890699,0.83085470,2.22451030,   0.00000,0
1590708727.646512,1045,18feee3f,8,   0.000000,0.00000000,0.00000000,  80.50000,0
1590708759.107169,1048,1cfd083f,8,   7.890699,0.83085470,2.22451030,   0.00000,0
1590708759.107713,1049,18feee3f,8,   0.000000,0.00000000,0.00000000,  80.50000,0
1590708790.568424,1052,1cfd083f,8,   7.890699,0.83085470,2.22451030,   0.00000,0
1590708790.568963,1053,18feee3f,8,   0.000000,0.00000000,0.00000000,  80.50000,0
1590708822.029671,1056,1cfd083f,8,   7.921949,0.83054947,2.22487651,   0.00000,0
1590708822.030237,1057,18feee3f,8,   0.000000,0.00000000,0.00000000,  80.46875,0
1590708853.490925,1060,1cfd083f,8,   7.921949,0.83054947,2.22487651,   0.00000,0
1590708853.491469,1061,18feee3f,8,   0.000000,0.00000000,0.00000000,  80.46875,0
1590708884.952156,1064,1cfd083f,8,   7.921949,0.83054947,2.22487651,   0.00000,0
1590708884.952731,1065,18feee3f,8,   0.000000,0.00000000,0.00000000,  80.46875,0
1590708916.413407,1068,1cfd083f,8,   7.984450,0.82963380,2.22512066,   0.00000,0
1590708916.413970,1069,18feee3f,8,   0.000000,0.00000000,0.00000000,  80.46875,0
1590708947.874656,1072,1cfd083f,8,   7.984450,0.82963380,2.22512066,   0.00000,0
1590708947.875220,1073,18feee3f,8,   0.000000,0.00000000,0.00000000,  80.46875,0
1590708979.337872,1076,1cfd083f,8,   7.984450,0.82963380,2.22512066,   0.00000,0
1590708979.338435,1077,18feee3f,8,   0.000000,0.00000000,0.00000000,  80.46875,0
1590709010.797151,1080,1cfd083f,8,   7.968825,0.83000007,2.22292337,   0.00000,0
1590709010.797726,1081,18feee3f,8,   0.000000,0.00000000,0.00000000,  80.46875,0
1590709042.258394,1084,1cfd083f,8,   7.968825,0.83000007,2.22292337,   0.00000,0
1590709042.258970,1085,18feee3f,8,   0.000000,0.00000000,0.00000000,  80.46875,0
1590709073.721193,1088,1cfd083f,8,   7.968825,0.83000007,2.22292337,   0.00000,0
1590709073.721762,1089,18feee3f,8,   0.000000,0.00000000,0.00000000,  80.46875,0
1590709105.180879,1092,1cfd083f,8,   7.937574,0.83131254,2.22377787,   0.00000,0
1590709105.181446,1093,18feee3f,8,   0.000000,0.00000000,0.00000000,  80.50000,0
1590709136.642123,1096,1cfd083f,8,   7.937574,0.83131254,2.22377787,   0.00000,0
1590709136.642708,1097,18feee3f,8,   0.000000,0.00000000,0.00000000,  80.50000,0
1590709168.104538,1100,1cfd083f,8,   7.937574,0.83131254,2.22377787,   0.00000,0
1590709168.105104,1101,18feee3f,8,   0.000000,0.00000000,0.00000000,  80.50000,0
1590709199.564594,1104,1cfd083f,8,   7.937574,0.83131254,2.22377787,   0.00000,0
1590709199.565202,1105,18feee3f,8,   0.000000,0.00000000,0.00000000,  80.50000,0
1590709231.025819,1108,1cfd083f,8,   7.937574,0.83003059,2.22438823,   0.00000,0
1590709231.026389,1109,18feee3f,8,   0.000000,0.00000000,0.00000000,  80.53125,0
1590709262.487823,1112,1cfd083f,8,   7.937574,0.83003059,2.22438823,   0.00000,0
1590709262.488401,1113,18feee3f,8,   0.000000,0.00000000,0.00000000,  80.53125,0
1590709293.948303,1116,1cfd083f,8,   7.937574,0.83003059,2.22438823,   0.00000,0
1590709293.948874,1117,18feee3f,8,   0.000000,0.00000000,0.00000000,  80.53125,0
1590709325.409532,1120,1cfd083f,8,   7.937574,0.83012216,2.22365580,   0.00000,0
1590709325.410122,1121,18feee3f,8,   0.000000,0.00000000,0.00000000,  80.56250,0
1590709356.871168,1124,1cfd083f,8,   7.937574,0.83012216,2.22365580,   0.00000,0
1590709356.871706,1125,18feee3f,8,   0.000000,0.00000000,0.00000000,  80.56250,0
1590709388.332032,1128,1cfd083f,8,   7.937574,0.83012216,2.22365580,   0.00000,0
1590709388.332599,1129,18feee3f,8,   0.000000,0.00000000,0.00000000,  80.56250,0
1590709419.793258,1132,1cfd083f,8,   7.890699,0.83079366,2.22475444,   0.00000,0
1590709419.793829,1133,18feee3f,8,   0.000000,0.00000000,0.00000000,  80.53125,0
1590709451.254484,1136,1cfd083f,8,   7.890699,0.83079366,2.22475444,   0.00000,0
1590709451.255051,1137,18feee3f,8,   0.000000,0.00000000,0.00000000,  80.53125,0
1590709482.715719,1140,1cfd083f,8,   7.890699,0.83079366,2.22475444,   0.00000,0
1590709482.716285,1141,18feee3f,8,   0.000000,0.00000000,0.00000000,  80.53125,0
1590709514.176986,1144,1cfd083f,8,   7.890699,0.83051895,2.22377787,   0.00000,0
1590709514.177556,1145,18feee3f,8,   0.000000,0.00000000,0.00000000,  80.50000,0
1590709545.638235,1148,1cfd083f,8,   7.890699,0.83051895,2.22377787,   0.00000,0
1590709545.638770,1149,18feee3f,8,   0.000000,0.00000000,0.00000000,  80.50000,0
1590709577.099417,1152,1cfd083f,8,   7.890699,0.83051895,2.22377787,   0.00000,0
1590709577.100013,1153,18feee3f,8,   0.000000,0.00000000,0.00000000,  80.50000,0
1590709608.560659,1156,1cfd083f,8,   7.890699,0.83051895,2.22377787,   0.00000,0
1590709608.561230,1157,18feee3f,8,   0.000000,0.00000000,0.00000000,  80.50000,0
1590709640.021890,1160,1cfd083f,8,   7.890699,0.83058000,2.22267922,   0.00000,0
1590709640.022462,1161,18feee3f,8,   0.000000,0.00000000,0.00000000,  80.50000,0
1590709671.483140,1164,1cfd083f,8,   7.890699,0.83058000,2.22267922,   0.00000,0
1590709671.483726,1165,18feee3f,8,   0.000000,0.00000000,0.00000000,  80.50000,0
1590709702.944357,1168,1cfd083f,8,   7.890699,0.83058000,2.22267922,   0.00000,0
1590709702.944925,1169,18feee3f,8,   0.000000,0.00000000,0.00000000,  80.50000,0
1590709734.406760,1172,1cfd083f,8,   7.828198,0.83149567,2.22414408,   0.00000,0
1590709734.407304,1173,18feee3f,8,   0.000000,0.00000000,0.00000000,  80.43750,0
1590709765.868767,1176,1cfd083f,8,   7.828198,0.83149567,2.22414408,   0.00000,0
1590709765.869345,1177,18feee3f,8,   0.000000,0.00000000,0.00000000,  80.43750,0
1590709797.328051,1180,1cfd083f,8,   7.828198,0.83149567,2.22414408,   0.00000,0
1590709797.328595,1181,18feee3f,8,   0.000000,0.00000000,0.00000000,  80.43750,0
1590709828.790041,1184,1cfd083f,8,   7.984450,0.82993902,2.22341165,   0.00000,0
1590709828.790608,1185,18feee3f,8,   0.000000,0.00000000,0.00000000,  80.46875,0
1590709860.252117,1188,1cfd083f,8,   7.984450,0.82993902,2.22341165,   0.00000,0
1590709860.252643,1189,18feee3f,8,   0.000000,0.00000000,0.00000000,  80.46875,0
1590709891.711749,1192,1cfd083f,8,   7.984450,0.82993902,2.22341165,   0.00000,0
1590709891.712322,1193,18feee3f,8,   0.000000,0.00000000,0.00000000,  80.46875,0
1590709923.172976,1196,1cfd083f,8,   7.984450,0.82993902,2.22341165,   0.00000,0
1590709923.173553,1197,18feee3f,8,   0.000000,0.00000000,0.00000000,  80.46875,0
1590709954.634198,1200,1cfd083f,8,   7.968825,0.82984746,2.22353372,   0.00000,0
1590709954.634767,1201,18feee3f,8,   0.000000,0.00000000,0.00000000,  80.53125,0
1590709986.095431,1204,1cfd083f,8,   7.968825,0.82984746,2.22353372,   0.00000,0
1590709986.095998,1205,18feee3f,8,   0.000000,0.00000000,0.00000000,  80.53125,0
1590710017.556677,1208,1cfd083f,8,   7.968825,0.82984746,2.22353372,   0.00000,0
1590710017.557231,1209,18feee3f,8,   0.000000,0.00000000,0.00000000,  80.53125,0
1590710049.017891,1212,1cfd083f,8,   7.953200,0.83009164,2.22353372,   0.00000,0
1590710049.018429,1213,18feee3f,8,   0.000000,0.00000000,0.00000000,  80.53125,0
1590710080.479129,1216,1cfd083f,8,   7.953200,0.83009164,2.22353372,   0.00000,0
1590710080.479721,1217,18feee3f,8,   0.000000,0.00000000,0.00000000,  80.53125,0
1590710111.940482,1220,1cfd083f,8,   7.953200,0.83009164,2.22353372,   0.00000,0
1590710111.941025,1221,18feee3f,8,   0.000000,0.00000000,0.00000000,  80.53125,0
1590710143.401843,1224,1cfd083f,8,   7.937574,0.83033582,2.22255715,   0.00000,0
1590710143.402385,1225,18feee3f,8,   0.000000,0.00000000,0.00000000,  80.50000,0
1590710174.863162,1228,1cfd083f,8,   7.937574,0.83033582,2.22255715,   0.00000,0
1590710174.863739,1229,18feee3f,8,   0.000000,0.00000000,0.00000000,  80.50000,0
1590710206.324495,1232,1cfd083f,8,   7.937574,0.83033582,2.22255715,   0.00000,0
1590710206.325063,1233,18feee3f,8,   0.000000,0.00000000,0.00000000,  80.50000,0
1590710237.785830,1236,1cfd083f,8,   7.937574,0.82963380,2.22426615,   0.00000,0
1590710237.786402,1237,18feee3f,8,   0.000000,0.00000000,0.00000000,  80.46875,0
1590710269.247145,1240,1cfd083f,8,   7.937574,0.82963380,2.22426615,   0.00000,0
1590710269.247712,1241,18feee3f,8,   0.000000,0.00000000,0.00000000,  80.50000,0
1590710300.708480,1244,1cfd083f,8,   7.937574,0.82963380,2.22426615,   0.00000,0
1590710300.709058,1245,18feee3f,8,   0.000000,0.00000000,0.00000000,  80.50000,0
1590710332.169783,1248,1cfd083f,8,   7.937574,0.82963380,2.22426615,   0.00000,0
1590710332.170349,1249,18feee3f,8,   0.000000,0.00000000,0.00000000,  80.50000,0
1590710363.631097,1252,1cfd083f,8,   7.937574,0.83027477,2.22377787,   0.00000,0
1590710363.631661,1253,18feee3f,8,   0.000000,0.00000000,0.00000000,  80.53125,0
1590710395.092399,1256,1cfd083f,8,   7.937574,0.83027477,2.22377787,   0.00000,0
1590710395.092983,1257,18feee3f,8,   0.000000,0.00000000,0.00000000,  80.53125,0
1590710426.553709,1260,1cfd083f,8,   7.937574,0.83027477,2.22377787,   0.00000,0
1590710426.554276,1261,18feee3f,8,   0.000000,0.00000000,0.00000000,  80.53125,0
1590710458.015040,1264,1cfd083f,8,   7.937574,0.83115993,2.22341165,   0.00000,0
1590710458.015572,1265,18feee3f,8,   0.000000,0.00000000,0.00000000,  80.56250,0
1590710489.476336,1268,1cfd083f,8,   7.937574,0.83115993,2.22341165,   0.00000,0
1590710489.476893,1269,18feee3f,8,   0.000000,0.00000000,0.00000000,  80.56250,0
1590710520.937619,1272,1cfd083f,8,   7.937574,0.83115993,2.22341165,   0.00000,0
1590710520.938187,1273,18feee3f,8,   0.000000,0.00000000,0.00000000,  80.56250,0
1590710552.398907,1276,1cfd083f,8,   7.890699,0.83082418,2.22524273,   0.00000,0
1590710552.399482,1277,18feee3f,8,   0.000000,0.00000000,0.00000000,  80.56250,0
1590710583.860177,1280,1cfd083f,8,   7.890699,0.83082418,2.22524273,   0.00000,0
1590710583.860746,1281,18feee3f,8,   0.000000,0.00000000,0.00000000,  80.56250,0
1590710615.321477,1284,1cfd083f,8,   7.890699,0.83082418,2.22524273,   0.00000,0
1590710615.322041,1285,18feee3f,8,   0.000000,0.00000000,0.00000000,  80.56250,0
1590710646.782755,1288,1cfd083f,8,   7.921949,0.83033582,2.22475444,   0.00000,0
1590710646.783332,1289,18feee3f,8,   0.000000,0.00000000,0.00000000,  80.59375,0
1590710678.244062,1292,1cfd083f,8,   7.921949,0.83033582,2.22475444,   0.00000,0
1590710678.244627,1293,18feee3f,8,   0.000000,0.00000000,0.00000000,  80.59375,0
1590710709.705307,1296,1cfd083f,8,   7.921949,0.83033582,2.22475444,   0.00000,0
1590710709.705886,1297,18feee3f,8,   0.000000,0.00000000,0.00000000,  80.59375,0
1590710741.166622,1300,1cfd083f,8,   7.937574,0.83076313,2.22304544,   0.00000,0
1590710741.167151,1301,18feee3f,8,   0.000000,0.00000000,0.00000000,  80.56250,0
1590710772.627861,1304,1cfd083f,8,   7.937574,0.83076313,2.22304544,   0.00000,0
1590710772.628428,1305,18feee3f,8,   0.000000,0.00000000,0.00000000,  80.56250,0
1590710804.089152,1308,1cfd083f,8,   7.937574,0.83076313,2.22304544,   0.00000,0
1590710804.089748,1309,18feee3f,8,   0.000000,0.00000000,0.00000000,  80.56250,0
1590710835.551202,1312,1cfd083f,8,   7.937574,0.83076313,2.22304544,   0.00000,0
1590710835.551744,1313,18feee3f,8,   0.000000,0.00000000,0.00000000,  80.56250,0
1590710867.011704,1316,1cfd083f,8,   7.937574,0.83048843,2.22402201,   0.00000,0
1590710867.012270,1317,18feee3f,8,   0.000000,0.00000000,0.00000000,  80.50000,0
1590710898.472959,1320,1cfd083f,8,   7.937574,0.83048843,2.22402201,   0.00000,0
1590710898.473533,1321,18feee3f,8,   0.000000,0.00000000,0.00000000,  80.50000,0
1590710929.934605,1324,1cfd083f,8,   7.937574,0.83048843,2.22402201,   0.00000,0
1590710929.935142,1325,18feee3f,8,   0.000000,0.00000000,0.00000000,  80.50000,0
1590710961.395484,1328,1cfd083f,8,   7.921949,0.83027477,2.22499858,   0.00000,0
1590710961.396062,1329,18feee3f,8,   0.000000,0.00000000,0.00000000,  80.46875,0
1590710992.856761,1332,1cfd083f,8,   7.921949,0.83027477,2.22499858,   0.00000,0
1590710992.857330,1333,18feee3f,8,   0.000000,0.00000000,0.00000000,  80.46875,0
1590711024.318020,1336,1cfd083f,8,   7.921949,0.83027477,2.22499858,   0.00000,0
1590711024.318640,1337,18feee3f,8,   0.000000,0.00000000,0.00000000,  80.46875,0
1590711055.779284,1340,1cfd083f,8,   7.921949,0.83042738,2.22475444,   0.00000,0
1590711055.779868,1341,18feee3f,8,   0.000000,0.00000000,0.00000000,  80.46875,0
1590711087.240531,1344,1cfd083f,8,   7.921949,0.83042738,2.22475444,   0.00000,0
1590711087.241123,1345,18feee3f,8,   0.000000,0.00000000,0.00000000,  80.46875,0
1590711118.701790,1348,1cfd083f,8,   7.921949,0.83042738,2.22475444,   0.00000,0
1590711118.702358,1349,18feee3f,8,   0.000000,0.00000000,0.00000000,  80.46875,0
1590711150.163069,1352,1cfd083f,8,   7.921949,0.83042738,2.22475444,   0.00000,0
1590711150.163636,1353,18feee3f,8,   0.000000,0.00000000,0.00000000,  80.46875,0
1590711181.624324,1356,1cfd083f,8,   7.968825,0.83012216,2.22402201,   0.00000,0
1590711181.624892,1357,18feee3f,8,   0.000000,0.00000000,0.00000000,  80.50000,0
1590711213.085583,1360,1cfd083f,8,   7.968825,0.83012216,2.22402201,   0.00000,0
1590711213.086151,1361,18feee3f,8,   0.000000,0.00000000,0.00000000,  80.50000,0
1590711244.546838,1364,1cfd083f,8,   7.968825,0.83012216,2.22402201,   0.00000,0
1590711244.547410,1365,18feee3f,8,   0.000000,0.00000000,0.00000000,  80.50000,0
1590711276.008116,1368,1cfd083f,8,   7.890699,0.83122097,2.22377787,   0.00000,0
1590711276.008653,1369,18feee3f,8,   0.000000,0.00000000,0.00000000,  80.53125,0
1590711307.469344,1372,1cfd083f,8,   7.890699,0.83122097,2.22377787,   0.00000,0
1590711307.469907,1373,18feee3f,8,   0.000000,0.00000000,0.00000000,  80.53125,0
1590711338.932577,1376,1cfd083f,8,   7.890699,0.83122097,2.22377787,   0.00000,0
1590711338.933145,1377,18feee3f,8,   0.000000,0.00000000,0.00000000,  80.53125,0
1590711370.391890,1380,1cfd083f,8,   7.921949,0.83073261,2.22377787,   0.00000,0
1590711370.392422,1381,18feee3f,8,   0.000000,0.00000000,0.00000000,  80.56250,0
1590711401.853123,1384,1cfd083f,8,   7.921949,0.83073261,2.22377787,   0.00000,0
1590711401.853690,1385,18feee3f,8,   0.000000,0.00000000,0.00000000,  80.56250,0
1590711433.315942,1388,1cfd083f,8,   7.921949,0.83073261,2.22377787,   0.00000,0
1590711433.316488,1389,18feee3f,8,   0.000000,0.00000000,0.00000000,  80.56250,0
1590711464.775630,1392,1cfd083f,8,   7.921949,0.83073261,2.22377787,   0.00000,0
1590711464.776180,1393,18feee3f,8,   0.000000,0.00000000,0.00000000,  80.56250,0
1590711496.236886,1396,1cfd083f,8,   7.906324,0.83134306,2.22377787,   0.00000,0
1590711496.237465,1397,18feee3f,8,   0.000000,0.00000000,0.00000000,  80.50000,0
1590711527.699264,1400,1cfd083f,8,   7.906324,0.83134306,2.22377787,   0.00000,0
1590711527.699855,1401,18feee3f,8,   0.000000,0.00000000,0.00000000,  80.50000,0
1590711559.159350,1404,1cfd083f,8,   7.906324,0.83134306,2.22377787,   0.00000,0
1590711559.159940,1405,18feee3f,8,   0.000000,0.00000000,0.00000000,  80.50000,0
1590711590.620613,1408,1cfd083f,8,   7.890699,0.83109888,2.22304544,   0.00000,0
1590711590.621176,1409,18feee3f,8,   0.000000,0.00000000,0.00000000,  80.43750,0
1590711622.082632,1412,1cfd083f,8,   7.890699,0.83109888,2.22304544,   0.00000,0
1590711622.083262,1413,18feee3f,8,   0.000000,0.00000000,0.00000000,  80.46875,0
1590711653.543114,1416,1cfd083f,8,   7.890699,0.83109888,2.22304544,   0.00000,0
1590711653.543696,1417,18feee3f,8,   0.000000,0.00000000,0.00000000,  80.46875,0
1590711685.004371,1420,1cfd083f,8,   7.906324,0.83067156,2.22414408,   0.00000,0
1590711685.004951,1421,18feee3f,8,   0.000000,0.00000000,0.00000000,  80.46875,0
1590711716.465987,1424,1cfd083f,8,   7.906324,0.83067156,2.22414408,   0.00000,0
1590711716.466572,1425,18feee3f,8,   0.000000,0.00000000,0.00000000,  80.46875,0
1590711747.926873,1428,1cfd083f,8,   7.906324,0.83067156,2.22414408,   0.00000,0
1590711747.927457,1429,18feee3f,8,   0.000000,0.00000000,0.00000000,  80.46875,0
1590711779.388112,1432,1cfd083f,8,   7.968825,0.82993902,2.22573101,   0.00000,0
1590711779.388678,1433,18feee3f,8,   0.000000,0.00000000,0.00000000,  80.46875,0
1590711810.849347,1436,1cfd083f,8,   7.968825,0.82993902,2.22573101,   0.00000,0
1590711810.849926,1437,18feee3f,8,   0.000000,0.00000000,0.00000000,  80.46875,0
1590711842.310670,1440,1cfd083f,8,   7.968825,0.82993902,2.22573101,   0.00000,0
1590711842.311161,1441,18feee3f,8,   0.000000,0.00000000,0.00000000,  80.46875,0
1590711873.771845,1444,1cfd083f,8,   7.921949,0.83039686,2.22573101,   0.00000,0
1590711873.772420,1445,18feee3f,8,   0.000000,0.00000000,0.00000000,  80.50000,0
1590711905.233100,1448,1cfd083f,8,   7.921949,0.83039686,2.22573101,   0.00000,0
1590711905.233690,1449,18feee3f,8,   0.000000,0.00000000,0.00000000,  80.50000,0
1590711936.694367,1452,1cfd083f,8,   7.921949,0.83039686,2.22573101,   0.00000,0
1590711936.694905,1453,18feee3f,8,   0.000000,0.00000000,0.00000000,  80.50000,0
1590711968.155609,1456,1cfd083f,8,   7.921949,0.83039686,2.22573101,   0.00000,0
1590711968.156177,1457,18feee3f,8,   0.000000,0.00000000,0.00000000,  80.50000,0
1590711999.616850,1460,1cfd083f,8,   7.921949,0.83085470,2.22389994,   0.00000,0
1590711999.617404,1461,18feee3f,8,   0.000000,0.00000000,0.00000000,  80.53125,0
1590712031.078096,1464,1cfd083f,8,   7.921949,0.83085470,2.22389994,   0.00000,0
1590712031.078664,1465,18feee3f,8,   0.000000,0.00000000,0.00000000,  80.53125,0
1590712062.539325,1468,1cfd083f,8,   7.921949,0.83085470,2.22389994,   0.00000,0
1590712062.539907,1469,18feee3f,8,   0.000000,0.00000000,0.00000000,  80.53125,0
1590712094.000591,1472,1cfd083f,8,   7.906324,0.83094627,2.22255715,   0.00000,0
1590712094.001166,1473,18feee3f,8,   0.000000,0.00000000,0.00000000,  80.59375,0
1590712125.463811,1476,1cfd083f,8,   7.906324,0.83094627,2.22255715,   0.00000,0
1590712125.464388,1477,18feee3f,8,   0.000000,0.00000000,0.00000000,  80.59375,0
1590712156.922930,1480,1cfd083f,8,   7.906324,0.83094627,2.22255715,   0.00000,0
1590712156.923484,1481,18feee3f,8,   0.000000,0.00000000,0.00000000,  80.59375,0
1590712188.384759,1484,1cfd083f,8,   7.906324,0.83027477,2.22451030,   0.00000,0
1590712188.385327,1485,18feee3f,8,   0.000000,0.00000000,0.00000000,  80.59375,0
1590712219.846652,1488,1cfd083f,8,   7.906324,0.83027477,2.22451030,   0.00000,0
1590712219.847272,1489,18feee3f,8,   0.000000,0.00000000,0.00000000,  80.59375,0
1590712251.306175,1492,1cfd083f,8,   7.906324,0.83027477,2.22451030,   0.00000,0
1590712251.306754,1493,18feee3f,8,   0.000000,0.00000000,0.00000000,  80.59375,0
1590712282.767660,1496,1cfd083f,8,   7.890699,0.83085470,2.22353372,   0.00000,0
1590712282.768191,1497,18feee3f,8,   0.000000,0.00000000,0.00000000,  80.56250,0
1590712314.229563,1500,1cfd083f,8,   7.890699,0.83085470,2.22353372,   0.00000,0
1590712314.230117,1501,18feee3f,8,   0.000000,0.00000000,0.00000000,  80.56250,0
1590712345.689519,1504,1cfd083f,8,   7.890699,0.83085470,2.22353372,   0.00000,0
1590712345.690070,1505,18feee3f,8,   0.000000,0.00000000,0.00000000,  80.56250,0
1590712377.150622,1508,1cfd083f,8,   7.890699,0.83085470,2.22353372,   0.00000,0
1590712377.151198,1509,18feee3f,8,   0.000000,0.00000000,0.00000000,  80.56250,0
1590712408.612538,1512,1cfd083f,8,   7.937574,0.83073261,2.22304544,   0.00000,0
1590712408.613106,1513,18feee3f,8,   0.000000,0.00000000,0.00000000,  80.53125,0
1590712440.072890,1516,1cfd083f,8,   7.937574,0.83073261,2.22304544,   0.00000,0
1590712440.073464,1517,18feee3f,8,   0.000000,0.00000000,0.00000000,  80.53125,0
1590712471.534058,1520,1cfd083f,8,   7.937574,0.83073261,2.22304544,   0.00000,0
1590712471.534589,1521,18feee3f,8,   0.000000,0.00000000,0.00000000,  80.53125,0
1590712502.995562,1524,1cfd083f,8,   7.890699,0.83079366,2.22389994,   0.00000,0
1590712502.996103,1525,18feee3f,8,   0.000000,0.00000000,0.00000000,  80.53125,0
1590712534.456316,1528,1cfd083f,8,   7.890699,0.83079366,2.22389994,   0.00000,0
1590712534.456892,1529,18feee3f,8,   0.000000,0.00000000,0.00000000,  80.53125,0
1590712565.917471,1532,1cfd083f,8,   7.890699,0.83079366,2.22389994,   0.00000,0
1590712565.918042,1533,18feee3f,8,   0.000000,0.00000000,0.00000000,  80.53125,0
1590712597.378642,1536,1cfd083f,8,   7.906324,0.83042738,2.22402201,   0.00000,0
1590712597.379214,1537,18feee3f,8,   0.000000,0.00000000,0.00000000,  80.53125,0
1590712628.839794,1540,1cfd083f,8,   7.906324,0.83042738,2.22402201,   0.00000,0
1590712628.840366,1541,18feee3f,8,   0.000000,0.00000000,0.00000000,  80.53125,0
1590712660.300981,1544,1cfd083f,8,   7.906324,0.83042738,2.22402201,   0.00000,0
1590712660.301522,1545,18feee3f,8,   0.000000,0.00000000,0.00000000,  80.53125,0
1590712691.762141,1548,1cfd083f,8,   7.906324,0.83042738,2.22402201,   0.00000,0
1590712691.762703,1549,18feee3f,8,   0.000000,0.00000000,0.00000000,  80.53125,0
1590712723.223321,1552,1cfd083f,8,   7.921949,0.83082418,2.22328958,   0.00000,0
1590712723.223890,1553,18feee3f,8,   0.000000,0.00000000,0.00000000,  80.50000,0
1590712754.684477,1556,1cfd083f,8,   7.921949,0.83082418,2.22328958,   0.00000,0
1590712754.685042,1557,18feee3f,8,   0.000000,0.00000000,0.00000000,  80.50000,0
1590712786.145671,1560,1cfd083f,8,   7.921949,0.83082418,2.22328958,   0.00000,0
1590712786.146217,1561,18feee3f,8,   0.000000,0.00000000,0.00000000,  80.50000,0
1590712817.606859,1564,1cfd083f,8,   7.921949,0.83058000,2.22353372,   0.00000,0
1590712817.607424,1565,18feee3f,8,   0.000000,0.00000000,0.00000000,  80.53125,0
1590712849.068023,1568,1cfd083f,8,   7.921949,0.83058000,2.22353372,   0.00000,0
1590712849.068646,1569,18feee3f,8,   0.000000,0.00000000,0.00000000,  80.50000,0
1590712880.529212,1572,1cfd083f,8,   7.921949,0.83058000,2.22353372,   0.00000,0
1590712880.529797,1573,18feee3f,8,   0.000000,0.00000000,0.00000000,  80.50000,0
1590712911.990406,1576,1cfd083f,8,   7.937574,0.83030529,2.22280130,   0.00000,0
1590712911.990976,1577,18feee3f,8,   0.000000,0.00000000,0.00000000,  80.53125,0
1590712943.451609,1580,1cfd083f,8,   7.937574,0.83030529,2.22280130,   0.00000,0
1590712943.452149,1581,18feee3f,8,   0.000000,0.00000000,0.00000000,  80.53125,0
1590712974.912779,1584,1cfd083f,8,   7.937574,0.83030529,2.22280130,   0.00000,0
1590712974.913347,1585,18feee3f,8,   0.000000,0.00000000,0.00000000,  80.53125,0
1590713006.375539,1588,1cfd083f,8,   7.937574,0.83030529,2.22280130,   0.00000,0
1590713006.376121,1589,18feee3f,8,   0.000000,0.00000000,0.00000000,  80.53125,0
1590713037.835181,1592,1cfd083f,8,   0.500005,0.82984746,2.22426615,   0.00000,0
1590713037.835781,1593,18feee3f,8,   0.000000,0.00000000,0.00000000,  80.50000,0
1590713069.296406,1596,1cfd083f,8,   0.500005,0.82984746,2.22426615,   0.00000,0
1590713069.296971,1597,18feee3f,8,   0.000000,0.00000000,0.00000000,  80.50000,0
1590713100.758758,1600,1cfd083f,8,   0.500005,0.82984746,2.22426615,   0.00000,0
1590713100.759324,1601,18feee3f,8,   0.000000,0.00000000,0.00000000,  80.50000,0
1590713132.218776,1604,1cfd083f,8,   7.921949,0.83128202,2.22377787,   0.00000,0
1590713132.219347,1605,18feee3f,8,   0.000000,0.00000000,0.00000000,  80.53125,0
1590713163.680011,1608,1cfd083f,8,   7.921949,0.83128202,2.22377787,   0.00000,0
1590713163.680566,1609,18feee3f,8,   0.000000,0.00000000,0.00000000,  80.53125,0
1590713195.141953,1612,1cfd083f,8,   7.921949,0.83128202,2.22377787,   0.00000,0
1590713195.142516,1613,18feee3f,8,   0.000000,0.00000000,0.00000000,  80.53125,0
1590713226.602406,1616,1cfd083f,8,   7.843824,0.83146515,2.22402201,   0.00000,0
1590713226.602971,1617,18feee3f,8,   0.000000,0.00000000,0.00000000,  80.53125,0
1590713258.063617,1620,1cfd083f,8,   7.843824,0.83146515,2.22402201,   0.00000,0
1590713258.064194,1621,18feee3f,8,   0.000000,0.00000000,0.00000000,  80.53125,0
1590713289.525198,1624,1cfd083f,8,   7.843824,0.83146515,2.22402201,   0.00000,0
1590713289.525768,1625,18feee3f,8,   0.000000,0.00000000,0.00000000,  80.53125,0
1590713320.986020,1628,1cfd083f,8,   7.906324,0.83100731,2.22365580,   0.00000,0
1590713320.986617,1629,18feee3f,8,   0.000000,0.00000000,0.00000000,  80.56250,0
1590713352.447259,1632,1cfd083f,8,   7.906324,0.83100731,2.22365580,   0.00000,0
1590713352.447820,1633,18feee3f,8,   0.000000,0.00000000,0.00000000,  80.56250,0
1590713383.908463,1636,1cfd083f,8,   7.906324,0.83100731,2.22365580,   0.00000,0
1590713383.909028,1637,18feee3f,8,   0.000000,0.00000000,0.00000000,  80.56250,0
1590713415.369665,1640,1cfd083f,8,   7.906324,0.83100731,2.22365580,   0.00000,0
1590713415.370228,1641,18feee3f,8,   0.000000,0.00000000,0.00000000,  80.56250,0
1590713446.830874,1644,1cfd083f,8,   7.937574,0.83036634,2.22402201,   0.00000,0
1590713446.831443,1645,18feee3f,8,   0.000000,0.00000000,0.00000000,  80.53125,0
1590713478.292109,1648,1cfd083f,8,   7.937574,0.83036634,2.22402201,   0.00000,0
1590713478.292646,1649,18feee3f,8,   0.000000,0.00000000,0.00000000,  80.53125,0
1590713509.753293,1652,1cfd083f,8,   7.937574,0.83036634,2.22402201,   0.00000,0
1590713509.753860,1653,18feee3f,8,   0.000000,0.00000000,0.00000000,  80.53125,0
1590713541.214508,1656,1cfd083f,8,   7.890699,0.83155672,2.22389994,   0.00000,0
1590713541.215085,1657,18feee3f,8,   0.000000,0.00000000,0.00000000,  80.50000,0
1590713572.675735,1660,1cfd083f,8,   7.890699,0.83155672,2.22389994,   0.00000,0
1590713572.676301,1661,18feee3f,8,   0.000000,0.00000000,0.00000000,  80.50000,0
1590713604.136972,1664,1cfd083f,8,   7.890699,0.83155672,2.22389994,   0.00000,0
1590713604.137503,1665,18feee3f,8,   0.000000,0.00000000,0.00000000,  80.50000,0
1590713635.598175,1668,1cfd083f,8,   7.890699,0.83155672,2.22389994,   0.00000,0
1590713635.598739,1669,18feee3f,8,   0.000000,0.00000000,0.00000000,  80.50000,0
1590713667.059450,1672,1cfd083f,8,   7.953200,0.83012216,2.22438823,   0.00000,0
1590713667.059962,1673,18feee3f,8,   0.000000,0.00000000,0.00000000,  80.50000,0
1590713698.522574,1676,1cfd083f,8,   7.953200,0.83012216,2.22438823,   0.00000,0
1590713698.523164,1677,18feee3f,8,   0.000000,0.00000000,0.00000000,  80.50000,0
1590713729.981825,1680,1cfd083f,8,   7.953200,0.83012216,2.22438823,   0.00000,0
1590713729.982381,1681,18feee3f,8,   0.000000,0.00000000,0.00000000,  80.50000,0
1590713761.443824,1684,1cfd083f,8,   7.953200,0.83082418,2.22328958,   0.00000,0
1590713761.444388,1685,18feee3f,8,   0.000000,0.00000000,0.00000000,  80.56250,0
1590713792.905850,1688,1cfd083f,8,   7.953200,0.83082418,2.22328958,   0.00000,0
1590713792.906385,1689,18feee3f,8,   0.000000,0.00000000,0.00000000,  80.56250,0
1590713824.365482,1692,1cfd083f,8,   7.953200,0.83082418,2.22328958,   0.00000,0
1590713824.366056,1693,18feee3f,8,   0.000000,0.00000000,0.00000000,  80.56250,0
1590713855.827076,1696,1cfd083f,8,   7.890699,0.83061052,2.22524273,   0.00000,0
1590713855.827665,1697,18feee3f,8,   0.000000,0.00000000,0.00000000,  80.56250,0
1590713887.289093,1700,1cfd083f,8,   7.890699,0.83061052,2.22524273,   0.00000,0
1590713887.289667,1701,18feee3f,8,   0.000000,0.00000000,0.00000000,  80.56250,0
1590713918.749156,1704,1cfd083f,8,   7.890699,0.83061052,2.22524273,   0.00000,0
1590713918.749749,1705,18feee3f,8,   0.000000,0.00000000,0.00000000,  80.56250,0
1590713950.210379,1708,1cfd083f,8,   7.953200,0.83094627,2.22243508,   0.00000,0
1590713950.210942,1709,18feee3f,8,   0.000000,0.00000000,0.00000000,  80.53125,0
1590713981.672361,1712,1cfd083f,8,   7.953200,0.83094627,2.22243508,   0.00000,0
1590713981.672928,1713,18feee3f,8,   0.000000,0.00000000,0.00000000,  80.53125,0
1590714013.132800,1716,1cfd083f,8,   7.953200,0.83094627,2.22243508,   0.00000,0
1590714013.133363,1717,18feee3f,8,   0.000000,0.00000000,0.00000000,  80.53125,0
1590714044.594029,1720,1cfd083f,8,   7.953200,0.83094627,2.22243508,   0.00000,0
1590714044.594593,1721,18feee3f,8,   0.000000,0.00000000,0.00000000,  80.53125,0
1590714076.055609,1724,1cfd083f,8,   7.968825,0.82884021,2.22499858,   0.00000,0
1590714076.056182,1725,18feee3f,8,   0.000000,0.00000000,0.00000000,  80.53125,0
1590714107.516480,1728,1cfd083f,8,   7.968825,0.82884021,2.22499858,   0.00000,0
1590714107.517049,1729,18feee3f,8,   0.000000,0.00000000,0.00000000,  80.53125,0
1590714138.977711,1732,1cfd083f,8,   7.968825,0.82884021,2.22499858,   0.00000,0
1590714138.978246,1733,18feee3f,8,   0.000000,0.00000000,0.00000000,  80.53125,0
1590714170.438932,1736,1cfd083f,8,   7.890699,0.83085470,2.22524273,   0.00000,0
1590714170.439494,1737,18feee3f,8,   0.000000,0.00000000,0.00000000,  80.53125,0
1590714201.900179,1740,1cfd083f,8,   7.890699,0.83085470,2.22524273,   0.00000,0
1590714201.900729,1741,18feee3f,8,   0.000000,0.00000000,0.00000000,  80.53125,0
1590714233.361428,1744,1cfd083f,8,   7.890699,0.83085470,2.22524273,   0.00000,0
1590714233.362000,1745,18feee3f,8,   0.000000,0.00000000,0.00000000,  80.53125,0
1590714264.822684,1748,1cfd083f,8,   7.906324,0.83119045,2.22463237,   0.00000,0
1590714264.823251,1749,18feee3f,8,   0.000000,0.00000000,0.00000000,  80.59375,0
1590714296.283937,1752,1cfd083f,8,   7.906324,0.83119045,2.22463237,   0.00000,0
1590714296.284500,1753,18feee3f,8,   0.000000,0.00000000,0.00000000,  80.59375,0
1590714327.745200,1756,1cfd083f,8,   7.906324,0.83119045,2.22463237,   0.00000,0
1590714327.745762,1757,18feee3f,8,   0.000000,0.00000000,0.00000000,  80.59375,0
1590714359.207994,1760,1cfd083f,8,   7.968825,0.83109888,2.22414408,   0.00000,0
1590714359.208561,1761,18feee3f,8,   0.000000,0.00000000,0.00000000,  80.56250,0
1590714390.667672,1764,1cfd083f,8,   7.968825,0.83109888,2.22414408,   0.00000,0
1590714390.668241,1765,18feee3f,8,   0.000000,0.00000000,0.00000000,  80.56250,0
1590714422.128932,1768,1cfd083f,8,   7.968825,0.83109888,2.22414408,   0.00000,0
1590714422.129498,1769,18feee3f,8,   0.000000,0.00000000,0.00000000,  80.56250,0
1590714453.591779,1772,1cfd083f,8,   7.984450,0.83100731,2.22536480,   0.00000,0
1590714453.592361,1773,18feee3f,8,   0.000000,0.00000000,0.00000000,  80.59375,0
1590714485.053369,1776,1cfd083f,8,   7.984450,0.83100731,2.22536480,   0.00000,0
1590714485.053936,1777,18feee3f,8,   0.000000,0.00000000,0.00000000,  80.59375,0
1590714516.512684,1780,1cfd083f,8,   7.984450,0.83100731,2.22536480,   0.00000,0
1590714516.513223,1781,18feee3f,8,   0.000000,0.00000000,0.00000000,  80.59375,0
1590714547.974674,1784,1cfd083f,8,   7.937574,0.83115993,2.22426615,   0.00000,0
1590714547.975237,1785,18feee3f,8,   0.000000,0.00000000,0.00000000,  80.59375,0
1590714579.436732,1788,1cfd083f,8,   7.937574,0.83115993,2.22426615,   0.00000,0
1590714579.437296,1789,18feee3f,8,   0.000000,0.00000000,0.00000000,  80.62500,0
1590714610.896450,1792,1cfd083f,8,   7.937574,0.83115993,2.22426615,   0.00000,0
1590714610.896991,1793,18feee3f,8,   0.000000,0.00000000,0.00000000,  80.62500,0
1590714642.357637,1796,1cfd083f,8,   7.937574,0.83115993,2.22426615,   0.00000,0
1590714642.358215,1797,18feee3f,8,   0.000000,0.00000000,0.00000000,  80.62500,0
1590714673.820043,1800,1cfd083f,8,   0.515630,0.83042738,2.22426615,   0.00000,0
1590714673.820615,1801,18feee3f,8,   0.000000,0.00000000,0.00000000,  80.62500,0
1590714705.280108,1804,1cfd083f,8,   0.515630,0.83042738,2.22426615,   0.00000,0
1590714705.280678,1805,18feee3f,8,   0.000000,0.00000000,0.00000000,  80.62500,0
1590714736.741345,1808,1cfd083f,8,   0.515630,0.83042738,2.22426615,   0.00000,0
1590714736.741916,1809,18feee3f,8,   0.000000,0.00000000,0.00000000,  80.62500,0
1590714768.203367,1812,1cfd083f,8,   0.515630,0.83042738,2.22499858,   0.00000,0
1590714768.203939,1813,18feee3f,8,   0.000000,0.00000000,0.00000000,  80.59375,0
1590714799.663821,1816,1cfd083f,8,   0.515630,0.83042738,2.22499858,   0.00000,0
1590714799.664429,1817,18feee3f,8,   0.000000,0.00000000,0.00000000,  80.59375,0
1590714831.125068,1820,1cfd083f,8,   0.515630,0.83042738,2.22499858,   0.00000,0
1590714831.125642,1821,18feee3f,8,   0.000000,0.00000000,0.00000000,  80.59375,0
1590714862.586336,1824,1cfd083f,8,   0.500005,0.83042738,2.22536480,   0.00000,0
1590714862.586870,1825,18feee3f,8,   0.000000,0.00000000,0.00000000,  80.53125,0
1590714894.047557,1828,1cfd083f,8,   0.500005,0.83042738,2.22536480,   0.00000,0
1590714894.048132,1829,18feee3f,8,   0.000000,0.00000000,0.00000000,  80.53125,0
