timestamp,count,id,dlc,Viscosity (cp),Density (gm/cc),Dielectric constant (-),Temperature (C), Status
1591037980.046419,0,1cfd083f,8,   7.890699,0.83143463,2.22316751,   0.00000,0
1591037980.046930,1,18feee3f,8,   0.000000,0.00000000,0.00000000,  80.96875,0
1591038011.505948,4,1cfd083f,8,   7.890699,0.83079366,2.22206887,   0.00000,0
1591038011.506568,5,18feee3f,8,   0.000000,0.00000000,0.00000000,  81.03125,0
1591038042.967185,8,1cfd083f,8,   7.890699,0.83079366,2.22206887,   0.00000,0
1591038042.967754,9,18feee3f,8,   0.000000,0.00000000,0.00000000,  81.03125,0
1591038074.429175,12,1cfd083f,8,   7.890699,0.83079366,2.22206887,   0.00000,0
1591038074.429774,13,18feee3f,8,   0.000000,0.00000000,0.00000000,  81.03125,0
1591038105.889662,16,1cfd083f,8,   7.859449,0.83036634,2.22304544,   0.00000,0
1591038105.890245,17,18feee3f,8,   0.000000,0.00000000,0.00000000,  81.06250,0
1591038137.350881,20,1cfd083f,8,   7.859449,0.83036634,2.22304544,   0.00000,0
1591038137.351452,21,18feee3f,8,   0.000000,0.00000000,0.00000000,  81.06250,0
1591038168.812585,24,1cfd083f,8,   7.859449,0.83036634,2.22304544,   0.00000,0
1591038168.813158,25,18feee3f,8,   0.000000,0.00000000,0.00000000,  81.06250,0
1591038200.273624,28,1cfd083f,8,   7.859449,0.83036634,2.22304544,   0.00000,0
1591038200.274195,29,18feee3f,8,   0.000000,0.00000000,0.00000000,  81.06250,0
1591038231.735031,32,1cfd083f,8,   7.875074,0.83018320,2.22182472,   0.00000,0
1591038231.735597,33,18feee3f,8,   0.000000,0.00000000,0.00000000,  81.09375,0
1591038263.196423,36,1cfd083f,8,   7.875074,0.83018320,2.22182472,   0.00000,0
1591038263.196993,37,18feee3f,8,   0.000000,0.00000000,0.00000000,  81.09375,0
1591038294.657787,40,1cfd083f,8,   7.875074,0.83018320,2.22182472,   0.00000,0
1591038294.658368,41,18feee3f,8,   0.000000,0.00000000,0.00000000,  81.09375,0
1591038326.119213,44,1cfd083f,8,   7.859449,0.83048843,2.22231301,   0.00000,0
1591038326.119736,45,18feee3f,8,   0.000000,0.00000000,0.00000000,  81.03125,0
1591038357.580514,48,1cfd083f,8,   7.859449,0.83048843,2.22231301,   0.00000,0
1591038357.581091,49,18feee3f,8,   0.000000,0.00000000,0.00000000,  81.03125,0
1591038389.041903,52,1cfd083f,8,   7.859449,0.83048843,2.22231301,   0.00000,0
1591038389.042451,53,18feee3f,8,   0.000000,0.00000000,0.00000000,  81.03125,0
1591038420.503227,56,1cfd083f,8,   7.859449,0.83048843,2.22231301,   0.00000,0
1591038420.503807,57,18feee3f,8,   0.000000,0.00000000,0.00000000,  81.03125,0
1591038451.964591,60,1cfd083f,8,   7.859449,0.83070209,2.22292337,   0.00000,0
1591038451.965229,61,18feee3f,8,   0.000000,0.00000000,0.00000000,  80.93750,0
1591038483.425936,64,1cfd083f,8,   7.859449,0.83070209,2.22292337,   0.00000,0
1591038483.426512,65,18feee3f,8,   0.000000,0.00000000,0.00000000,  80.93750,0
1591038514.887266,68,1cfd083f,8,   7.859449,0.83070209,2.22292337,   0.00000,0
1591038514.887844,69,18feee3f,8,   0.000000,0.00000000,0.00000000,  80.93750,0
1591038546.348617,72,1cfd083f,8,   7.843824,0.83058000,2.22219094,   0.00000,0
1591038546.349193,73,18feee3f,8,   0.000000,0.00000000,0.00000000,  80.78125,0
1591038577.811887,76,1cfd083f,8,   7.843824,0.83058000,2.22219094,   0.00000,0
1591038577.812489,77,18feee3f,8,   0.000000,0.00000000,0.00000000,  80.78125,0
1591038609.271274,80,1cfd083f,8,   7.843824,0.83058000,2.22219094,   0.00000,0
1591038609.271816,81,18feee3f,8,   0.000000,0.00000000,0.00000000,  80.78125,0
1591038640.733331,84,1cfd083f,8,   7.906324,0.83027477,2.22182472,   0.00000,0
1591038640.733895,85,18feee3f,8,   0.000000,0.00000000,0.00000000,  80.59375,0
1591038672.195446,88,1cfd083f,8,   7.906324,0.83027477,2.22182472,   0.00000,0
1591038672.196018,89,18feee3f,8,   0.000000,0.00000000,0.00000000,  80.59375,0
1591038703.655185,92,1cfd083f,8,   7.906324,0.83027477,2.22182472,   0.00000,0
1591038703.655753,93,18feee3f,8,   0.000000,0.00000000,0.00000000,  80.59375,0
1591038735.116883,96,1cfd083f,8,   7.953200,0.83036634,2.22231301,   0.00000,0
1591038735.117457,97,18feee3f,8,   0.000000,0.00000000,0.00000000,  80.43750,0
1591038766.578977,100,1cfd083f,8,   7.953200,0.83036634,2.22231301,   0.00000,0
1591038766.579553,101,18feee3f,8,   0.000000,0.00000000,0.00000000,  80.43750,0
1591038798.039115,104,1cfd083f,8,   7.953200,0.83036634,2.22231301,   0.00000,0
1591038798.039689,105,18feee3f,8,   0.000000,0.00000000,0.00000000,  80.43750,0
1591038829.500436,108,1cfd083f,8,   7.953200,0.83036634,2.22231301,   0.00000,0
1591038829.501006,109,18feee3f,8,   0.000000,0.00000000,0.00000000,  80.43750,0
1591038860.962492,112,1cfd083f,8,   7.968825,0.83064104,2.22304544,   0.00000,0
1591038860.963057,113,18feee3f,8,   0.000000,0.00000000,0.00000000,  80.37500,0
1591038892.423029,116,1cfd083f,8,   7.968825,0.83064104,2.22304544,   0.00000,0
1591038892.423599,117,18feee3f,8,   0.000000,0.00000000,0.00000000,  80.37500,0
1591038923.884316,120,1cfd083f,8,   7.968825,0.83064104,2.22304544,   0.00000,0
1591038923.884879,121,18feee3f,8,   0.000000,0.00000000,0.00000000,  80.37500,0
1591038955.345599,124,1cfd083f,8,   7.906324,0.83186194,2.22328958,   0.00000,0
1591038955.346172,125,18feee3f,8,   0.000000,0.00000000,0.00000000,  80.43750,0
1591038986.806887,128,1cfd083f,8,   7.906324,0.83186194,2.22328958,   0.00000,0
1591038986.807484,129,18feee3f,8,   0.000000,0.00000000,0.00000000,  80.43750,0
1591039018.268184,132,1cfd083f,8,   7.906324,0.83186194,2.22328958,   0.00000,0
1591039018.268749,133,18feee3f,8,   0.000000,0.00000000,0.00000000,  80.43750,0
1591039049.729452,136,1cfd083f,8,   7.906324,0.83186194,2.22328958,   0.00000,0
1591039049.730035,137,18feee3f,8,   0.000000,0.00000000,0.00000000,  80.43750,0
1591039081.190766,140,1cfd083f,8,   7.968825,0.83149567,2.22292337,   0.00000,0
1591039081.191308,141,18feee3f,8,   0.000000,0.00000000,0.00000000,  80.65625,0
1591039112.652032,144,1cfd083f,8,   7.968825,0.83149567,2.22292337,   0.00000,0
1591039112.652597,145,18feee3f,8,   0.000000,0.00000000,0.00000000,  80.65625,0
1591039144.113343,148,1cfd083f,8,   7.968825,0.83149567,2.22292337,   0.00000,0
1591039144.113879,149,18feee3f,8,   0.000000,0.00000000,0.00000000,  80.65625,0
1591039175.574608,152,1cfd083f,8,   7.937574,0.83103784,2.22377787,   0.00000,0
1591039175.575186,153,18feee3f,8,   0.000000,0.00000000,0.00000000,  80.75000,0
1591039207.035891,156,1cfd083f,8,   7.937574,0.83103784,2.22377787,   0.00000,0
1591039207.036466,157,18feee3f,8,   0.000000,0.00000000,0.00000000,  80.75000,0
1591039238.497165,160,1cfd083f,8,   7.937574,0.83103784,2.22377787,   0.00000,0
1591039238.497734,161,18feee3f,8,   0.000000,0.00000000,0.00000000,  80.75000,0
1591039269.958424,164,1cfd083f,8,   7.921949,0.83054947,2.22414408,   0.00000,0
1591039269.959035,165,18feee3f,8,   0.000000,0.00000000,0.00000000,  80.78125,0
1591039301.419729,168,1cfd083f,8,   7.921949,0.83054947,2.22414408,   0.00000,0
1591039301.420304,169,18feee3f,8,   0.000000,0.00000000,0.00000000,  80.78125,0
1591039332.880993,172,1cfd083f,8,   7.921949,0.83054947,2.22414408,   0.00000,0
1591039332.881565,173,18feee3f,8,   0.000000,0.00000000,0.00000000,  80.78125,0
1591039364.342265,176,1cfd083f,8,   7.937574,0.83012216,2.22292337,   0.00000,0
1591039364.342831,177,18feee3f,8,   0.000000,0.00000000,0.00000000,  80.81250,0
1591039395.803608,180,1cfd083f,8,   7.937574,0.83012216,2.22292337,   0.00000,0
1591039395.804077,181,18feee3f,8,   0.000000,0.00000000,0.00000000,  80.81250,0
1591039427.264805,184,1cfd083f,8,   7.937574,0.83012216,2.22292337,   0.00000,0
1591039427.265349,185,18feee3f,8,   0.000000,0.00000000,0.00000000,  80.81250,0
1591039458.727654,188,1cfd083f,8,   7.937574,0.83012216,2.22292337,   0.00000,0
1591039458.728194,189,18feee3f,8,   0.000000,0.00000000,0.00000000,  80.81250,0
1591039490.187342,192,1cfd083f,8,   7.875074,0.83094627,2.22353372,   0.00000,0
1591039490.187910,193,18feee3f,8,   0.000000,0.00000000,0.00000000,  80.81250,0
1591039521.648610,196,1cfd083f,8,   7.875074,0.83094627,2.22353372,   0.00000,0
1591039521.649233,197,18feee3f,8,   0.000000,0.00000000,0.00000000,  80.81250,0
1591039553.111071,200,1cfd083f,8,   7.875074,0.83094627,2.22353372,   0.00000,0
1591039553.111605,201,18feee3f,8,   0.000000,0.00000000,0.00000000,  80.81250,0
1591039584.571137,204,1cfd083f,8,   7.921949,0.83039686,2.22304544,   0.00000,0
1591039584.571704,205,18feee3f,8,   0.000000,0.00000000,0.00000000,  80.84375,0
1591039616.032419,208,1cfd083f,8,   7.921949,0.83039686,2.22304544,   0.00000,0
1591039616.032987,209,18feee3f,8,   0.000000,0.00000000,0.00000000,  80.84375,0
1591039647.494460,212,1cfd083f,8,   7.921949,0.83039686,2.22304544,   0.00000,0
1591039647.495058,213,18feee3f,8,   0.000000,0.00000000,0.00000000,  80.84375,0
1591039678.954950,216,1cfd083f,8,   7.906324,0.83058000,2.22267922,   0.00000,0
1591039678.955532,217,18feee3f,8,   0.000000,0.00000000,0.00000000,  80.81250,0
1591039710.416233,220,1cfd083f,8,   7.906324,0.83058000,2.22267922,   0.00000,0
1591039710.416768,221,18feee3f,8,   0.000000,0.00000000,0.00000000,  80.81250,0
1591039741.877838,224,1cfd083f,8,   7.906324,0.83058000,2.22267922,   0.00000,0
1591039741.878412,225,18feee3f,8,   0.000000,0.00000000,0.00000000,  80.81250,0
1591039773.338745,228,1cfd083f,8,   7.906324,0.83058000,2.22267922,   0.00000,0
1591039773.339322,229,18feee3f,8,   0.000000,0.00000000,0.00000000,  80.81250,0
1591039804.800009,232,1cfd083f,8,   7.906324,0.83085470,2.22267922,   0.00000,0
1591039804.800575,233,18feee3f,8,   0.000000,0.00000000,0.00000000,  80.75000,0
1591039836.261298,236,1cfd083f,8,   7.906324,0.83085470,2.22267922,   0.00000,0
1591039836.261865,237,18feee3f,8,   0.000000,0.00000000,0.00000000,  80.75000,0
1591039867.722562,240,1cfd083f,8,   7.906324,0.83085470,2.22267922,   0.00000,0
1591039867.723123,241,18feee3f,8,   0.000000,0.00000000,0.00000000,  80.75000,0
1591039899.183811,244,1cfd083f,8,   7.890699,0.83103784,2.22304544,   0.00000,0
1591039899.184380,245,18feee3f,8,   0.000000,0.00000000,0.00000000,  80.65625,0
1591039930.645117,248,1cfd083f,8,   7.890699,0.83103784,2.22304544,   0.00000,0
1591039930.645635,249,18feee3f,8,   0.000000,0.00000000,0.00000000,  80.65625,0
1591039962.106314,252,1cfd083f,8,   7.890699,0.83103784,2.22304544,   0.00000,0
1591039962.106885,253,18feee3f,8,   0.000000,0.00000000,0.00000000,  80.65625,0
1591039993.567609,256,1cfd083f,8,   7.921949,0.83115993,2.23000352,   0.00000,0
1591039993.568164,257,18feee3f,8,   0.000000,0.00000000,0.00000000,  80.56250,0
1591040025.028876,260,1cfd083f,8,   7.921949,0.83115993,2.23000352,   0.00000,0
1591040025.029452,261,18feee3f,8,   0.000000,0.00000000,0.00000000,  80.59375,0
1591040056.490121,264,1cfd083f,8,   7.921949,0.83115993,2.23000352,   0.00000,0
1591040056.490757,265,18feee3f,8,   0.000000,0.00000000,0.00000000,  80.59375,0
1591040087.951390,268,1cfd083f,8,   7.921949,0.83115993,2.23000352,   0.00000,0
1591040087.951960,269,18feee3f,8,   0.000000,0.00000000,0.00000000,  80.59375,0
1591040119.412620,272,1cfd083f,8,   7.890699,0.83082418,2.23024766,   0.00000,0
1591040119.413193,273,18feee3f,8,   0.000000,0.00000000,0.00000000,  80.59375,0
1591040150.875860,276,1cfd083f,8,   7.890699,0.83082418,2.23024766,   0.00000,0
1591040150.876442,277,18feee3f,8,   0.000000,0.00000000,0.00000000,  80.59375,0
1591040182.335135,280,1cfd083f,8,   7.890699,0.83082418,2.23024766,   0.00000,0
1591040182.335722,281,18feee3f,8,   0.000000,0.00000000,0.00000000,  80.59375,0
1591040213.796376,284,1cfd083f,8,   7.921949,0.83125149,2.23073595,   0.00000,0
1591040213.796958,285,18feee3f,8,   0.000000,0.00000000,0.00000000,  80.62500,0
1591040245.259191,288,1cfd083f,8,   7.921949,0.83125149,2.23073595,   0.00000,0
1591040245.259759,289,18feee3f,8,   0.000000,0.00000000,0.00000000,  80.62500,0
1591040276.718832,292,1cfd083f,8,   7.921949,0.83125149,2.23073595,   0.00000,0
1591040276.719368,293,18feee3f,8,   0.000000,0.00000000,0.00000000,  80.62500,0
1591040308.180040,296,1cfd083f,8,   7.921949,0.83125149,2.23073595,   0.00000,0
1591040308.180610,297,18feee3f,8,   0.000000,0.00000000,0.00000000,  80.62500,0
1591040339.642416,300,1cfd083f,8,   7.937574,0.83097679,2.22341165,   0.00000,0
1591040339.642990,301,18feee3f,8,   0.000000,0.00000000,0.00000000,  80.59375,0
1591040371.102470,304,1cfd083f,8,   7.937574,0.83097679,2.22341165,   0.00000,0
1591040371.103047,305,18feee3f,8,   0.000000,0.00000000,0.00000000,  80.59375,0
1591040402.563717,308,1cfd083f,8,   7.937574,0.83097679,2.22341165,   0.00000,0
1591040402.564287,309,18feee3f,8,   0.000000,0.00000000,0.00000000,  80.59375,0
1591040434.024923,312,1cfd083f,8,   7.968825,0.82996955,2.22402201,   0.00000,0
1591040434.025490,313,18feee3f,8,   0.000000,0.00000000,0.00000000,  80.62500,0
1591040465.486191,316,1cfd083f,8,   7.968825,0.82996955,2.22402201,   0.00000,0
1591040465.486727,317,18feee3f,8,   0.000000,0.00000000,0.00000000,  80.62500,0
1591040496.947404,320,1cfd083f,8,   7.968825,0.82996955,2.22402201,   0.00000,0
1591040496.947941,321,18feee3f,8,   0.000000,0.00000000,0.00000000,  80.62500,0
1591040528.409019,324,1cfd083f,8,   7.953200,0.83106836,2.22438823,   0.00000,0
1591040528.409555,325,18feee3f,8,   0.000000,0.00000000,0.00000000,  80.68750,0
1591040559.869833,328,1cfd083f,8,   7.953200,0.83106836,2.22438823,   0.00000,0
1591040559.870406,329,18feee3f,8,   0.000000,0.00000000,0.00000000,  80.68750,0
1591040591.331066,332,1cfd083f,8,   7.953200,0.83106836,2.22438823,   0.00000,0
1591040591.331677,333,18feee3f,8,   0.000000,0.00000000,0.00000000,  80.68750,0
1591040622.792321,336,1cfd083f,8,   7.953200,0.83103784,2.22438823,   0.00000,0
1591040622.792892,337,18feee3f,8,   0.000000,0.00000000,0.00000000,  80.68750,0
1591040654.253546,340,1cfd083f,8,   7.953200,0.83103784,2.22438823,   0.00000,0
1591040654.254112,341,18feee3f,8,   0.000000,0.00000000,0.00000000,  80.68750,0
1591040685.714769,344,1cfd083f,8,   7.953200,0.83103784,2.22438823,   0.00000,0
1591040685.715340,345,18feee3f,8,   0.000000,0.00000000,0.00000000,  80.68750,0
1591040717.177993,348,1cfd083f,8,   7.906324,0.83079366,2.22316751,   0.00000,0
1591040717.178560,349,18feee3f,8,   0.000000,0.00000000,0.00000000,  80.71875,0
1591040748.637253,352,1cfd083f,8,   7.906324,0.83079366,2.22316751,   0.00000,0
1591040748.637825,353,18feee3f,8,   0.000000,0.00000000,0.00000000,  80.71875,0
1591040780.098494,356,1cfd083f,8,   7.906324,0.83079366,2.22316751,   0.00000,0
1591040780.099069,357,18feee3f,8,   0.000000,0.00000000,0.00000000,  80.71875,0
1591040811.561306,360,1cfd083f,8,   7.921949,0.83070209,2.22328958,   0.00000,0
1591040811.561873,361,18feee3f,8,   0.000000,0.00000000,0.00000000,  80.71875,0
1591040843.020972,364,1cfd083f,8,   7.921949,0.83070209,2.22328958,   0.00000,0
1591040843.021544,365,18feee3f,8,   0.000000,0.00000000,0.00000000,  80.65625,0
1591040874.482222,368,1cfd083f,8,   7.921949,0.83070209,2.22328958,   0.00000,0
1591040874.482793,369,18feee3f,8,   0.000000,0.00000000,0.00000000,  80.65625,0
1591040905.943453,372,1cfd083f,8,   7.921949,0.83070209,2.22328958,   0.00000,0
1591040905.944034,373,18feee3f,8,   0.000000,0.00000000,0.00000000,  80.65625,0
1591040937.404694,376,1cfd083f,8,   7.968825,0.83042738,2.22280130,   0.00000,0
1591040937.405272,377,18feee3f,8,   0.000000,0.00000000,0.00000000,  80.59375,0
1591040968.865946,380,1cfd083f,8,   7.968825,0.83042738,2.22280130,   0.00000,0
1591040968.866510,381,18feee3f,8,   0.000000,0.00000000,0.00000000,  80.59375,0
1591041000.327163,384,1cfd083f,8,   7.968825,0.83042738,2.22280130,   0.00000,0
1591041000.327725,385,18feee3f,8,   0.000000,0.00000000,0.00000000,  80.59375,0
1591041031.789967,388,1cfd083f,8,   7.937574,0.83115993,2.22304544,   0.00000,0
1591041031.790544,389,18feee3f,8,   0.000000,0.00000000,0.00000000,  80.59375,0
1591041063.249675,392,1cfd083f,8,   7.937574,0.83115993,2.22304544,   0.00000,0
1591041063.250235,393,18feee3f,8,   0.000000,0.00000000,0.00000000,  80.56250,0
1591041094.710909,396,1cfd083f,8,   7.937574,0.83115993,2.22304544,   0.00000,0
1591041094.711454,397,18feee3f,8,   0.000000,0.00000000,0.00000000,  80.56250,0
1591041126.173326,400,1cfd083f,8,   7.937574,0.83115993,2.22304544,   0.00000,0
1591041126.173867,401,18feee3f,8,   0.000000,0.00000000,0.00000000,  80.56250,0
1591041157.633396,404,1cfd083f,8,   7.937574,0.83070209,2.22365580,   0.00000,0
1591041157.633968,405,18feee3f,8,   0.000000,0.00000000,0.00000000,  80.53125,0
1591041189.094646,408,1cfd083f,8,   7.937574,0.83070209,2.22365580,   0.00000,0
1591041189.095185,409,18feee3f,8,   0.000000,0.00000000,0.00000000,  80.53125,0
1591041220.556654,412,1cfd083f,8,   7.937574,0.83070209,2.22365580,   0.00000,0
1591041220.557220,413,18feee3f,8,   0.000000,0.00000000,0.00000000,  80.53125,0
1591041252.017093,416,1cfd083f,8,   7.890699,0.83189247,2.22426615,   0.00000,0
1591041252.017662,417,18feee3f,8,   0.000000,0.00000000,0.00000000,  80.53125,0
1591041283.478367,420,1cfd083f,8,   7.890699,0.83189247,2.22426615,   0.00000,0
1591041283.478941,421,18feee3f,8,   0.000000,0.00000000,0.00000000,  80.53125,0
1591041314.939978,424,1cfd083f,8,   7.890699,0.83189247,2.22426615,   0.00000,0
1591041314.940545,425,18feee3f,8,   0.000000,0.00000000,0.00000000,  80.53125,0
1591041346.400841,428,1cfd083f,8,   7.968825,0.83125149,2.22451030,   0.00000,0
1591041346.401415,429,18feee3f,8,   0.000000,0.00000000,0.00000000,  80.68750,0
1591041377.862103,432,1cfd083f,8,   7.968825,0.83125149,2.22451030,   0.00000,0
1591041377.862667,433,18feee3f,8,   0.000000,0.00000000,0.00000000,  80.68750,0
1591041409.323362,436,1cfd083f,8,   7.968825,0.83125149,2.22451030,   0.00000,0
1591041409.323931,437,18feee3f,8,   0.000000,0.00000000,0.00000000,  80.68750,0
1591041440.784604,440,1cfd083f,8,   7.984450,0.83012216,2.22487651,   0.00000,0
1591041440.785174,441,18feee3f,8,   0.000000,0.00000000,0.00000000,  80.78125,0
1591041472.245863,444,1cfd083f,8,   7.984450,0.83012216,2.22487651,   0.00000,0
1591041472.246409,445,18feee3f,8,   0.000000,0.00000000,0.00000000,  80.78125,0
1591041503.707091,448,1cfd083f,8,   7.984450,0.83012216,2.22487651,   0.00000,0
1591041503.707662,449,18feee3f,8,   0.000000,0.00000000,0.00000000,  80.78125,0
1591041535.168336,452,1cfd083f,8,   7.890699,0.83112940,2.22365580,   0.00000,0
1591041535.168899,453,18feee3f,8,   0.000000,0.00000000,0.00000000,  80.75000,0
1591041566.629583,456,1cfd083f,8,   7.890699,0.83112940,2.22365580,   0.00000,0
1591041566.630153,457,18feee3f,8,   0.000000,0.00000000,0.00000000,  80.75000,0
1591041598.090823,460,1cfd083f,8,   7.890699,0.83112940,2.22365580,   0.00000,0
1591041598.091432,461,18feee3f,8,   0.000000,0.00000000,0.00000000,  80.75000,0
1591041629.552102,464,1cfd083f,8,   7.906324,0.83106836,2.22292337,   0.00000,0
1591041629.552677,465,18feee3f,8,   0.000000,0.00000000,0.00000000,  80.78125,0
1591041661.013347,468,1cfd083f,8,   7.906324,0.83106836,2.22292337,   0.00000,0
1591041661.013918,469,18feee3f,8,   0.000000,0.00000000,0.00000000,  80.81250,0
1591041692.474613,472,1cfd083f,8,   7.906324,0.83106836,2.22292337,   0.00000,0
1591041692.475150,473,18feee3f,8,   0.000000,0.00000000,0.00000000,  80.81250,0
1591041723.937794,476,1cfd083f,8,   7.906324,0.83106836,2.22292337,   0.00000,0
1591041723.938363,477,18feee3f,8,   0.000000,0.00000000,0.00000000,  80.81250,0
1591041755.397109,480,1cfd083f,8,   7.890699,0.83030529,2.22377787,   0.00000,0
1591041755.397672,481,18feee3f,8,   0.000000,0.00000000,0.00000000,  80.81250,0
1591041786.858353,484,1cfd083f,8,   7.890699,0.83030529,2.22377787,   0.00000,0
1591041786.858894,485,18feee3f,8,   0.000000,0.00000000,0.00000000,  80.81250,0
1591041818.321153,488,1cfd083f,8,   7.890699,0.83030529,2.22377787,   0.00000,0
1591041818.321719,489,18feee3f,8,   0.000000,0.00000000,0.00000000,  80.81250,0
1591041849.780878,492,1cfd083f,8,   7.890699,0.83070209,2.22341165,   0.00000,0
1591041849.781443,493,18feee3f,8,   0.000000,0.00000000,0.00000000,  80.87500,0
1591041881.242129,496,1cfd083f,8,   7.890699,0.83070209,2.22341165,   0.00000,0
1591041881.242664,497,18feee3f,8,   0.000000,0.00000000,0.00000000,  80.84375,0
1591041912.704535,500,1cfd083f,8,   7.890699,0.83070209,2.22341165,   0.00000,0
1591041912.705108,501,18feee3f,8,   0.000000,0.00000000,0.00000000,  80.84375,0
1591041944.164625,504,1cfd083f,8,   7.890699,0.83070209,2.22341165,   0.00000,0
1591041944.165167,505,18feee3f,8,   0.000000,0.00000000,0.00000000,  80.84375,0
1591041975.625877,508,1cfd083f,8,   7.890699,0.83076313,2.22292337,   0.00000,0
1591041975.626421,509,18feee3f,8,   0.000000,0.00000000,0.00000000,  80.87500,0
1591042007.087882,512,1cfd083f,8,   7.890699,0.83076313,2.22292337,   0.00000,0
1591042007.088460,513,18feee3f,8,   0.000000,0.00000000,0.00000000,  80.87500,0
1591042038.548368,516,1cfd083f,8,   7.890699,0.83076313,2.22292337,   0.00000,0
1591042038.548948,517,18feee3f,8,   0.000000,0.00000000,0.00000000,  80.87500,0
1591042070.009640,520,1cfd083f,8,   7.875074,0.83115993,2.22353372,   0.00000,0
1591042070.010199,521,18feee3f,8,   0.000000,0.00000000,0.00000000,  80.84375,0
1591042101.471239,524,1cfd083f,8,   7.875074,0.83115993,2.22353372,   0.00000,0
1591042101.471808,525,18feee3f,8,   0.000000,0.00000000,0.00000000,  80.84375,0
1591042132.932146,528,1cfd083f,8,   7.875074,0.83115993,2.22353372,   0.00000,0
1591042132.932707,529,18feee3f,8,   0.000000,0.00000000,0.00000000,  80.84375,0
1591042164.393405,532,1cfd083f,8,   7.906324,0.83039686,2.22316751,   0.00000,0
1591042164.393938,533,18feee3f,8,   0.000000,0.00000000,0.00000000,  80.84375,0
1591042195.854637,536,1cfd083f,8,   7.906324,0.83039686,2.22316751,   0.00000,0
1591042195.855211,537,18feee3f,8,   0.000000,0.00000000,0.00000000,  80.81250,0
1591042227.315882,540,1cfd083f,8,   7.906324,0.83039686,2.22316751,   0.00000,0
1591042227.316449,541,18feee3f,8,   0.000000,0.00000000,0.00000000,  80.81250,0
1591042258.777149,544,1cfd083f,8,   7.906324,0.83039686,2.22316751,   0.00000,0
1591042258.777735,545,18feee3f,8,   0.000000,0.00000000,0.00000000,  80.81250,0
1591042290.238404,548,1cfd083f,8,   7.921949,0.83015268,2.22353372,   0.00000,0
1591042290.238981,549,18feee3f,8,   0.000000,0.00000000,0.00000000,  80.81250,0
1591042321.699659,552,1cfd083f,8,   7.921949,0.83015268,2.22353372,   0.00000,0
1591042321.700231,553,18feee3f,8,   0.000000,0.00000000,0.00000000,  80.81250,0
1591042353.160948,556,1cfd083f,8,   7.921949,0.83015268,2.22353372,   0.00000,0
1591042353.161489,557,18feee3f,8,   0.000000,0.00000000,0.00000000,  80.81250,0
1591042384.622178,560,1cfd083f,8,   7.890699,0.83036634,2.22377787,   0.00000,0
1591042384.622778,561,18feee3f,8,   0.000000,0.00000000,0.00000000,  80.78125,0
1591042416.083444,564,1cfd083f,8,   7.890699,0.83036634,2.22377787,   0.00000,0
1591042416.084011,565,18feee3f,8,   0.000000,0.00000000,0.00000000,  80.78125,0
1591042447.544706,568,1cfd083f,8,   7.890699,0.83036634,2.22377787,   0.00000,0
1591042447.545292,569,18feee3f,8,   0.000000,0.00000000,0.00000000,  80.78125,0
1591042479.007139,572,1cfd083f,8,   7.937574,0.83070209,2.22353372,   0.00000,0
1591042479.007703,573,18feee3f,8,   0.000000,0.00000000,0.00000000,  80.84375,0
1591042510.469197,576,1cfd083f,8,   7.937574,0.83070209,2.22353372,   0.00000,0
1591042510.469755,577,18feee3f,8,   0.000000,0.00000000,0.00000000,  80.84375,0
1591042541.928489,580,1cfd083f,8,   7.937574,0.83070209,2.22353372,   0.00000,0
1591042541.929060,581,18feee3f,8,   0.000000,0.00000000,0.00000000,  80.84375,0
1591042573.389721,584,1cfd083f,8,   7.937574,0.83070209,2.22353372,   0.00000,0
1591042573.390322,585,18feee3f,8,   0.000000,0.00000000,0.00000000,  80.84375,0
1591042604.852572,588,1cfd083f,8,   7.921949,0.83000007,2.22402201,   0.00000,0
1591042604.853140,589,18feee3f,8,   0.000000,0.00000000,0.00000000,  80.78125,0
1591042636.312274,592,1cfd083f,8,   7.921949,0.83000007,2.22402201,   0.00000,0
1591042636.312837,593,18feee3f,8,   0.000000,0.00000000,0.00000000,  80.78125,0
1591042667.773511,596,1cfd083f,8,   7.921949,0.83000007,2.22402201,   0.00000,0
1591042667.774093,597,18feee3f,8,   0.000000,0.00000000,0.00000000,  80.78125,0
1591042699.235926,600,1cfd083f,8,   7.953200,0.82975589,2.22414408,   0.00000,0
1591042699.236504,601,18feee3f,8,   0.000000,0.00000000,0.00000000,  80.81250,0
1591042730.696047,604,1cfd083f,8,   7.953200,0.82975589,2.22414408,   0.00000,0
1591042730.696589,605,18feee3f,8,   0.000000,0.00000000,0.00000000,  80.81250,0
1591042762.157281,608,1cfd083f,8,   7.953200,0.82975589,2.22414408,   0.00000,0
1591042762.157860,609,18feee3f,8,   0.000000,0.00000000,0.00000000,  80.81250,0
1591042793.618568,612,1cfd083f,8,   7.937574,0.83000007,2.22304544,   0.00000,0
1591042793.619113,613,18feee3f,8,   0.000000,0.00000000,0.00000000,  80.78125,0
1591042825.079833,616,1cfd083f,8,   7.937574,0.83000007,2.22304544,   0.00000,0
1591042825.080378,617,18feee3f,8,   0.000000,0.00000000,0.00000000,  80.78125,0
1591042856.541062,620,1cfd083f,8,   7.937574,0.83000007,2.22304544,   0.00000,0
1591042856.541663,621,18feee3f,8,   0.000000,0.00000000,0.00000000,  80.78125,0
1591042888.002326,624,1cfd083f,8,   7.890699,0.83036634,2.22438823,   0.00000,0
1591042888.002903,625,18feee3f,8,   0.000000,0.00000000,0.00000000,  80.78125,0
1591042919.463596,628,1cfd083f,8,   7.890699,0.83036634,2.22438823,   0.00000,0
1591042919.464135,629,18feee3f,8,   0.000000,0.00000000,0.00000000,  80.78125,0
1591042950.924849,632,1cfd083f,8,   7.890699,0.83036634,2.22438823,   0.00000,0
1591042950.925414,633,18feee3f,8,   0.000000,0.00000000,0.00000000,  80.78125,0
1591042982.386076,636,1cfd083f,8,   7.937574,0.83109888,2.22402201,   0.00000,0
1591042982.386657,637,18feee3f,8,   0.000000,0.00000000,0.00000000,  80.78125,0
1591043013.847347,640,1cfd083f,8,   7.937574,0.83109888,2.22402201,   0.00000,0
1591043013.847932,641,18feee3f,8,   0.000000,0.00000000,0.00000000,  80.78125,0
1591043045.308596,644,1cfd083f,8,   7.937574,0.83109888,2.22402201,   0.00000,0
1591043045.309165,645,18feee3f,8,   0.000000,0.00000000,0.00000000,  80.78125,0
1591043076.771820,648,1cfd083f,8,   7.921949,0.83033582,2.22365580,   0.00000,0
1591043076.772390,649,18feee3f,8,   0.000000,0.00000000,0.00000000,  80.78125,0
1591043108.231109,652,1cfd083f,8,   7.921949,0.83033582,2.22365580,   0.00000,0
1591043108.231684,653,18feee3f,8,   0.000000,0.00000000,0.00000000,  80.78125,0
1591043139.692389,656,1cfd083f,8,   7.921949,0.83033582,2.22365580,   0.00000,0
1591043139.692944,657,18feee3f,8,   0.000000,0.00000000,0.00000000,  80.78125,0
1591043171.155199,660,1cfd083f,8,   7.890699,0.83051895,2.22389994,   0.00000,0
1591043171.155775,661,18feee3f,8,   0.000000,0.00000000,0.00000000,  80.78125,0
1591043202.614886,664,1cfd083f,8,   7.890699,0.83051895,2.22389994,   0.00000,0
1591043202.615460,665,18feee3f,8,   0.000000,0.00000000,0.00000000,  80.78125,0
1591043234.076140,668,1cfd083f,8,   7.890699,0.83051895,2.22389994,   0.00000,0
1591043234.076729,669,18feee3f,8,   0.000000,0.00000000,0.00000000,  80.78125,0
1591043265.537425,672,1cfd083f,8,   7.890699,0.83051895,2.22389994,   0.00000,0
1591043265.538020,673,18feee3f,8,   0.000000,0.00000000,0.00000000,  80.78125,0
1591043297.000628,676,1cfd083f,8,   7.875074,0.83094627,2.22353372,   0.00000,0
1591043297.001201,677,18feee3f,8,   0.000000,0.00000000,0.00000000,  80.75000,0
1591043328.459939,680,1cfd083f,8,   7.875074,0.83094627,2.22353372,   0.00000,0
1591043328.460482,681,18feee3f,8,   0.000000,0.00000000,0.00000000,  80.75000,0
1591043359.921161,684,1cfd083f,8,   7.875074,0.83094627,2.22353372,   0.00000,0
1591043359.921753,685,18feee3f,8,   0.000000,0.00000000,0.00000000,  80.75000,0
1591043391.382423,688,1cfd083f,8,   7.921949,0.83015268,2.22304544,   0.00000,0
1591043391.382982,689,18feee3f,8,   0.000000,0.00000000,0.00000000,  80.71875,0
1591043422.843684,692,1cfd083f,8,   7.921949,0.83015268,2.22304544,   0.00000,0
1591043422.844251,693,18feee3f,8,   0.000000,0.00000000,0.00000000,  80.71875,0
1591043454.304939,696,1cfd083f,8,   7.921949,0.83015268,2.22304544,   0.00000,0
1591043454.305525,697,18feee3f,8,   0.000000,0.00000000,0.00000000,  80.71875,0
1591043485.767341,700,1cfd083f,8,   7.906324,0.83085470,2.22414408,   0.00000,0
1591043485.767920,701,18feee3f,8,   0.000000,0.00000000,0.00000000,  80.71875,0
1591043517.227437,704,1cfd083f,8,   7.906324,0.83085470,2.22414408,   0.00000,0
1591043517.228015,705,18feee3f,8,   0.000000,0.00000000,0.00000000,  80.71875,0
1591043548.688708,708,1cfd083f,8,   7.906324,0.83085470,2.22414408,   0.00000,0
1591043548.689286,709,18feee3f,8,   0.000000,0.00000000,0.00000000,  80.71875,0
1591043580.150728,712,1cfd083f,8,   7.906324,0.83085470,2.22414408,   0.00000,0
1591043580.151304,713,18feee3f,8,   0.000000,0.00000000,0.00000000,  80.71875,0
1591043611.611210,716,1cfd083f,8,   7.921949,0.83082418,2.22280130,   0.00000,0
1591043611.611784,717,18feee3f,8,   0.000000,0.00000000,0.00000000,  80.71875,0
1591043643.072491,720,1cfd083f,8,   7.921949,0.83082418,2.22280130,   0.00000,0
1591043643.073034,721,18feee3f,8,   0.000000,0.00000000,0.00000000,  80.71875,0
1591043674.534083,724,1cfd083f,8,   7.921949,0.83082418,2.22280130,   0.00000,0
1591043674.534658,725,18feee3f,8,   0.000000,0.00000000,0.00000000,  80.71875,0
1591043705.994993,728,1cfd083f,8,   7.921949,0.83082418,2.22280130,   0.00000,0
1591043705.995546,729,18feee3f,8,   0.000000,0.00000000,0.00000000,  80.71875,0
1591043737.456237,732,1cfd083f,8,   7.906324,0.83140411,2.22341165,   0.00000,0
1591043737.456838,733,18feee3f,8,   0.000000,0.00000000,0.00000000,  80.71875,0
1591043768.917525,736,1cfd083f,8,   7.906324,0.83140411,2.22341165,   0.00000,0
1591043768.918076,737,18feee3f,8,   0.000000,0.00000000,0.00000000,  80.71875,0
1591043800.378763,740,1cfd083f,8,   7.906324,0.83140411,2.22341165,   0.00000,0
1591043800.379341,741,18feee3f,8,   0.000000,0.00000000,0.00000000,  80.71875,0
1591043831.840012,744,1cfd083f,8,   7.890699,0.83079366,2.23012559,   0.00000,0
1591043831.840568,745,18feee3f,8,   0.000000,0.00000000,0.00000000,  80.71875,0
1591043863.301282,748,1cfd083f,8,   7.890699,0.83079366,2.23012559,   0.00000,0
1591043863.301857,749,18feee3f,8,   0.000000,0.00000000,0.00000000,  80.71875,0
1591043894.762532,752,1cfd083f,8,   7.890699,0.83079366,2.23012559,   0.00000,0
1591043894.763107,753,18feee3f,8,   0.000000,0.00000000,0.00000000,  80.71875,0
1591043926.223778,756,1cfd083f,8,   7.921949,0.83015268,2.23134631,   0.00000,0
1591043926.224377,757,18feee3f,8,   0.000000,0.00000000,0.00000000,  80.65625,0
1591043957.685048,760,1cfd083f,8,   7.921949,0.83015268,2.23134631,   0.00000,0
1591043957.685603,761,18feee3f,8,   0.000000,0.00000000,0.00000000,  80.65625,0
1591043989.146306,764,1cfd083f,8,   7.921949,0.83015268,2.23134631,   0.00000,0
1591043989.146890,765,18feee3f,8,   0.000000,0.00000000,0.00000000,  80.65625,0
1591044020.607556,768,1cfd083f,8,   7.953200,0.82987798,2.23012559,   0.00000,0
1591044020.608119,769,18feee3f,8,   0.000000,0.00000000,0.00000000,  80.65625,0
1591044052.068830,772,1cfd083f,8,   7.953200,0.82987798,2.23012559,   0.00000,0
1591044052.069372,773,18feee3f,8,   0.000000,0.00000000,0.00000000,  80.65625,0
1591044083.532024,776,1cfd083f,8,   7.953200,0.82987798,2.23012559,   0.00000,0
1591044083.532598,777,18feee3f,8,   0.000000,0.00000000,0.00000000,  80.65625,0
1591044114.991335,780,1cfd083f,8,   7.921949,0.83079366,2.23024766,   0.00000,0
1591044114.991909,781,18feee3f,8,   0.000000,0.00000000,0.00000000,  80.68750,0
1591044146.452579,784,1cfd083f,8,   7.921949,0.83079366,2.23024766,   0.00000,0
1591044146.453152,785,18feee3f,8,   0.000000,0.00000000,0.00000000,  80.68750,0
1591044177.915413,788,1cfd083f,8,   7.921949,0.83079366,2.23024766,   0.00000,0
1591044177.915957,789,18feee3f,8,   0.000000,0.00000000,0.00000000,  80.68750,0
1591044209.375157,792,1cfd083f,8,   7.921949,0.83079366,2.23024766,   0.00000,0
1591044209.375664,793,18feee3f,8,   0.000000,0.00000000,0.00000000,  80.68750,0
1591044240.836700,796,1cfd083f,8,   7.921949,0.83088522,2.23012559,   0.00000,0
1591044240.837273,797,18feee3f,8,   0.000000,0.00000000,0.00000000,  80.62500,0
1591044272.298769,800,1cfd083f,8,   7.921949,0.83088522,2.23012559,   0.00000,0
1591044272.299362,801,18feee3f,8,   0.000000,0.00000000,0.00000000,  80.62500,0
1591044303.758845,804,1cfd083f,8,   7.921949,0.83088522,2.23012559,   0.00000,0
1591044303.759408,805,18feee3f,8,   0.000000,0.00000000,0.00000000,  80.62500,0
1591044335.220049,808,1cfd083f,8,   7.953200,0.83061052,2.22914902,   0.00000,0
1591044335.220685,809,18feee3f,8,   0.000000,0.00000000,0.00000000,  80.71875,0
1591044366.682021,812,1cfd083f,8,   7.953200,0.83061052,2.22914902,   0.00000,0
1591044366.682591,813,18feee3f,8,   0.000000,0.00000000,0.00000000,  80.71875,0
1591044398.142477,816,1cfd083f,8,   7.953200,0.83061052,2.22914902,   0.00000,0
1591044398.143061,817,18feee3f,8,   0.000000,0.00000000,0.00000000,  80.71875,0
1591044429.603671,820,1cfd083f,8,   7.921949,0.83033582,2.22951523,   0.00000,0
1591044429.604244,821,18feee3f,8,   0.000000,0.00000000,0.00000000,  80.78125,0
1591044461.065271,824,1cfd083f,8,   7.921949,0.83033582,2.22951523,   0.00000,0
1591044461.065829,825,18feee3f,8,   0.000000,0.00000000,0.00000000,  80.78125,0
1591044492.526115,828,1cfd083f,8,   7.921949,0.83033582,2.22951523,   0.00000,0
1591044492.526695,829,18feee3f,8,   0.000000,0.00000000,0.00000000,  80.78125,0
1591044523.987331,832,1cfd083f,8,   7.921949,0.83033582,2.22951523,   0.00000,0
1591044523.987910,833,18feee3f,8,   0.000000,0.00000000,0.00000000,  80.78125,0
1591044555.448561,836,1cfd083f,8,   7.968825,0.82957275,2.22988145,   0.00000,0
1591044555.449136,837,18feee3f,8,   0.000000,0.00000000,0.00000000,  80.81250,0
1591044586.909784,840,1cfd083f,8,   7.968825,0.82957275,2.22988145,   0.00000,0
1591044586.910351,841,18feee3f,8,   0.000000,0.00000000,0.00000000,  80.81250,0
1591044618.371010,844,1cfd083f,8,   7.968825,0.82957275,2.22988145,   0.00000,0
1591044618.371586,845,18feee3f,8,   0.000000,0.00000000,0.00000000,  80.81250,0
1591044649.832243,848,1cfd083f,8,   7.937574,0.83012216,2.22438823,   0.00000,0
1591044649.832811,849,18feee3f,8,   0.000000,0.00000000,0.00000000,  80.84375,0
1591044681.293471,852,1cfd083f,8,   7.937574,0.83012216,2.22438823,   0.00000,0
1591044681.294053,853,18feee3f,8,   0.000000,0.00000000,0.00000000,  80.84375,0
1591044712.754693,856,1cfd083f,8,   7.937574,0.83012216,2.22438823,   0.00000,0
1591044712.755261,857,18feee3f,8,   0.000000,0.00000000,0.00000000,  80.84375,0
1591044744.215917,860,1cfd083f,8,   7.921949,0.83051895,2.22341165,   0.00000,0
1591044744.216484,861,18feee3f,8,   0.000000,0.00000000,0.00000000,  80.84375,0
1591044775.677145,864,1cfd083f,8,   7.921949,0.83051895,2.22341165,   0.00000,0
1591044775.677725,865,18feee3f,8,   0.000000,0.00000000,0.00000000,  80.84375,0
1591044807.138406,868,1cfd083f,8,   7.921949,0.83051895,2.22341165,   0.00000,0
1591044807.138975,869,18feee3f,8,   0.000000,0.00000000,0.00000000,  80.84375,0
1591044838.600771,872,1cfd083f,8,   7.859449,0.83082418,2.22328958,   0.00000,0
1591044838.601331,873,18feee3f,8,   0.000000,0.00000000,0.00000000,  80.90625,0
1591044870.062816,876,1cfd083f,8,   7.859449,0.83082418,2.22328958,   0.00000,0
1591044870.063391,877,18feee3f,8,   0.000000,0.00000000,0.00000000,  80.90625,0
1591044901.522089,880,1cfd083f,8,   7.859449,0.83082418,2.22328958,   0.00000,0
1591044901.522673,881,18feee3f,8,   0.000000,0.00000000,0.00000000,  80.90625,0
1591044932.983328,884,1cfd083f,8,   7.921949,0.83018320,2.22328958,   0.00000,0
1591044932.983874,885,18feee3f,8,   0.000000,0.00000000,0.00000000,  80.84375,0
1591044964.446142,888,1cfd083f,8,   7.921949,0.83018320,2.22328958,   0.00000,0
1591044964.446708,889,18feee3f,8,   0.000000,0.00000000,0.00000000,  80.84375,0
1591044995.905819,892,1cfd083f,8,   7.921949,0.83018320,2.22328958,   0.00000,0
1591044995.906356,893,18feee3f,8,   0.000000,0.00000000,0.00000000,  80.84375,0
1591045027.367404,896,1cfd083f,8,   7.859449,0.83085470,2.22316751,   0.00000,0
1591045027.367983,897,18feee3f,8,   0.000000,0.00000000,0.00000000,  80.78125,0
1591045058.829453,900,1cfd083f,8,   7.859449,0.83085470,2.22316751,   0.00000,0
1591045058.830019,901,18feee3f,8,   0.000000,0.00000000,0.00000000,  80.78125,0
1591045090.289534,904,1cfd083f,8,   7.859449,0.83085470,2.22316751,   0.00000,0
1591045090.290087,905,18feee3f,8,   0.000000,0.00000000,0.00000000,  80.78125,0
1591045121.750765,908,1cfd083f,8,   7.906324,0.83051895,2.22402201,   0.00000,0
1591045121.751332,909,18feee3f,8,   0.000000,0.00000000,0.00000000,  80.75000,0
1591045153.212782,912,1cfd083f,8,   7.906324,0.83051895,2.22402201,   0.00000,0
1591045153.213336,913,18feee3f,8,   0.000000,0.00000000,0.00000000,  80.75000,0
1591045184.673244,916,1cfd083f,8,   7.906324,0.83051895,2.22402201,   0.00000,0
1591045184.673820,917,18feee3f,8,   0.000000,0.00000000,0.00000000,  80.75000,0
1591045216.134493,920,1cfd083f,8,   7.906324,0.83064104,2.22316751,   0.00000,0
1591045216.135057,921,18feee3f,8,   0.000000,0.00000000,0.00000000,  80.78125,0
1591045247.596101,924,1cfd083f,8,   7.906324,0.83064104,2.22316751,   0.00000,0
1591045247.596677,925,18feee3f,8,   0.000000,0.00000000,0.00000000,  80.75000,0
1591045279.056990,928,1cfd083f,8,   7.906324,0.83064104,2.22316751,   0.00000,0
1591045279.057543,929,18feee3f,8,   0.000000,0.00000000,0.00000000,  80.75000,0
1591045310.518205,932,1cfd083f,8,   7.906324,0.83064104,2.22316751,   0.00000,0
1591045310.518781,933,18feee3f,8,   0.000000,0.00000000,0.00000000,  80.75000,0
1591045341.979460,936,1cfd083f,8,   7.937574,0.83058000,2.22377787,   0.00000,0
1591045341.980048,937,18feee3f,8,   0.000000,0.00000000,0.00000000,  80.78125,0
1591045373.440725,940,1cfd083f,8,   7.937574,0.83058000,2.22377787,   0.00000,0
1591045373.441282,941,18feee3f,8,   0.000000,0.00000000,0.00000000,  80.78125,0
1591045404.901980,944,1cfd083f,8,   7.937574,0.83058000,2.22377787,   0.00000,0
1591045404.902558,945,18feee3f,8,   0.000000,0.00000000,0.00000000,  80.78125,0
1591045436.365180,948,1cfd083f,8,   7.921949,0.83045791,2.22267922,   0.00000,0
1591045436.365746,949,18feee3f,8,   0.000000,0.00000000,0.00000000,  80.78125,0
1591045467.824467,952,1cfd083f,8,   7.921949,0.83045791,2.22267922,   0.00000,0
1591045467.825033,953,18feee3f,8,   0.000000,0.00000000,0.00000000,  80.78125,0
1591045499.285697,956,1cfd083f,8,   7.921949,0.83045791,2.22267922,   0.00000,0
1591045499.286264,957,18feee3f,8,   0.000000,0.00000000,0.00000000,  80.78125,0
1591045530.746958,960,1cfd083f,8,   7.921949,0.83045791,2.22267922,   0.00000,0
1591045530.747533,961,18feee3f,8,   0.000000,0.00000000,0.00000000,  80.78125,0
1591045562.208210,964,1cfd083f,8,   7.921949,0.83134306,2.22316751,   0.00000,0
1591045562.208753,965,18feee3f,8,   0.000000,0.00000000,0.00000000,  80.78125,0
1591045593.669428,968,1cfd083f,8,   7.921949,0.83134306,2.22316751,   0.00000,0
1591045593.670020,969,18feee3f,8,   0.000000,0.00000000,0.00000000,  80.78125,0
1591045625.130701,972,1cfd083f,8,   7.921949,0.83134306,2.22316751,   0.00000,0
1591045625.131269,973,18feee3f,8,   0.000000,0.00000000,0.00000000,  80.78125,0
1591045656.591931,976,1cfd083f,8,   7.953200,0.83128202,2.22377787,   0.00000,0
1591045656.592511,977,18feee3f,8,   0.000000,0.00000000,0.00000000,  80.78125,0
1591045688.053195,980,1cfd083f,8,   7.953200,0.83128202,2.22377787,   0.00000,0
1591045688.053769,981,18feee3f,8,   0.000000,0.00000000,0.00000000,  80.78125,0
1591045719.514439,984,1cfd083f,8,   7.953200,0.83128202,2.22377787,   0.00000,0
1591045719.515009,985,18feee3f,8,   0.000000,0.00000000,0.00000000,  80.78125,0
1591045750.977242,988,1cfd083f,8,   7.953200,0.83128202,2.22377787,   0.00000,0
1591045750.977807,989,18feee3f,8,   0.000000,0.00000000,0.00000000,  80.78125,0
1591045782.436937,992,1cfd083f,8,   0.515630,0.83018320,2.22365580,   0.00000,0
1591045782.437509,993,18feee3f,8,   0.000000,0.00000000,0.00000000,  80.71875,0
1591045813.898220,996,1cfd083f,8,   0.515630,0.83018320,2.22365580,   0.00000,0
1591045813.898734,997,18feee3f,8,   0.000000,0.00000000,0.00000000,  80.71875,0
1591045845.360593,1000,1cfd083f,8,   0.515630,0.83018320,2.22365580,   0.00000,0
1591045845.361165,1001,18feee3f,8,   0.000000,0.00000000,0.00000000,  80.71875,0
1591045876.820654,1004,1cfd083f,8,   0.531255,0.83000007,2.22292337,   0.00000,0
1591045876.821223,1005,18feee3f,8,   0.000000,0.00000000,0.00000000,  80.65625,0
1591045908.281904,1008,1cfd083f,8,   0.531255,0.83000007,2.22292337,   0.00000,0
1591045908.282474,1009,18feee3f,8,   0.000000,0.00000000,0.00000000,  80.65625,0
1591045939.743924,1012,1cfd083f,8,   0.531255,0.83000007,2.22292337,   0.00000,0
1591045939.744459,1013,18feee3f,8,   0.000000,0.00000000,0.00000000,  80.65625,0
1591045971.204407,1016,1cfd083f,8,   0.515630,0.83024425,2.22328958,   0.00000,0
1591045971.204978,1017,18feee3f,8,   0.000000,0.00000000,0.00000000,  80.62500,0
1591046002.665638,1020,1cfd083f,8,   0.515630,0.83024425,2.22328958,   0.00000,0
1591046002.666204,1021,18feee3f,8,   0.000000,0.00000000,0.00000000,  80.62500,0
1591046034.127269,1024,1cfd083f,8,   0.515630,0.83024425,2.22328958,   0.00000,0
1591046034.127811,1025,18feee3f,8,   0.000000,0.00000000,0.00000000,  80.62500,0
1591046065.588143,1028,1cfd083f,8,   0.515630,0.83024425,2.22328958,   0.00000,0
1591046065.588715,1029,18feee3f,8,   0.000000,0.00000000,0.00000000,  80.62500,0
1591046097.049372,1032,1cfd083f,8,   0.515630,0.83155672,2.22341165,   0.00000,0
1591046097.049949,1033,18feee3f,8,   0.000000,0.00000000,0.00000000,  80.68750,0
1591046128.510628,1036,1cfd083f,8,   0.515630,0.83155672,2.22341165,   0.00000,0
1591046128.511193,1037,18feee3f,8,   0.000000,0.00000000,0.00000000,  80.68750,0
1591046159.971891,1040,1cfd083f,8,   0.515630,0.83155672,2.22341165,   0.00000,0
1591046159.972426,1041,18feee3f,8,   0.000000,0.00000000,0.00000000,  80.68750,0
1591046191.433117,1044,1cfd083f,8,   0.515630,0.83054947,2.22451030,   0.00000,0
1591046191.433661,1045,18feee3f,8,   0.000000,0.00000000,0.00000000,  80.71875,0
1591046222.894350,1048,1cfd083f,8,   0.515630,0.83054947,2.22451030,   0.00000,0
1591046222.894920,1049,18feee3f,8,   0.000000,0.00000000,0.00000000,  80.71875,0
1591046254.355591,1052,1cfd083f,8,   0.515630,0.83054947,2.22451030,   0.00000,0
1591046254.356150,1053,18feee3f,8,   0.000000,0.00000000,0.00000000,  80.71875,0
1591046285.816857,1056,1cfd083f,8,   0.593756,0.83006111,2.22341165,   0.00000,0
1591046285.817400,1057,18feee3f,8,   0.000000,0.00000000,0.00000000,  80.75000,0
1591046317.278098,1060,1cfd083f,8,   0.593756,0.83006111,2.22341165,   0.00000,0
1591046317.278654,1061,18feee3f,8,   0.000000,0.00000000,0.00000000,  80.75000,0
1591046348.739356,1064,1cfd083f,8,   0.593756,0.83006111,2.22341165,   0.00000,0
1591046348.739900,1065,18feee3f,8,   0.000000,0.00000000,0.00000000,  80.75000,0
1591046380.200499,1068,1cfd083f,8,   0.593756,0.83006111,2.22341165,   0.00000,0
1591046380.201072,1069,18feee3f,8,   0.000000,0.00000000,0.00000000,  80.75000,0
1591046411.661636,1072,1cfd083f,8,   0.546880,0.83036634,2.22341165,   0.00000,0
1591046411.662207,1073,18feee3f,8,   0.000000,0.00000000,0.00000000,  80.75000,0
1591046443.124773,1076,1cfd083f,8,   0.546880,0.83036634,2.22341165,   0.00000,0
1591046443.125351,1077,18feee3f,8,   0.000000,0.00000000,0.00000000,  80.75000,0
1591046474.583993,1080,1cfd083f,8,   0.546880,0.83036634,2.22341165,   0.00000,0
1591046474.584589,1081,18feee3f,8,   0.000000,0.00000000,0.00000000,  80.75000,0
1591046506.045932,1084,1cfd083f,8,   7.953200,0.83048843,2.22280130,   0.00000,0
1591046506.046501,1085,18feee3f,8,   0.000000,0.00000000,0.00000000,  80.68750,0
1591046537.507913,1088,1cfd083f,8,   7.953200,0.83048843,2.22280130,   0.00000,0
1591046537.508483,1089,18feee3f,8,   0.000000,0.00000000,0.00000000,  80.65625,0
1591046568.967521,1092,1cfd083f,8,   7.953200,0.83048843,2.22280130,   0.00000,0
1591046568.968087,1093,18feee3f,8,   0.000000,0.00000000,0.00000000,  80.65625,0
1591046600.428726,1096,1cfd083f,8,   7.953200,0.83048843,2.22280130,   0.00000,0
1591046600.429291,1097,18feee3f,8,   0.000000,0.00000000,0.00000000,  80.65625,0
1591046631.889894,1100,1cfd083f,8,   7.921949,0.83079366,2.22389994,   0.00000,0
1591046631.890471,1101,18feee3f,8,   0.000000,0.00000000,0.00000000,  80.65625,0
1591046663.351075,1104,1cfd083f,8,   7.921949,0.83079366,2.22389994,   0.00000,0
1591046663.351645,1105,18feee3f,8,   0.000000,0.00000000,0.00000000,  80.65625,0
1591046694.812259,1108,1cfd083f,8,   7.921949,0.83079366,2.22389994,   0.00000,0
1591046694.812827,1109,18feee3f,8,   0.000000,0.00000000,0.00000000,  80.65625,0
1591046726.273488,1112,1cfd083f,8,   7.921949,0.83045791,2.22255715,   0.00000,0
1591046726.274018,1113,18feee3f,8,   0.000000,0.00000000,0.00000000,  80.65625,0
1591046757.734663,1116,1cfd083f,8,   7.921949,0.83045791,2.22255715,   0.00000,0
1591046757.735228,1117,18feee3f,8,   0.000000,0.00000000,0.00000000,  80.65625,0
1591046789.195856,1120,1cfd083f,8,   7.921949,0.83045791,2.22255715,   0.00000,0
1591046789.196427,1121,18feee3f,8,   0.000000,0.00000000,0.00000000,  80.65625,0
1591046820.657429,1124,1cfd083f,8,   7.937574,0.82990850,2.22389994,   0.00000,0
1591046820.658000,1125,18feee3f,8,   0.000000,0.00000000,0.00000000,  80.65625,0
1591046852.118263,1128,1cfd083f,8,   7.937574,0.82990850,2.22389994,   0.00000,0
1591046852.118838,1129,18feee3f,8,   0.000000,0.00000000,0.00000000,  80.65625,0
1591046883.579447,1132,1cfd083f,8,   7.937574,0.82990850,2.22389994,   0.00000,0
1591046883.580027,1133,18feee3f,8,   0.000000,0.00000000,0.00000000,  80.65625,0
1591046915.040665,1136,1cfd083f,8,   7.921949,0.83079366,2.22426615,   0.00000,0
1591046915.041240,1137,18feee3f,8,   0.000000,0.00000000,0.00000000,  80.65625,0
1591046946.501851,1140,1cfd083f,8,   7.921949,0.83079366,2.22426615,   0.00000,0
1591046946.502437,1141,18feee3f,8,   0.000000,0.00000000,0.00000000,  80.65625,0
1591046977.963082,1144,1cfd083f,8,   7.921949,0.83079366,2.22426615,   0.00000,0
1591046977.963646,1145,18feee3f,8,   0.000000,0.00000000,0.00000000,  80.65625,0
1591047009.426253,1148,1cfd083f,8,   0.515630,0.82963380,2.22377787,   0.00000,0
1591047009.426824,1149,18feee3f,8,   0.000000,0.00000000,0.00000000,  80.65625,0
1591047040.885498,1152,1cfd083f,8,   0.515630,0.82963380,2.22377787,   0.00000,0
1591047040.886069,1153,18feee3f,8,   0.000000,0.00000000,0.00000000,  80.65625,0
1591047072.346713,1156,1cfd083f,8,   0.515630,0.82963380,2.22377787,   0.00000,0
1591047072.347276,1157,18feee3f,8,   0.000000,0.00000000,0.00000000,  80.65625,0
1591047103.809493,1160,1cfd083f,8,   7.953200,0.83021373,2.22414408,   0.00000,0
1591047103.810082,1161,18feee3f,8,   0.000000,0.00000000,0.00000000,  80.59375,0
1591047135.269135,1164,1cfd083f,8,   7.953200,0.83021373,2.22414408,   0.00000,0
1591047135.269728,1165,18feee3f,8,   0.000000,0.00000000,0.00000000,  80.62500,0
1591047166.730367,1168,1cfd083f,8,   7.953200,0.83021373,2.22414408,   0.00000,0
1591047166.730942,1169,18feee3f,8,   0.000000,0.00000000,0.00000000,  80.62500,0
1591047198.192750,1172,1cfd083f,8,   7.968825,0.83048843,2.22353372,   0.00000,0
1591047198.193317,1173,18feee3f,8,   0.000000,0.00000000,0.00000000,  80.62500,0
1591047229.654752,1176,1cfd083f,8,   7.968825,0.83048843,2.22353372,   0.00000,0
1591047229.655331,1177,18feee3f,8,   0.000000,0.00000000,0.00000000,  80.59375,0
1591047261.114000,1180,1cfd083f,8,   7.968825,0.83048843,2.22353372,   0.00000,0
1591047261.114568,1181,18feee3f,8,   0.000000,0.00000000,0.00000000,  80.59375,0
1591047292.575231,1184,1cfd083f,8,   7.968825,0.83048843,2.22353372,   0.00000,0
1591047292.575806,1185,18feee3f,8,   0.000000,0.00000000,0.00000000,  80.59375,0
1591047324.038029,1188,1cfd083f,8,   7.953200,0.83015268,2.22389994,   0.00000,0
1591047324.038598,1189,18feee3f,8,   0.000000,0.00000000,0.00000000,  80.53125,0
1591047355.497686,1192,1cfd083f,8,   7.953200,0.83015268,2.22389994,   0.00000,0
1591047355.498229,1193,18feee3f,8,   0.000000,0.00000000,0.00000000,  80.53125,0
1591047386.958908,1196,1cfd083f,8,   7.953200,0.83015268,2.22389994,   0.00000,0
1591047386.959443,1197,18feee3f,8,   0.000000,0.00000000,0.00000000,  80.53125,0
1591047418.420122,1200,1cfd083f,8,   7.937574,0.83134306,2.22463237,   0.00000,0
1591047418.420680,1201,18feee3f,8,   0.000000,0.00000000,0.00000000,  80.59375,0
1591047449.881325,1204,1cfd083f,8,   7.937574,0.83134306,2.22463237,   0.00000,0
1591047449.881892,1205,18feee3f,8,   0.000000,0.00000000,0.00000000,  80.59375,0
1591047481.342550,1208,1cfd083f,8,   7.937574,0.83134306,2.22463237,   0.00000,0
1591047481.343136,1209,18feee3f,8,   0.000000,0.00000000,0.00000000,  80.59375,0
1591047512.804529,1212,1cfd083f,8,   7.937574,0.83134306,2.22463237,   0.00000,0
1591047512.805112,1213,18feee3f,8,   0.000000,0.00000000,0.00000000,  80.59375,0
1591047544.265005,1216,1cfd083f,8,   7.968825,0.83024425,2.22402201,   0.00000,0
1591047544.265549,1217,18feee3f,8,   0.000000,0.00000000,0.00000000,  80.62500,0
1591047575.726228,1220,1cfd083f,8,   7.968825,0.83024425,2.22402201,   0.00000,0
1591047575.726773,1221,18feee3f,8,   0.000000,0.00000000,0.00000000,  80.62500,0
1591047607.187807,1224,1cfd083f,8,   7.968825,0.83024425,2.22402201,   0.00000,0
1591047607.188374,1225,18feee3f,8,   0.000000,0.00000000,0.00000000,  80.62500,0
1591047638.648661,1228,1cfd083f,8,   7.953200,0.83024425,2.22377787,   0.00000,0
1591047638.649236,1229,18feee3f,8,   0.000000,0.00000000,0.00000000,  80.62500,0
1591047670.109893,1232,1cfd083f,8,   7.953200,0.83024425,2.22377787,   0.00000,0
1591047670.110460,1233,18feee3f,8,   0.000000,0.00000000,0.00000000,  80.62500,0
1591047701.571102,1236,1cfd083f,8,   7.953200,0.83024425,2.22377787,   0.00000,0
1591047701.571676,1237,18feee3f,8,   0.000000,0.00000000,0.00000000,  80.62500,0
1591047733.032326,1240,1cfd083f,8,   7.953200,0.83024425,2.22377787,   0.00000,0
1591047733.032901,1241,18feee3f,8,   0.000000,0.00000000,0.00000000,  80.62500,0
1591047764.493575,1244,1cfd083f,8,   7.921949,0.83054947,2.22463237,   0.00000,0
1591047764.494152,1245,18feee3f,8,   0.000000,0.00000000,0.00000000,  80.62500,0
1591047795.954794,1248,1cfd083f,8,   7.921949,0.83054947,2.22463237,   0.00000,0
1591047795.955368,1249,18feee3f,8,   0.000000,0.00000000,0.00000000,  80.62500,0
1591047827.416027,1252,1cfd083f,8,   7.953200,0.83061052,2.22451030,   0.00000,0
1591047827.416566,1253,18feee3f,8,   0.000000,0.00000000,0.00000000,  80.65625,0
1591047858.877254,1256,1cfd083f,8,   7.953200,0.83061052,2.22451030,   0.00000,0
1591047858.877820,1257,18feee3f,8,   0.000000,0.00000000,0.00000000,  80.65625,0
1591047890.338489,1260,1cfd083f,8,   7.953200,0.83061052,2.22451030,   0.00000,0
1591047890.339026,1261,18feee3f,8,   0.000000,0.00000000,0.00000000,  80.65625,0
1591047921.799724,1264,1cfd083f,8,   7.953200,0.83061052,2.22451030,   0.00000,0
1591047921.800262,1265,18feee3f,8,   0.000000,0.00000000,0.00000000,  80.65625,0
1591047953.260907,1268,1cfd083f,8,   7.984450,0.83000007,2.22389994,   0.00000,0
1591047953.261501,1269,18feee3f,8,   0.000000,0.00000000,0.00000000,  80.65625,0
1591047984.722141,1272,1cfd083f,8,   7.984450,0.83000007,2.22389994,   0.00000,0
1591047984.722715,1273,18feee3f,8,   0.000000,0.00000000,0.00000000,  80.62500,0
1591048016.185330,1276,1cfd083f,8,   7.984450,0.83000007,2.22389994,   0.00000,0
1591048016.185906,1277,18feee3f,8,   0.000000,0.00000000,0.00000000,  80.62500,0
1591048047.644627,1280,1cfd083f,8,   7.984450,0.83000007,2.22389994,   0.00000,0
1591048047.645165,1281,18feee3f,8,   0.000000,0.00000000,0.00000000,  80.62500,0
1591048079.105833,1284,1cfd083f,8,   7.906324,0.83112940,2.22463237,   0.00000,0
1591048079.106398,1285,18feee3f,8,   0.000000,0.00000000,0.00000000,  80.65625,0
1591048110.568642,1288,1cfd083f,8,   7.906324,0.83112940,2.22463237,   0.00000,0
1591048110.569195,1289,18feee3f,8,   0.000000,0.00000000,0.00000000,  80.65625,0
1591048142.028295,1292,1cfd083f,8,   7.906324,0.83112940,2.22463237,   0.00000,0
1591048142.028862,1293,18feee3f,8,   0.000000,0.00000000,0.00000000,  80.65625,0
1591048173.489510,1296,1cfd083f,8,   7.921949,0.83061052,2.22438823,   0.00000,0
1591048173.490097,1297,18feee3f,8,   0.000000,0.00000000,0.00000000,  80.59375,0
1591048204.951927,1300,1cfd083f,8,   7.921949,0.83061052,2.22438823,   0.00000,0
1591048204.952469,1301,18feee3f,8,   0.000000,0.00000000,0.00000000,  80.59375,0
1591048236.411987,1304,1cfd083f,8,   7.921949,0.83061052,2.22438823,   0.00000,0
1591048236.412555,1305,18feee3f,8,   0.000000,0.00000000,0.00000000,  80.59375,0
1591048267.873226,1308,1cfd083f,8,   7.953200,0.83070209,2.22426615,   0.00000,0
1591048267.873763,1309,18feee3f,8,   0.000000,0.00000000,0.00000000,  80.62500,0
1591048299.335201,1312,1cfd083f,8,   7.953200,0.83070209,2.22426615,   0.00000,0
1591048299.335783,1313,18feee3f,8,   0.000000,0.00000000,0.00000000,  80.62500,0
1591048330.795677,1316,1cfd083f,8,   7.953200,0.83070209,2.22426615,   0.00000,0
1591048330.796249,1317,18feee3f,8,   0.000000,0.00000000,0.00000000,  80.62500,0
1591048362.256910,1320,1cfd083f,8,   7.937574,0.83045791,2.22438823,   0.00000,0
1591048362.257449,1321,18feee3f,8,   0.000000,0.00000000,0.00000000,  80.65625,0
1591048393.718509,1324,1cfd083f,8,   7.937574,0.83045791,2.22438823,   0.00000,0
1591048393.719078,1325,18feee3f,8,   0.000000,0.00000000,0.00000000,  80.62500,0
1591048425.179430,1328,1cfd083f,8,   7.937574,0.83045791,2.22438823,   0.00000,0
1591048425.179975,1329,18feee3f,8,   0.000000,0.00000000,0.00000000,  80.62500,0
1591048456.640645,1332,1cfd083f,8,   7.906324,0.83058000,2.22475444,   0.00000,0
1591048456.641197,1333,18feee3f,8,   0.000000,0.00000000,0.00000000,  80.65625,0
1591048488.101913,1336,1cfd083f,8,   7.906324,0.83058000,2.22475444,   0.00000,0
1591048488.102468,1337,18feee3f,8,   0.000000,0.00000000,0.00000000,  80.65625,0
1591048519.563159,1340,1cfd083f,8,   7.906324,0.83058000,2.22475444,   0.00000,0
1591048519.563723,1341,18feee3f,8,   0.000000,0.00000000,0.00000000,  80.65625,0
1591048551.024400,1344,1cfd083f,8,   7.921949,0.83140411,2.22365580,   0.00000,0
1591048551.025044,1345,18feee3f,8,   0.000000,0.00000000,0.00000000,  80.65625,0
1591048582.485652,1348,1cfd083f,8,   7.921949,0.83140411,2.22365580,   0.00000,0
1591048582.486222,1349,18feee3f,8,   0.000000,0.00000000,0.00000000,  80.65625,0
1591048613.946899,1352,1cfd083f,8,   7.921949,0.83140411,2.22365580,   0.00000,0
1591048613.947465,1353,18feee3f,8,   0.000000,0.00000000,0.00000000,  80.65625,0
1591048645.408170,1356,1cfd083f,8,   7.921949,0.83140411,2.22365580,   0.00000,0
1591048645.408712,1357,18feee3f,8,   0.000000,0.00000000,0.00000000,  80.65625,0
1591048676.869417,1360,1cfd083f,8,   7.953200,0.82990850,2.22451030,   0.00000,0
1591048676.869950,1361,18feee3f,8,   0.000000,0.00000000,0.00000000,  80.71875,0
1591048708.330633,1364,1cfd083f,8,   7.953200,0.82990850,2.22451030,   0.00000,0
1591048708.331200,1365,18feee3f,8,   0.000000,0.00000000,0.00000000,  80.71875,0
1591048739.791885,1368,1cfd083f,8,   7.953200,0.82990850,2.22451030,   0.00000,0
1591048739.792452,1369,18feee3f,8,   0.000000,0.00000000,0.00000000,  80.71875,0
1591048771.253129,1372,1cfd083f,8,   7.968825,0.83033582,2.22377787,   0.00000,0
1591048771.253695,1373,18feee3f,8,   0.000000,0.00000000,0.00000000,  80.71875,0
1591048802.716347,1376,1cfd083f,8,   7.968825,0.83033582,2.22377787,   0.00000,0
1591048802.716927,1377,18feee3f,8,   0.000000,0.00000000,0.00000000,  80.71875,0
1591048834.175614,1380,1cfd083f,8,   7.968825,0.83033582,2.22377787,   0.00000,0
1591048834.176204,1381,18feee3f,8,   0.000000,0.00000000,0.00000000,  80.71875,0
1591048865.636857,1384,1cfd083f,8,   7.890699,0.83097679,2.22341165,   0.00000,0
1591048865.637422,1385,18feee3f,8,   0.000000,0.00000000,0.00000000,  80.71875,0
1591048897.099665,1388,1cfd083f,8,   7.890699,0.83097679,2.22341165,   0.00000,0
1591048897.100236,1389,18feee3f,8,   0.000000,0.00000000,0.00000000,  80.71875,0
1591048928.559340,1392,1cfd083f,8,   7.890699,0.83097679,2.22341165,   0.00000,0
1591048928.559939,1393,18feee3f,8,   0.000000,0.00000000,0.00000000,-146.00000,0
1591048928.560536,1394,18ff313f,8,   0.000000,0.00000000,0.00000000,   0.00000,32
1591048960.020991,1396,1cfd083f,8,   7.875074,0.83137358,2.22341165,   0.00000,0
1591048960.021527,1397,18feee3f,8,   0.000000,0.00000000,0.00000000,  80.56250,0
1591048991.481842,1400,1cfd083f,8,   7.875074,0.83137358,2.22341165,   0.00000,0
1591048991.482418,1401,18feee3f,8,   0.000000,0.00000000,0.00000000,  80.59375,0
1591049022.943109,1404,1cfd083f,8,   7.875074,0.83137358,2.22341165,   0.00000,0
1591049022.943662,1405,18feee3f,8,   0.000000,0.00000000,0.00000000,  80.59375,0
1591049054.404313,1408,1cfd083f,8,   7.875074,0.83137358,2.22341165,   0.00000,0
1591049054.404887,1409,18feee3f,8,   0.000000,0.00000000,0.00000000,  80.59375,0
1591049085.865557,1412,1cfd083f,8,   7.921949,0.83054947,2.23122423,   0.00000,0
1591049085.866173,1413,18feee3f,8,   0.000000,0.00000000,0.00000000,  80.65625,0
1591049117.326796,1416,1cfd083f,8,   7.921949,0.83054947,2.23122423,   0.00000,0
1591049117.327367,1417,18feee3f,8,   0.000000,0.00000000,0.00000000,  80.65625,0
1591049148.788070,1420,1cfd083f,8,   7.921949,0.83054947,2.23122423,   0.00000,0
1591049148.788609,1421,18feee3f,8,   0.000000,0.00000000,0.00000000,  80.65625,0
1591049180.249286,1424,1cfd083f,8,   7.890699,0.83061052,2.23073595,   0.00000,0
1591049180.249877,1425,18feee3f,8,   0.000000,0.00000000,0.00000000,  80.62500,0
1591049211.710552,1428,1cfd083f,8,   7.890699,0.83061052,2.23073595,   0.00000,0
1591049211.711118,1429,18feee3f,8,   0.000000,0.00000000,0.00000000,  80.62500,0
1591049243.171785,1432,1cfd083f,8,   7.890699,0.83061052,2.23073595,   0.00000,0
1591049243.172349,1433,18feee3f,8,   0.000000,0.00000000,0.00000000,  80.62500,0
1591049274.633013,1436,1cfd083f,8,   7.953200,0.83109888,2.22365580,   0.00000,0
1591049274.633584,1437,18feee3f,8,   0.000000,0.00000000,0.00000000,  80.62500,0
1591049306.094276,1440,1cfd083f,8,   7.953200,0.83109888,2.22365580,   0.00000,0
1591049306.094825,1441,18feee3f,8,   0.000000,0.00000000,0.00000000,  80.62500,0
1591049337.555503,1444,1cfd083f,8,   7.953200,0.83109888,2.22365580,   0.00000,0
1591049337.556047,1445,18feee3f,8,   0.000000,0.00000000,0.00000000,  80.62500,0
1591049369.016757,1448,1cfd083f,8,   7.953200,0.83109888,2.22365580,   0.00000,0
1591049369.017306,1449,18feee3f,8,   0.000000,0.00000000,0.00000000,  80.62500,0
1591049400.477962,1452,1cfd083f,8,   7.968825,0.83091575,2.22389994,   0.00000,0
1591049400.478554,1453,18feee3f,8,   0.000000,0.00000000,0.00000000,  80.68750,0
1591049431.939229,1456,1cfd083f,8,   7.968825,0.83091575,2.22389994,   0.00000,0
1591049431.939767,1457,18feee3f,8,   0.000000,0.00000000,0.00000000,  80.68750,0
1591049463.400439,1460,1cfd083f,8,   7.968825,0.83091575,2.22389994,   0.00000,0
1591049463.401016,1461,18feee3f,8,   0.000000,0.00000000,0.00000000,  80.68750,0
1591049494.861714,1464,1cfd083f,8,   7.921949,0.83115993,2.22341165,   0.00000,0
1591049494.862260,1465,18feee3f,8,   0.000000,0.00000000,0.00000000,  80.71875,0
1591049526.322920,1468,1cfd083f,8,   7.921949,0.83115993,2.22341165,   0.00000,0
1591049526.323508,1469,18feee3f,8,   0.000000,0.00000000,0.00000000,  80.71875,0
1591049557.784171,1472,1cfd083f,8,   7.921949,0.83115993,2.22341165,   0.00000,0
1591049557.784747,1473,18feee3f,8,   0.000000,0.00000000,0.00000000,  80.71875,0
1591049589.247379,1476,1cfd083f,8,   7.890699,0.83082418,2.22451030,   0.00000,0
1591049589.247946,1477,18feee3f,8,   0.000000,0.00000000,0.00000000,  80.71875,0
1591049620.706627,1480,1cfd083f,8,   7.890699,0.83082418,2.22451030,   0.00000,0
1591049620.707254,1481,18feee3f,8,   0.000000,0.00000000,0.00000000,  80.71875,0
1591049652.167874,1484,1cfd083f,8,   7.890699,0.83082418,2.22451030,   0.00000,0
1591049652.168435,1485,18feee3f,8,   0.000000,0.00000000,0.00000000,  80.71875,0
1591049683.630659,1488,1cfd083f,8,   7.937574,0.83079366,2.22353372,   0.00000,0
1591049683.631264,1489,18feee3f,8,   0.000000,0.00000000,0.00000000,  80.71875,0
1591049715.090339,1492,1cfd083f,8,   7.937574,0.83079366,2.22353372,   0.00000,0
1591049715.090904,1493,18feee3f,8,   0.000000,0.00000000,0.00000000,  80.71875,0
1591049746.551607,1496,1cfd083f,8,   7.937574,0.83079366,2.22353372,   0.00000,0
1591049746.552172,1497,18feee3f,8,   0.000000,0.00000000,0.00000000,  80.71875,0
1591049778.013999,1500,1cfd083f,8,   7.921949,0.83122097,2.22389994,   0.00000,0
1591049778.014568,1501,18feee3f,8,   0.000000,0.00000000,0.00000000,  80.65625,0
1591049809.474050,1504,1cfd083f,8,   7.921949,0.83122097,2.22389994,   0.00000,0
1591049809.474632,1505,18feee3f,8,   0.000000,0.00000000,0.00000000,  80.65625,0
1591049840.935292,1508,1cfd083f,8,   7.937574,0.83067156,2.22280130,   0.00000,0
1591049840.935857,1509,18feee3f,8,   0.000000,0.00000000,0.00000000,  80.62500,0
1591049872.397297,1512,1cfd083f,8,   7.937574,0.83067156,2.22280130,   0.00000,0
1591049872.397862,1513,18feee3f,8,   0.000000,0.00000000,0.00000000,  80.62500,0
1591049903.857782,1516,1cfd083f,8,   7.937574,0.83067156,2.22280130,   0.00000,0
1591049903.858335,1517,18feee3f,8,   0.000000,0.00000000,0.00000000,  80.62500,0
1591049935.319019,1520,1cfd083f,8,   7.937574,0.83067156,2.22280130,   0.00000,0
1591049935.319572,1521,18feee3f,8,   0.000000,0.00000000,0.00000000,  80.62500,0
1591049966.780606,1524,1cfd083f,8,   7.921949,0.83061052,2.22328958,   0.00000,0
1591049966.781168,1525,18feee3f,8,   0.000000,0.00000000,0.00000000,  80.62500,0
1591049998.241477,1528,1cfd083f,8,   7.921949,0.83061052,2.22328958,   0.00000,0
1591049998.242031,1529,18feee3f,8,   0.000000,0.00000000,0.00000000,  80.62500,0
1591050029.702728,1532,1cfd083f,8,   7.921949,0.83061052,2.22328958,   0.00000,0
1591050029.703269,1533,18feee3f,8,   0.000000,0.00000000,0.00000000,  80.62500,0
1591050061.163967,1536,1cfd083f,8,   7.937574,0.83030529,2.22451030,   0.00000,0
1591050061.164512,1537,18feee3f,8,   0.000000,0.00000000,0.00000000,  80.62500,0
1591050092.625209,1540,1cfd083f,8,   7.937574,0.83030529,2.22451030,   0.00000,0
1591050092.625753,1541,18feee3f,8,   0.000000,0.00000000,0.00000000,  80.62500,0
1591050124.086437,1544,1cfd083f,8,   7.937574,0.83030529,2.22451030,   0.00000,0
1591050124.086994,1545,18feee3f,8,   0.000000,0.00000000,0.00000000,  80.62500,0
1591050155.549639,1548,1cfd083f,8,   7.937574,0.83070209,2.22414408,   0.00000,0
1591050155.550192,1549,18feee3f,8,   0.000000,0.00000000,0.00000000,  80.65625,0
1591050187.008912,1552,1cfd083f,8,   7.937574,0.83070209,2.22414408,   0.00000,0
1591050187.009464,1553,18feee3f,8,   0.000000,0.00000000,0.00000000,  80.62500,0
1591050218.470150,1556,1cfd083f,8,   7.937574,0.83070209,2.22414408,   0.00000,0
1591050218.470705,1557,18feee3f,8,   0.000000,0.00000000,0.00000000,  80.62500,0
1591050249.931368,1560,1cfd083f,8,   7.937574,0.83070209,2.22414408,   0.00000,0
1591050249.931959,1561,18feee3f,8,   0.000000,0.00000000,0.00000000,  80.62500,0
1591050281.392628,1564,1cfd083f,8,   7.906324,0.83091575,2.22365580,   0.00000,0
1591050281.393181,1565,18feee3f,8,   0.000000,0.00000000,0.00000000,  80.65625,0
1591050312.853841,1568,1cfd083f,8,   7.906324,0.83091575,2.22365580,   0.00000,0
1591050312.854414,1569,18feee3f,8,   0.000000,0.00000000,0.00000000,  80.65625,0
1591050344.315103,1572,1cfd083f,8,   7.906324,0.83091575,2.22365580,   0.00000,0
1591050344.315642,1573,18feee3f,8,   0.000000,0.00000000,0.00000000,  80.65625,0
1591050375.776343,1576,1cfd083f,8,   7.875074,0.83097679,2.22438823,   0.00000,0
1591050375.776877,1577,18feee3f,8,   0.000000,0.00000000,0.00000000,  80.71875,0
1591050407.237569,1580,1cfd083f,8,   7.875074,0.83097679,2.22438823,   0.00000,0
1591050407.238135,1581,18feee3f,8,   0.000000,0.00000000,0.00000000,  80.71875,0
1591050438.698797,1584,1cfd083f,8,   7.875074,0.83097679,2.22438823,   0.00000,0
1591050438.699368,1585,18feee3f,8,   0.000000,0.00000000,0.00000000,  80.71875,0
1591050470.160047,1588,1cfd083f,8,   7.953200,0.83033582,2.22341165,   0.00000,0
1591050470.160623,1589,18feee3f,8,   0.000000,0.00000000,0.00000000,  80.68750,0
1591050501.621276,1592,1cfd083f,8,   7.953200,0.83033582,2.22341165,   0.00000,0
1591050501.621829,1593,18feee3f,8,   0.000000,0.00000000,0.00000000,  80.68750,0
1591050533.082515,1596,1cfd083f,8,   7.953200,0.83033582,2.22341165,   0.00000,0
1591050533.083071,1597,18feee3f,8,   0.000000,0.00000000,0.00000000,  80.68750,0
1591050564.543755,1600,1cfd083f,8,   7.921949,0.83048843,2.22341165,   0.00000,0
1591050564.544331,1601,18feee3f,8,   0.000000,0.00000000,0.00000000,  80.62500,0
1591050596.004985,1604,1cfd083f,8,   7.921949,0.83048843,2.22341165,   0.00000,0
1591050596.005564,1605,18feee3f,8,   0.000000,0.00000000,0.00000000,  80.62500,0
1591050627.466234,1608,1cfd083f,8,   7.921949,0.83048843,2.22341165,   0.00000,0
1591050627.466815,1609,18feee3f,8,   0.000000,0.00000000,0.00000000,  80.62500,0
1591050658.928197,1612,1cfd083f,8,   7.921949,0.83045791,2.22353372,   0.00000,0
1591050658.928769,1613,18feee3f,8,   0.000000,0.00000000,0.00000000,  80.62500,0
1591050690.388685,1616,1cfd083f,8,   7.921949,0.83045791,2.22353372,   0.00000,0
1591050690.389266,1617,18feee3f,8,   0.000000,0.00000000,0.00000000,  80.59375,0
1591050721.849930,1620,1cfd083f,8,   7.921949,0.83045791,2.22353372,   0.00000,0
1591050721.850489,1621,18feee3f,8,   0.000000,0.00000000,0.00000000,  80.59375,0
1591050753.311508,1624,1cfd083f,8,   7.921949,0.83045791,2.22353372,   0.00000,0
1591050753.312135,1625,18feee3f,8,   0.000000,0.00000000,0.00000000,  80.59375,0
1591050784.772405,1628,1cfd083f,8,   7.953200,0.83039686,2.22414408,   0.00000,0
1591050784.772959,1629,18feee3f,8,   0.000000,0.00000000,0.00000000,  80.62500,0
1591050816.233642,1632,1cfd083f,8,   7.953200,0.83039686,2.22414408,   0.00000,0
1591050816.234191,1633,18feee3f,8,   0.000000,0.00000000,0.00000000,  80.62500,0
1591050847.694867,1636,1cfd083f,8,   7.953200,0.83039686,2.22414408,   0.00000,0
1591050847.695418,1637,18feee3f,8,   0.000000,0.00000000,0.00000000,  80.62500,0
1591050879.156094,1640,1cfd083f,8,   7.968825,0.83076313,2.22402201,   0.00000,0
1591050879.156642,1641,18feee3f,8,   0.000000,0.00000000,0.00000000,  80.65625,0
1591050910.617310,1644,1cfd083f,8,   7.968825,0.83076313,2.22402201,   0.00000,0
1591050910.617882,1645,18feee3f,8,   0.000000,0.00000000,0.00000000,  80.65625,0
1591050942.078544,1648,1cfd083f,8,   7.968825,0.83076313,2.22402201,   0.00000,0
1591050942.079122,1649,18feee3f,8,   0.000000,0.00000000,0.00000000,  80.65625,0
1591050973.539809,1652,1cfd083f,8,   7.984450,0.83033582,2.22377787,   0.00000,0
1591050973.540362,1653,18feee3f,8,   0.000000,0.00000000,0.00000000,  80.68750,0
1591051005.001043,1656,1cfd083f,8,   7.984450,0.83033582,2.22377787,   0.00000,0
1591051005.001602,1657,18feee3f,8,   0.000000,0.00000000,0.00000000,  80.68750,0
1591051036.462305,1660,1cfd083f,8,   7.984450,0.83033582,2.22377787,   0.00000,0
1591051036.462819,1661,18feee3f,8,   0.000000,0.00000000,0.00000000,  80.68750,0
1591051067.923518,1664,1cfd083f,8,   7.984450,0.83033582,2.22377787,   0.00000,0
1591051067.924071,1665,18feee3f,8,   0.000000,0.00000000,0.00000000,  80.68750,0
1591051099.384738,1668,1cfd083f,8,   7.921949,0.83082418,2.22451030,   0.00000,0
1591051099.385287,1669,18feee3f,8,   0.000000,0.00000000,0.00000000,  80.65625,0
1591051130.845970,1672,1cfd083f,8,   7.921949,0.83082418,2.22451030,   0.00000,0
1591051130.846536,1673,18feee3f,8,   0.000000,0.00000000,0.00000000,  80.65625,0
1591051162.309169,1676,1cfd083f,8,   7.921949,0.83082418,2.22451030,   0.00000,0
1591051162.309770,1677,18feee3f,8,   0.000000,0.00000000,0.00000000,  80.65625,0
1591051193.768441,1680,1cfd083f,8,   7.906324,0.83091575,2.22475444,   0.00000,0
1591051193.768998,1681,18feee3f,8,   0.000000,0.00000000,0.00000000,  80.65625,0
1591051225.229665,1684,1cfd083f,8,   7.906324,0.83091575,2.22475444,   0.00000,0
1591051225.230257,1685,18feee3f,8,   0.000000,0.00000000,0.00000000,  80.65625,0
1591051256.692492,1688,1cfd083f,8,   7.906324,0.83091575,2.22475444,   0.00000,0
1591051256.693022,1689,18feee3f,8,   0.000000,0.00000000,0.00000000,  80.65625,0
1591051288.152162,1692,1cfd083f,8,   7.953200,0.83048843,2.22438823,   0.00000,0
1591051288.152695,1693,18feee3f,8,   0.000000,0.00000000,0.00000000,  80.62500,0
1591051319.613366,1696,1cfd083f,8,   7.953200,0.83048843,2.22438823,   0.00000,0
1591051319.613961,1697,18feee3f,8,   0.000000,0.00000000,0.00000000,  80.62500,0
1591051351.075779,1700,1cfd083f,8,   7.953200,0.83048843,2.22438823,   0.00000,0
1591051351.076355,1701,18feee3f,8,   0.000000,0.00000000,0.00000000,  80.62500,0
1591051382.535870,1704,1cfd083f,8,   7.937574,0.83115993,2.22365580,   0.00000,0
1591051382.536437,1705,18feee3f,8,   0.000000,0.00000000,0.00000000,  80.65625,0
1591051413.997109,1708,1cfd083f,8,   7.937574,0.83115993,2.22365580,   0.00000,0
1591051413.997652,1709,18feee3f,8,   0.000000,0.00000000,0.00000000,  80.65625,0
1591051445.459078,1712,1cfd083f,8,   7.937574,0.83115993,2.22365580,   0.00000,0
1591051445.459669,1713,18feee3f,8,   0.000000,0.00000000,0.00000000,  80.65625,0
1591051476.919596,1716,1cfd083f,8,   7.937574,0.83115993,2.22365580,   0.00000,0
1591051476.920162,1717,18feee3f,8,   0.000000,0.00000000,0.00000000,  80.65625,0
1591051508.380980,1720,1cfd083f,8,   7.953200,0.83018320,2.22389994,   0.00000,0
1591051508.381539,1721,18feee3f,8,   0.000000,0.00000000,0.00000000,  80.68750,0
1591051539.842720,1724,1cfd083f,8,   7.953200,0.83018320,2.22389994,   0.00000,0
1591051539.843278,1725,18feee3f,8,   0.000000,0.00000000,0.00000000,  80.68750,0
1591051571.303749,1728,1cfd083f,8,   7.953200,0.83018320,2.22389994,   0.00000,0
1591051571.304296,1729,18feee3f,8,   0.000000,0.00000000,0.00000000,  80.68750,0
1591051602.765089,1732,1cfd083f,8,   7.921949,0.83051895,2.22475444,   0.00000,0
1591051602.765639,1733,18feee3f,8,   0.000000,0.00000000,0.00000000,  80.68750,0
1591051634.226421,1736,1cfd083f,8,   7.921949,0.83051895,2.22475444,   0.00000,0
1591051634.227006,1737,18feee3f,8,   0.000000,0.00000000,0.00000000,  80.68750,0
1591051665.687764,1740,1cfd083f,8,   7.921949,0.83051895,2.22475444,   0.00000,0
1591051665.688336,1741,18feee3f,8,   0.000000,0.00000000,0.00000000,  80.68750,0
1591051697.149109,1744,1cfd083f,8,   7.921949,0.83143463,2.22438823,   0.00000,0
1591051697.149793,1745,18feee3f,8,   0.000000,0.00000000,0.00000000,  80.71875,0
1591051728.610443,1748,1cfd083f,8,   7.921949,0.83143463,2.22438823,   0.00000,0
1591051728.611009,1749,18feee3f,8,   0.000000,0.00000000,0.00000000,  80.71875,0
1591051760.071789,1752,1cfd083f,8,   7.921949,0.83143463,2.22438823,   0.00000,0
1591051760.072369,1753,18feee3f,8,   0.000000,0.00000000,0.00000000,  80.71875,0
1591051791.533091,1756,1cfd083f,8,   7.921949,0.83143463,2.22438823,   0.00000,0
1591051791.533673,1757,18feee3f,8,   0.000000,0.00000000,0.00000000,  80.71875,0
1591051822.994411,1760,1cfd083f,8,   7.968825,0.83033582,2.22304544,   0.00000,0
1591051822.994982,1761,18feee3f,8,   0.000000,0.00000000,0.00000000,  80.65625,0
1591051854.455743,1764,1cfd083f,8,   7.968825,0.83033582,2.22304544,   0.00000,0
1591051854.456313,1765,18feee3f,8,   0.000000,0.00000000,0.00000000,  80.65625,0
1591051885.917064,1768,1cfd083f,8,   7.968825,0.83033582,2.22304544,   0.00000,0
1591051885.917633,1769,18feee3f,8,   0.000000,0.00000000,0.00000000,  80.65625,0
1591051917.379556,1772,1cfd083f,8,   7.890699,0.83106836,2.22463237,   0.00000,0
1591051917.380111,1773,18feee3f,8,   0.000000,0.00000000,0.00000000,  80.65625,0
1591051948.841661,1776,1cfd083f,8,   7.890699,0.83106836,2.22463237,   0.00000,0
1591051948.842227,1777,18feee3f,8,   0.000000,0.00000000,0.00000000,  80.65625,0
1591051980.300978,1780,1cfd083f,8,   7.890699,0.83106836,2.22463237,   0.00000,0
1591051980.301545,1781,18feee3f,8,   0.000000,0.00000000,0.00000000,  80.65625,0
1591052011.763070,1784,1cfd083f,8,   7.937574,0.83009164,2.22365580,   0.00000,0
1591052011.763635,1785,18feee3f,8,   0.000000,0.00000000,0.00000000,  80.65625,0
1591052043.225158,1788,1cfd083f,8,   7.937574,0.83009164,2.22365580,   0.00000,0
1591052043.225723,1789,18feee3f,8,   0.000000,0.00000000,0.00000000,  80.59375,0
1591052074.684883,1792,1cfd083f,8,   7.937574,0.83009164,2.22365580,   0.00000,0
1591052074.685457,1793,18feee3f,8,   0.000000,0.00000000,0.00000000,  80.59375,0
1591052106.146216,1796,1cfd083f,8,   7.937574,0.83009164,2.22365580,   0.00000,0
1591052106.146752,1797,18feee3f,8,   0.000000,0.00000000,0.00000000,  80.59375,0
1591052137.608636,1800,1cfd083f,8,   7.937574,0.83094627,2.22402201,   0.00000,0
1591052137.609213,1801,18feee3f,8,   0.000000,0.00000000,0.00000000,  80.65625,0
1591052169.068767,1804,1cfd083f,8,   7.937574,0.83094627,2.22402201,   0.00000,0
1591052169.069330,1805,18feee3f,8,   0.000000,0.00000000,0.00000000,  80.65625,0
1591052200.530045,1808,1cfd083f,8,   7.937574,0.83094627,2.22402201,   0.00000,0
1591052200.530618,1809,18feee3f,8,   0.000000,0.00000000,0.00000000,  80.65625,0
1591052231.992085,1812,1cfd083f,8,   7.890699,0.83158724,2.22389994,   0.00000,0
1591052231.992652,1813,18feee3f,8,   0.000000,0.00000000,0.00000000,  80.65625,0
1591052263.452607,1816,1cfd083f,8,   7.890699,0.83158724,2.22389994,   0.00000,0
1591052263.453171,1817,18feee3f,8,   0.000000,0.00000000,0.00000000,  80.65625,0
1591052294.913892,1820,1cfd083f,8,   7.890699,0.83158724,2.22389994,   0.00000,0
1591052294.914462,1821,18feee3f,8,   0.000000,0.00000000,0.00000000,  80.65625,0
1591052326.375576,1824,1cfd083f,8,   7.906324,0.83064104,2.22341165,   0.00000,0
1591052326.376141,1825,18feee3f,8,   0.000000,0.00000000,0.00000000,  80.62500,0
