timestamp,count,id,dlc,Viscosity (cp),Density (gm/cc),Dielectric constant (-),Temperature (C), Status
1591806668.737981,0,1cfd083f,8,   9.625090,0.81672275,2.22145851,   0.00000,0
1591806668.738476,1,18feee3f,8,   0.000000,0.00000000,0.00000000,  80.46875,0
1591806700.199194,4,1cfd083f,8,   9.625090,0.81672275,2.22145851,   0.00000,0
1591806700.199788,5,18feee3f,8,   0.000000,0.00000000,0.00000000,  80.46875,0
1591806731.660875,8,1cfd083f,8,   9.625090,0.81672275,2.22145851,   0.00000,0
1591806731.661447,9,18feee3f,8,   0.000000,0.00000000,0.00000000,  80.46875,0
1591806763.121856,12,1cfd083f,8,   9.625090,0.81672275,2.22145851,   0.00000,0
1591806763.122430,13,18feee3f,8,   0.000000,0.00000000,0.00000000,  80.46875,0
1591806794.583231,16,1cfd083f,8,   9.531339,0.81696693,2.21291350,   0.00000,0
1591806794.583809,17,18feee3f,8,   0.000000,0.00000000,0.00000000,  80.84375,0
1591806826.044558,20,1cfd083f,8,   9.531339,0.81696693,2.21291350,   0.00000,0
1591806826.045144,21,18feee3f,8,   0.000000,0.00000000,0.00000000,  80.84375,0
1591806857.505885,24,1cfd083f,8,   9.531339,0.81696693,2.21291350,   0.00000,0
1591806857.506451,25,18feee3f,8,   0.000000,0.00000000,0.00000000,  80.84375,0
1591806888.967220,28,1cfd083f,8,   9.468839,0.81629544,2.21303557,   0.00000,0
1591806888.967799,29,18feee3f,8,   0.000000,0.00000000,0.00000000,  81.00000,0
1591806920.428576,32,1cfd083f,8,   9.468839,0.81629544,2.21303557,   0.00000,0
1591806920.429151,33,18feee3f,8,   0.000000,0.00000000,0.00000000,  81.00000,0
1591806951.889927,36,1cfd083f,8,   9.468839,0.81629544,2.21303557,   0.00000,0
1591806951.890507,37,18feee3f,8,   0.000000,0.00000000,0.00000000,  81.00000,0
1591806983.351269,40,1cfd083f,8,   9.468839,0.81629544,2.21303557,   0.00000,0
1591806983.351844,41,18feee3f,8,   0.000000,0.00000000,0.00000000,  81.00000,0
1591807014.812633,44,1cfd083f,8,   9.375088,0.81641753,2.21303557,   0.00000,0
1591807014.813206,45,18feee3f,8,   0.000000,0.00000000,0.00000000,  80.93750,0
1591807046.273990,48,1cfd083f,8,   9.375088,0.81641753,2.21303557,   0.00000,0
1591807046.274556,49,18feee3f,8,   0.000000,0.00000000,0.00000000,  80.93750,0
1591807077.735315,52,1cfd083f,8,   9.375088,0.81641753,2.21303557,   0.00000,0
1591807077.735885,53,18feee3f,8,   0.000000,0.00000000,0.00000000,  80.93750,0
1591807109.196669,56,1cfd083f,8,   9.375088,0.81550185,2.21230314,   0.00000,0
1591807109.197239,57,18feee3f,8,   0.000000,0.00000000,0.00000000,  80.90625,0
1591807140.659980,60,1cfd083f,8,   9.375088,0.81550185,2.21230314,   0.00000,0
1591807140.660554,61,18feee3f,8,   0.000000,0.00000000,0.00000000,  80.90625,0
1591807172.119358,64,1cfd083f,8,   9.375088,0.81550185,2.21230314,   0.00000,0
1591807172.119911,65,18feee3f,8,   0.000000,0.00000000,0.00000000,  80.90625,0
1591807203.581454,68,1cfd083f,8,   9.375088,0.81623439,2.21340178,   0.00000,0
1591807203.582021,69,18feee3f,8,   0.000000,0.00000000,0.00000000,  80.93750,0
1591807235.043624,72,1cfd083f,8,   9.375088,0.81623439,2.21340178,   0.00000,0
1591807235.044164,73,18feee3f,8,   0.000000,0.00000000,0.00000000,  80.93750,0
1591807266.503384,76,1cfd083f,8,   9.375088,0.81623439,2.21340178,   0.00000,0
1591807266.503962,77,18feee3f,8,   0.000000,0.00000000,0.00000000,  80.93750,0
1591807297.964759,80,1cfd083f,8,   9.375088,0.81623439,2.21340178,   0.00000,0
1591807297.965326,81,18feee3f,8,   0.000000,0.00000000,0.00000000,  80.93750,0
1591807329.427270,84,1cfd083f,8,   9.390713,0.81559342,2.21291350,   0.00000,0
1591807329.427809,85,18feee3f,8,   0.000000,0.00000000,0.00000000,  81.06250,0
1591807360.887440,88,1cfd083f,8,   9.390713,0.81559342,2.21291350,   0.00000,0
1591807360.887993,89,18feee3f,8,   0.000000,0.00000000,0.00000000,  81.06250,0
1591807392.348794,92,1cfd083f,8,   9.390713,0.81559342,2.21291350,   0.00000,0
1591807392.349360,93,18feee3f,8,   0.000000,0.00000000,0.00000000,  81.06250,0
1591807423.810134,96,1cfd083f,8,   9.406338,0.81525767,2.21157071,   0.00000,0
1591807423.810699,97,18feee3f,8,   0.000000,0.00000000,0.00000000,  81.21875,0
1591807455.271484,100,1cfd083f,8,   9.406338,0.81525767,2.21157071,   0.00000,0
1591807455.272050,101,18feee3f,8,   0.000000,0.00000000,0.00000000,  81.21875,0
1591807486.732842,104,1cfd083f,8,   9.406338,0.81525767,2.21157071,   0.00000,0
1591807486.733410,105,18feee3f,8,   0.000000,0.00000000,0.00000000,  81.21875,0
1591807518.194215,108,1cfd083f,8,   9.359463,0.81537976,2.21291350,   0.00000,0
1591807518.194794,109,18feee3f,8,   0.000000,0.00000000,0.00000000,  81.34375,0
1591807549.655557,112,1cfd083f,8,   9.359463,0.81537976,2.21291350,   0.00000,0
1591807549.656113,113,18feee3f,8,   0.000000,0.00000000,0.00000000,  81.31250,0
1591807581.116896,116,1cfd083f,8,   9.359463,0.81537976,2.21291350,   0.00000,0
1591807581.117462,117,18feee3f,8,   0.000000,0.00000000,0.00000000,  81.31250,0
1591807612.578252,120,1cfd083f,8,   9.359463,0.81537976,2.21291350,   0.00000,0
1591807612.578860,121,18feee3f,8,   0.000000,0.00000000,0.00000000,  81.31250,0
1591807644.039637,124,1cfd083f,8,   9.281337,0.81608178,2.21096035,   0.00000,0
1591807644.040176,125,18feee3f,8,   0.000000,0.00000000,0.00000000,  81.34375,0
1591807675.500981,128,1cfd083f,8,   9.281337,0.81608178,2.21096035,   0.00000,0
1591807675.501547,129,18feee3f,8,   0.000000,0.00000000,0.00000000,  81.34375,0
1591807706.962308,132,1cfd083f,8,   9.281337,0.81608178,2.21096035,   0.00000,0
1591807706.962908,133,18feee3f,8,   0.000000,0.00000000,0.00000000,  81.34375,0
1591807738.423691,136,1cfd083f,8,   9.281337,0.81580708,2.21132657,   0.00000,0
1591807738.424256,137,18feee3f,8,   0.000000,0.00000000,0.00000000,  81.28125,0
1591807769.885051,140,1cfd083f,8,   9.281337,0.81580708,2.21132657,   0.00000,0
1591807769.885587,141,18feee3f,8,   0.000000,0.00000000,0.00000000,  81.28125,0
1591807801.346402,144,1cfd083f,8,   9.281337,0.81580708,2.21132657,   0.00000,0
1591807801.346972,145,18feee3f,8,   0.000000,0.00000000,0.00000000,  81.28125,0
1591807832.807751,148,1cfd083f,8,   9.281337,0.81580708,2.21132657,   0.00000,0
1591807832.808314,149,18feee3f,8,   0.000000,0.00000000,0.00000000,  81.28125,0
1591807864.269081,152,1cfd083f,8,   9.343838,0.81498297,2.21193693,   0.00000,0
1591807864.269678,153,18feee3f,8,   0.000000,0.00000000,0.00000000,  81.21875,0
1591807895.730440,156,1cfd083f,8,   9.343838,0.81498297,2.21193693,   0.00000,0
1591807895.731025,157,18feee3f,8,   0.000000,0.00000000,0.00000000,  81.21875,0
1591807927.193795,160,1cfd083f,8,   9.343838,0.81498297,2.21193693,   0.00000,0
1591807927.194331,161,18feee3f,8,   0.000000,0.00000000,0.00000000,  81.21875,0
1591807958.653151,164,1cfd083f,8,   9.296962,0.81586812,2.21205900,   0.00000,0
1591807958.653718,165,18feee3f,8,   0.000000,0.00000000,0.00000000,  81.21875,0
1591807990.114528,168,1cfd083f,8,   9.296962,0.81586812,2.21205900,   0.00000,0
1591807990.115094,169,18feee3f,8,   0.000000,0.00000000,0.00000000,  81.21875,0
1591808021.577446,172,1cfd083f,8,   9.296962,0.81586812,2.21205900,   0.00000,0
1591808021.578009,173,18feee3f,8,   0.000000,0.00000000,0.00000000,  81.21875,0
1591808053.037233,176,1cfd083f,8,   9.265712,0.81663119,2.21266935,   0.00000,0
1591808053.037803,177,18feee3f,8,   0.000000,0.00000000,0.00000000,  81.21875,0
1591808084.498577,180,1cfd083f,8,   9.265712,0.81663119,2.21266935,   0.00000,0
1591808084.499148,181,18feee3f,8,   0.000000,0.00000000,0.00000000,  81.21875,0
1591808115.961098,184,1cfd083f,8,   9.265712,0.81663119,2.21266935,   0.00000,0
1591808115.961674,185,18feee3f,8,   0.000000,0.00000000,0.00000000,  81.21875,0
1591808147.421291,188,1cfd083f,8,   9.265712,0.81663119,2.21266935,   0.00000,0
1591808147.421868,189,18feee3f,8,   0.000000,0.00000000,0.00000000,  81.21875,0
1591808178.882663,192,1cfd083f,8,   9.359463,0.81531872,2.21218107,   0.00000,0
1591808178.883229,193,18feee3f,8,   0.000000,0.00000000,0.00000000,  81.18750,0
1591808210.344772,196,1cfd083f,8,   9.359463,0.81531872,2.21218107,   0.00000,0
1591808210.345338,197,18feee3f,8,   0.000000,0.00000000,0.00000000,  81.18750,0
1591808241.805345,200,1cfd083f,8,   9.359463,0.81531872,2.21218107,   0.00000,0
1591808241.805944,201,18feee3f,8,   0.000000,0.00000000,0.00000000,  81.18750,0
1591808273.266807,204,1cfd083f,8,   9.328212,0.81556290,2.21193693,   0.00000,0
1591808273.267303,205,18feee3f,8,   0.000000,0.00000000,0.00000000,  81.18750,0
1591808304.728463,208,1cfd083f,8,   9.328212,0.81556290,2.21193693,   0.00000,0
1591808304.728998,209,18feee3f,8,   0.000000,0.00000000,0.00000000,  81.18750,0
1591808336.189465,212,1cfd083f,8,   9.328212,0.81556290,2.21193693,   0.00000,0
1591808336.190000,213,18feee3f,8,   0.000000,0.00000000,0.00000000,  81.18750,0
1591808367.650779,216,1cfd083f,8,   9.328212,0.81608178,2.21291350,   0.00000,0
1591808367.651345,217,18feee3f,8,   0.000000,0.00000000,0.00000000,  81.21875,0
1591808399.112128,220,1cfd083f,8,   9.328212,0.81608178,2.21291350,   0.00000,0
1591808399.112706,221,18feee3f,8,   0.000000,0.00000000,0.00000000,  81.21875,0
1591808430.573485,224,1cfd083f,8,   9.328212,0.81608178,2.21291350,   0.00000,0
1591808430.574059,225,18feee3f,8,   0.000000,0.00000000,0.00000000,  81.21875,0
1591808462.034827,228,1cfd083f,8,   9.312587,0.81592917,2.21205900,   0.00000,0
1591808462.035414,229,18feee3f,8,   0.000000,0.00000000,0.00000000,  81.21875,0
1591808493.496184,232,1cfd083f,8,   9.312587,0.81592917,2.21205900,   0.00000,0
1591808493.496754,233,18feee3f,8,   0.000000,0.00000000,0.00000000,  81.28125,0
1591808524.957528,236,1cfd083f,8,   9.312587,0.81592917,2.21205900,   0.00000,0
1591808524.958103,237,18feee3f,8,   0.000000,0.00000000,0.00000000,  81.28125,0
1591808556.418881,240,1cfd083f,8,   9.312587,0.81592917,2.21205900,   0.00000,0
1591808556.419454,241,18feee3f,8,   0.000000,0.00000000,0.00000000,  81.28125,0
1591808587.880264,244,1cfd083f,8,   9.312587,0.81586812,2.21132657,   0.00000,0
1591808587.880807,245,18feee3f,8,   0.000000,0.00000000,0.00000000,  81.25000,0
1591808619.341605,248,1cfd083f,8,   9.312587,0.81586812,2.21132657,   0.00000,0
1591808619.342181,249,18feee3f,8,   0.000000,0.00000000,0.00000000,  81.25000,0
1591808650.802965,252,1cfd083f,8,   9.312587,0.81586812,2.21132657,   0.00000,0
1591808650.803542,253,18feee3f,8,   0.000000,0.00000000,0.00000000,  81.25000,0
1591808682.264300,256,1cfd083f,8,   9.281337,0.81550185,2.21169278,   0.00000,0
1591808682.264875,257,18feee3f,8,   0.000000,0.00000000,0.00000000,  81.21875,0
1591808713.727611,260,1cfd083f,8,   9.281337,0.81550185,2.21169278,   0.00000,0
1591808713.728186,261,18feee3f,8,   0.000000,0.00000000,0.00000000,  81.21875,0
1591808745.186990,264,1cfd083f,8,   9.281337,0.81550185,2.21169278,   0.00000,0
1591808745.187559,265,18feee3f,8,   0.000000,0.00000000,0.00000000,  81.21875,0
1591808776.649106,268,1cfd083f,8,   9.312587,0.81574603,2.21205900,   0.00000,0
1591808776.649674,269,18feee3f,8,   0.000000,0.00000000,0.00000000,  81.15625,0
1591808808.111270,272,1cfd083f,8,   9.312587,0.81574603,2.21205900,   0.00000,0
1591808808.111808,273,18feee3f,8,   0.000000,0.00000000,0.00000000,  81.15625,0
1591808839.571056,276,1cfd083f,8,   9.312587,0.81574603,2.21205900,   0.00000,0
1591808839.571622,277,18feee3f,8,   0.000000,0.00000000,0.00000000,  81.15625,0
1591808871.032742,280,1cfd083f,8,   9.265712,0.81608178,2.21205900,   0.00000,0
1591808871.033314,281,18feee3f,8,   0.000000,0.00000000,0.00000000,  81.15625,0
1591808902.494893,284,1cfd083f,8,   9.265712,0.81608178,2.21205900,   0.00000,0
1591808902.495462,285,18feee3f,8,   0.000000,0.00000000,0.00000000,  81.15625,0
1591808933.955089,288,1cfd083f,8,   9.265712,0.81608178,2.21205900,   0.00000,0
1591808933.955654,289,18feee3f,8,   0.000000,0.00000000,0.00000000,  81.15625,0
1591808965.416439,292,1cfd083f,8,   9.265712,0.81608178,2.21205900,   0.00000,0
1591808965.417008,293,18feee3f,8,   0.000000,0.00000000,0.00000000,  81.15625,0
1591808996.878543,296,1cfd083f,8,   9.328212,0.81574603,2.21169278,   0.00000,0
1591808996.879109,297,18feee3f,8,   0.000000,0.00000000,0.00000000,  81.21875,0
1591809028.339132,300,1cfd083f,8,   9.328212,0.81574603,2.21169278,   0.00000,0
1591809028.339726,301,18feee3f,8,   0.000000,0.00000000,0.00000000,  81.21875,0
1591809059.800484,304,1cfd083f,8,   9.328212,0.81574603,2.21169278,   0.00000,0
1591809059.801076,305,18feee3f,8,   0.000000,0.00000000,0.00000000,  81.21875,0
1591809091.261858,308,1cfd083f,8,   9.359463,0.81626491,2.21120450,   0.00000,0
1591809091.262400,309,18feee3f,8,   0.000000,0.00000000,0.00000000,  81.28125,0
1591809122.723215,312,1cfd083f,8,   9.359463,0.81626491,2.21120450,   0.00000,0
1591809122.723782,313,18feee3f,8,   0.000000,0.00000000,0.00000000,  81.25000,0
1591809154.184534,316,1cfd083f,8,   9.359463,0.81626491,2.21120450,   0.00000,0
1591809154.185141,317,18feee3f,8,   0.000000,0.00000000,0.00000000,  81.25000,0
1591809185.645897,320,1cfd083f,8,   9.359463,0.81626491,2.21120450,   0.00000,0
1591809185.646475,321,18feee3f,8,   0.000000,0.00000000,0.00000000,  81.25000,0
1591809217.107276,324,1cfd083f,8,   9.312587,0.81589864,2.21169278,   0.00000,0
1591809217.107836,325,18feee3f,8,   0.000000,0.00000000,0.00000000,  81.25000,0
1591809248.568614,328,1cfd083f,8,   9.312587,0.81589864,2.21169278,   0.00000,0
1591809248.569180,329,18feee3f,8,   0.000000,0.00000000,0.00000000,  81.25000,0
1591809280.029974,332,1cfd083f,8,   9.312587,0.81589864,2.21169278,   0.00000,0
1591809280.030515,333,18feee3f,8,   0.000000,0.00000000,0.00000000,  81.25000,0
1591809311.491308,336,1cfd083f,8,   9.265712,0.81647857,2.21144864,   0.00000,0
1591809311.491877,337,18feee3f,8,   0.000000,0.00000000,0.00000000,  81.25000,0
1591809342.952685,340,1cfd083f,8,   9.265712,0.81647857,2.21144864,   0.00000,0
1591809342.953249,341,18feee3f,8,   0.000000,0.00000000,0.00000000,  81.25000,0
1591809374.414025,344,1cfd083f,8,   9.265712,0.81647857,2.21144864,   0.00000,0
1591809374.414603,345,18feee3f,8,   0.000000,0.00000000,0.00000000,  81.25000,0
1591809405.875372,348,1cfd083f,8,   9.265712,0.81647857,2.21144864,   0.00000,0
1591809405.875938,349,18feee3f,8,   0.000000,0.00000000,0.00000000,  81.25000,0
1591809437.336726,352,1cfd083f,8,   9.390713,0.81483035,2.21254728,   0.00000,0
1591809437.337324,353,18feee3f,8,   0.000000,0.00000000,0.00000000,  81.21875,0
1591809468.798087,356,1cfd083f,8,   9.390713,0.81483035,2.21254728,   0.00000,0
1591809468.798650,357,18feee3f,8,   0.000000,0.00000000,0.00000000,  81.21875,0
1591809500.261422,360,1cfd083f,8,   9.390713,0.81483035,2.21254728,   0.00000,0
1591809500.261988,361,18feee3f,8,   0.000000,0.00000000,0.00000000,  81.21875,0
1591809531.720787,364,1cfd083f,8,   9.234462,0.81696693,2.21205900,   0.00000,0
1591809531.721353,365,18feee3f,8,   0.000000,0.00000000,0.00000000,  81.21875,0
1591809563.182158,368,1cfd083f,8,   9.234462,0.81696693,2.21205900,   0.00000,0
1591809563.182729,369,18feee3f,8,   0.000000,0.00000000,0.00000000,  81.21875,0
1591809594.645109,372,1cfd083f,8,   9.234462,0.81696693,2.21205900,   0.00000,0
1591809594.645644,373,18feee3f,8,   0.000000,0.00000000,0.00000000,  81.21875,0
1591809626.104863,376,1cfd083f,8,   9.281337,0.81657014,2.21205900,   0.00000,0
1591809626.105419,377,18feee3f,8,   0.000000,0.00000000,0.00000000,  81.25000,0
1591809657.566197,380,1cfd083f,8,   9.281337,0.81657014,2.21205900,   0.00000,0
1591809657.566785,381,18feee3f,8,   0.000000,0.00000000,0.00000000,  81.25000,0
1591809689.028747,384,1cfd083f,8,   9.281337,0.81657014,2.21205900,   0.00000,0
1591809689.029304,385,18feee3f,8,   0.000000,0.00000000,0.00000000,  81.25000,0
1591809720.488927,388,1cfd083f,8,   9.281337,0.81657014,2.21205900,   0.00000,0
1591809720.489508,389,18feee3f,8,   0.000000,0.00000000,0.00000000,  81.25000,0
1591809751.950283,392,1cfd083f,8,   9.343838,0.81577655,2.21266935,   0.00000,0
1591809751.950837,393,18feee3f,8,   0.000000,0.00000000,0.00000000,  81.21875,0
1591809783.412408,396,1cfd083f,8,   9.343838,0.81577655,2.21266935,   0.00000,0
1591809783.412963,397,18feee3f,8,   0.000000,0.00000000,0.00000000,  81.21875,0
1591809814.872972,400,1cfd083f,8,   9.343838,0.81577655,2.21266935,   0.00000,0
1591809814.873565,401,18feee3f,8,   0.000000,0.00000000,0.00000000,  81.21875,0
1591809846.334360,404,1cfd083f,8,   9.265712,0.81626491,2.21108242,   0.00000,0
1591809846.334916,405,18feee3f,8,   0.000000,0.00000000,0.00000000,  81.25000,0
1591809877.796057,408,1cfd083f,8,   9.265712,0.81626491,2.21108242,   0.00000,0
1591809877.796648,409,18feee3f,8,   0.000000,0.00000000,0.00000000,  81.25000,0
1591809909.257052,412,1cfd083f,8,   9.265712,0.81626491,2.21108242,   0.00000,0
1591809909.257610,413,18feee3f,8,   0.000000,0.00000000,0.00000000,  81.25000,0
1591809940.718412,416,1cfd083f,8,   9.312587,0.81611230,2.21120450,   0.00000,0
1591809940.718966,417,18feee3f,8,   0.000000,0.00000000,0.00000000,  81.28125,0
1591809972.179777,420,1cfd083f,8,   9.312587,0.81611230,2.21120450,   0.00000,0
1591809972.180334,421,18feee3f,8,   0.000000,0.00000000,0.00000000,  81.28125,0
1591810003.641113,424,1cfd083f,8,   9.312587,0.81611230,2.21120450,   0.00000,0
1591810003.641685,425,18feee3f,8,   0.000000,0.00000000,0.00000000,  81.28125,0
1591810035.102480,428,1cfd083f,8,   9.281337,0.81599021,2.21254728,   0.00000,0
1591810035.103045,429,18feee3f,8,   0.000000,0.00000000,0.00000000,  81.25000,0
1591810066.563808,432,1cfd083f,8,   9.281337,0.81599021,2.21254728,   0.00000,0
1591810066.564410,433,18feee3f,8,   0.000000,0.00000000,0.00000000,  81.25000,0
1591810098.025190,436,1cfd083f,8,   9.281337,0.81599021,2.21254728,   0.00000,0
1591810098.025755,437,18feee3f,8,   0.000000,0.00000000,0.00000000,  81.25000,0
1591810129.486548,440,1cfd083f,8,   9.281337,0.81599021,2.21254728,   0.00000,0
1591810129.487114,441,18feee3f,8,   0.000000,0.00000000,0.00000000,  81.25000,0
1591810160.947888,444,1cfd083f,8,   9.312587,0.81595969,2.21108242,   0.00000,0
1591810160.948442,445,18feee3f,8,   0.000000,0.00000000,0.00000000,  81.21875,0
1591810192.409244,448,1cfd083f,8,   9.312587,0.81595969,2.21108242,   0.00000,0
1591810192.409816,449,18feee3f,8,   0.000000,0.00000000,0.00000000,  81.21875,0
1591810223.870605,452,1cfd083f,8,   9.312587,0.81595969,2.21108242,   0.00000,0
1591810223.871162,453,18feee3f,8,   0.000000,0.00000000,0.00000000,  81.21875,0
1591810255.331962,456,1cfd083f,8,   9.312587,0.81595969,2.21108242,   0.00000,0
1591810255.332517,457,18feee3f,8,   0.000000,0.00000000,0.00000000,  81.21875,0
1591810286.795264,460,1cfd083f,8,   9.328212,0.81476931,2.21120450,   0.00000,0
1591810286.795824,461,18feee3f,8,   0.000000,0.00000000,0.00000000,  81.21875,0
1591810318.254679,464,1cfd083f,8,   9.328212,0.81476931,2.21120450,   0.00000,0
1591810318.255249,465,18feee3f,8,   0.000000,0.00000000,0.00000000,  81.21875,0
1591810349.716026,468,1cfd083f,8,   9.328212,0.81476931,2.21120450,   0.00000,0
1591810349.716592,469,18feee3f,8,   0.000000,0.00000000,0.00000000,  81.21875,0
1591810381.178949,472,1cfd083f,8,   9.328212,0.81513558,2.21181485,   0.00000,0
1591810381.179521,473,18feee3f,8,   0.000000,0.00000000,0.00000000,  81.21875,0
1591810412.638728,476,1cfd083f,8,   9.328212,0.81513558,2.21181485,   0.00000,0
1591810412.639313,477,18feee3f,8,   0.000000,0.00000000,0.00000000,  81.21875,0
1591810444.100139,480,1cfd083f,8,   9.328212,0.81513558,2.21181485,   0.00000,0
1591810444.100668,481,18feee3f,8,   0.000000,0.00000000,0.00000000,  81.21875,0
1591810475.562618,484,1cfd083f,8,   9.281337,0.81663119,2.21242521,   0.00000,0
1591810475.563172,485,18feee3f,8,   0.000000,0.00000000,0.00000000,  81.21875,0
1591810507.022848,488,1cfd083f,8,   9.281337,0.81663119,2.21242521,   0.00000,0
1591810507.023384,489,18feee3f,8,   0.000000,0.00000000,0.00000000,  81.21875,0
1591810538.484159,492,1cfd083f,8,   9.281337,0.81663119,2.21242521,   0.00000,0
1591810538.484745,493,18feee3f,8,   0.000000,0.00000000,0.00000000,  81.21875,0
1591810569.945525,496,1cfd083f,8,   9.328212,0.81522715,2.21205900,   0.00000,0
1591810569.946083,497,18feee3f,8,   0.000000,0.00000000,0.00000000,  81.25000,0
1591810601.406890,500,1cfd083f,8,   9.328212,0.81522715,2.21205900,   0.00000,0
1591810601.407458,501,18feee3f,8,   0.000000,0.00000000,0.00000000,  81.25000,0
1591810632.868232,504,1cfd083f,8,   9.328212,0.81522715,2.21205900,   0.00000,0
1591810632.868811,505,18feee3f,8,   0.000000,0.00000000,0.00000000,  81.25000,0
1591810664.329624,508,1cfd083f,8,   9.328212,0.81556290,2.21242521,   0.00000,0
1591810664.330154,509,18feee3f,8,   0.000000,0.00000000,0.00000000,  81.21875,0
1591810695.790946,512,1cfd083f,8,   9.328212,0.81556290,2.21242521,   0.00000,0
1591810695.791526,513,18feee3f,8,   0.000000,0.00000000,0.00000000,  81.21875,0
1591810727.252321,516,1cfd083f,8,   9.328212,0.81556290,2.21242521,   0.00000,0
1591810727.252891,517,18feee3f,8,   0.000000,0.00000000,0.00000000,  81.21875,0
1591810758.713670,520,1cfd083f,8,   9.281337,0.81571551,2.21169278,   0.00000,0
1591810758.714216,521,18feee3f,8,   0.000000,0.00000000,0.00000000,  81.21875,0
1591810790.174986,524,1cfd083f,8,   9.281337,0.81571551,2.21169278,   0.00000,0
1591810790.175541,525,18feee3f,8,   0.000000,0.00000000,0.00000000,  81.21875,0
1591810821.636346,528,1cfd083f,8,   9.281337,0.81571551,2.21169278,   0.00000,0
1591810821.636887,529,18feee3f,8,   0.000000,0.00000000,0.00000000,  81.21875,0
1591810853.099627,532,1cfd083f,8,   9.265712,0.81577655,2.21193693,   0.00000,0
1591810853.100180,533,18feee3f,8,   0.000000,0.00000000,0.00000000,  81.18750,0
1591810884.559007,536,1cfd083f,8,   9.265712,0.81577655,2.21193693,   0.00000,0
1591810884.559632,537,18feee3f,8,   0.000000,0.00000000,0.00000000,  81.18750,0
1591810916.020343,540,1cfd083f,8,   9.265712,0.81577655,2.21193693,   0.00000,0
1591810916.020923,541,18feee3f,8,   0.000000,0.00000000,0.00000000,  81.18750,0
1591810947.483246,544,1cfd083f,8,   9.281337,0.81635648,2.21120450,   0.00000,0
1591810947.483800,545,18feee3f,8,   0.000000,0.00000000,0.00000000,  81.21875,0
1591810978.943008,548,1cfd083f,8,   9.281337,0.81635648,2.21120450,   0.00000,0
1591810978.943565,549,18feee3f,8,   0.000000,0.00000000,0.00000000,  81.21875,0
1591811010.404369,552,1cfd083f,8,   9.281337,0.81635648,2.21120450,   0.00000,0
1591811010.404982,553,18feee3f,8,   0.000000,0.00000000,0.00000000,  81.21875,0
1591811041.865683,556,1cfd083f,8,   9.281337,0.81635648,2.21120450,   0.00000,0
1591811041.866247,557,18feee3f,8,   0.000000,0.00000000,0.00000000,  81.21875,0
1591811073.328994,560,1cfd083f,8,   9.312587,0.81586812,2.21144864,   0.00000,0
1591811073.329560,561,18feee3f,8,   0.000000,0.00000000,0.00000000,  81.28125,0
1591811104.788396,564,1cfd083f,8,   9.312587,0.81586812,2.21144864,   0.00000,0
1591811104.788962,565,18feee3f,8,   0.000000,0.00000000,0.00000000,  81.28125,0
1591811136.249743,568,1cfd083f,8,   9.312587,0.81586812,2.21144864,   0.00000,0
1591811136.250283,569,18feee3f,8,   0.000000,0.00000000,0.00000000,  81.28125,0
1591811167.712617,572,1cfd083f,8,   9.312587,0.81586812,2.21144864,   0.00000,0
1591811167.713181,573,18feee3f,8,   0.000000,0.00000000,0.00000000,  81.28125,0
1591811199.172411,576,1cfd083f,8,   9.296962,0.81632596,2.21083828,   0.00000,0
1591811199.172980,577,18feee3f,8,   0.000000,0.00000000,0.00000000,  81.25000,0
1591811230.633774,580,1cfd083f,8,   9.296962,0.81632596,2.21083828,   0.00000,0
1591811230.634327,581,18feee3f,8,   0.000000,0.00000000,0.00000000,  81.25000,0
1591811262.096260,584,1cfd083f,8,   9.296962,0.81632596,2.21083828,   0.00000,0
1591811262.096850,585,18feee3f,8,   0.000000,0.00000000,0.00000000,  81.25000,0
1591811293.556438,588,1cfd083f,8,   9.296962,0.81583760,2.21132657,   0.00000,0
1591811293.557029,589,18feee3f,8,   0.000000,0.00000000,0.00000000,  81.28125,0
1591811325.017789,592,1cfd083f,8,   9.296962,0.81583760,2.21132657,   0.00000,0
1591811325.018380,593,18feee3f,8,   0.000000,0.00000000,0.00000000,  81.25000,0
1591811356.479921,596,1cfd083f,8,   9.296962,0.81583760,2.21132657,   0.00000,0
1591811356.480474,597,18feee3f,8,   0.000000,0.00000000,0.00000000,  81.25000,0
1591811387.940510,600,1cfd083f,8,   9.296962,0.81583760,2.21132657,   0.00000,0
1591811387.941068,601,18feee3f,8,   0.000000,0.00000000,0.00000000,  81.25000,0
1591811419.401831,604,1cfd083f,8,   9.343838,0.81568499,2.21254728,   0.00000,0
1591811419.402424,605,18feee3f,8,   0.000000,0.00000000,0.00000000,  81.18750,0
1591811450.863566,608,1cfd083f,8,   9.343838,0.81568499,2.21254728,   0.00000,0
1591811450.864167,609,18feee3f,8,   0.000000,0.00000000,0.00000000,  81.18750,0
1591811482.324529,612,1cfd083f,8,   9.343838,0.81568499,2.21254728,   0.00000,0
1591811482.325096,613,18feee3f,8,   0.000000,0.00000000,0.00000000,  81.18750,0
1591811513.785881,616,1cfd083f,8,   9.250087,0.81638701,2.21181485,   0.00000,0
1591811513.786445,617,18feee3f,8,   0.000000,0.00000000,0.00000000,  81.18750,0
1591811545.247239,620,1cfd083f,8,   9.250087,0.81638701,2.21181485,   0.00000,0
1591811545.247804,621,18feee3f,8,   0.000000,0.00000000,0.00000000,  81.18750,0
1591811576.708590,624,1cfd083f,8,   9.250087,0.81638701,2.21181485,   0.00000,0
1591811576.709160,625,18feee3f,8,   0.000000,0.00000000,0.00000000,  81.18750,0
1591811608.169923,628,1cfd083f,8,   9.328212,0.81583760,2.21120450,   0.00000,0
1591811608.170528,629,18feee3f,8,   0.000000,0.00000000,0.00000000,  81.25000,0
1591811639.631274,632,1cfd083f,8,   9.328212,0.81583760,2.21120450,   0.00000,0
1591811639.631840,633,18feee3f,8,   0.000000,0.00000000,0.00000000,  81.25000,0
1591811671.092648,636,1cfd083f,8,   9.328212,0.81583760,2.21120450,   0.00000,0
1591811671.093217,637,18feee3f,8,   0.000000,0.00000000,0.00000000,  81.25000,0
1591811702.553996,640,1cfd083f,8,   9.281337,0.81617335,2.21144864,   0.00000,0
1591811702.554562,641,18feee3f,8,   0.000000,0.00000000,0.00000000,  81.21875,0
1591811734.015321,644,1cfd083f,8,   9.281337,0.81617335,2.21144864,   0.00000,0
1591811734.015886,645,18feee3f,8,   0.000000,0.00000000,0.00000000,  81.18750,0
1591811765.476673,648,1cfd083f,8,   9.281337,0.81617335,2.21144864,   0.00000,0
1591811765.477276,649,18feee3f,8,   0.000000,0.00000000,0.00000000,  81.18750,0
1591811796.938053,652,1cfd083f,8,   9.281337,0.81617335,2.21144864,   0.00000,0
1591811796.938626,653,18feee3f,8,   0.000000,0.00000000,0.00000000,  81.18750,0
1591811828.399400,656,1cfd083f,8,   9.375088,0.81492192,2.21132657,   0.00000,0
1591811828.399977,657,18feee3f,8,   0.000000,0.00000000,0.00000000,  81.21875,0
1591811859.862689,660,1cfd083f,8,   9.375088,0.81492192,2.21132657,   0.00000,0
1591811859.863264,661,18feee3f,8,   0.000000,0.00000000,0.00000000,  81.21875,0
1591811891.322079,664,1cfd083f,8,   9.375088,0.81492192,2.21132657,   0.00000,0
1591811891.322672,665,18feee3f,8,   0.000000,0.00000000,0.00000000,  81.21875,0
1591811922.784211,668,1cfd083f,8,   9.343838,0.81498297,2.21071621,   0.00000,0
1591811922.784758,669,18feee3f,8,   0.000000,0.00000000,0.00000000,  81.21875,0
1591811954.246408,672,1cfd083f,8,   9.343838,0.81498297,2.21071621,   0.00000,0
1591811954.246914,673,18feee3f,8,   0.000000,0.00000000,0.00000000,  81.21875,0
1591811985.706136,676,1cfd083f,8,   9.343838,0.81498297,2.21071621,   0.00000,0
1591811985.706743,677,18feee3f,8,   0.000000,0.00000000,0.00000000,  81.21875,0
1591812017.167496,680,1cfd083f,8,   9.343838,0.81498297,2.21071621,   0.00000,0
1591812017.168090,681,18feee3f,8,   0.000000,0.00000000,0.00000000,  81.21875,0
1591812048.630034,684,1cfd083f,8,   9.296962,0.81580708,2.21230314,   0.00000,0
1591812048.630585,685,18feee3f,8,   0.000000,0.00000000,0.00000000,  81.18750,0
1591812080.090226,688,1cfd083f,8,   9.296962,0.81580708,2.21230314,   0.00000,0
1591812080.090778,689,18feee3f,8,   0.000000,0.00000000,0.00000000,  81.18750,0
1591812111.551557,692,1cfd083f,8,   9.296962,0.81580708,2.21230314,   0.00000,0
1591812111.552147,693,18feee3f,8,   0.000000,0.00000000,0.00000000,  81.18750,0
1591812143.013666,696,1cfd083f,8,   9.312587,0.81525767,2.21205900,   0.00000,0
1591812143.014259,697,18feee3f,8,   0.000000,0.00000000,0.00000000,  81.21875,0
1591812174.474258,700,1cfd083f,8,   9.312587,0.81525767,2.21205900,   0.00000,0
1591812174.474853,701,18feee3f,8,   0.000000,0.00000000,0.00000000,  81.21875,0
1591812205.935625,704,1cfd083f,8,   9.312587,0.81525767,2.21205900,   0.00000,0
1591812205.936181,705,18feee3f,8,   0.000000,0.00000000,0.00000000,  81.21875,0
1591812237.396965,708,1cfd083f,8,   9.281337,0.81553237,2.21169278,   0.00000,0
1591812237.397563,709,18feee3f,8,   0.000000,0.00000000,0.00000000,  81.21875,0
1591812268.858318,712,1cfd083f,8,   9.281337,0.81553237,2.21169278,   0.00000,0
1591812268.858908,713,18feee3f,8,   0.000000,0.00000000,0.00000000,  81.21875,0
1591812300.319712,716,1cfd083f,8,   9.281337,0.81553237,2.21169278,   0.00000,0
1591812300.320241,717,18feee3f,8,   0.000000,0.00000000,0.00000000,  81.21875,0
1591812331.781027,720,1cfd083f,8,   9.281337,0.81553237,2.21169278,   0.00000,0
1591812331.781595,721,18feee3f,8,   0.000000,0.00000000,0.00000000,  81.21875,0
1591812363.242377,724,1cfd083f,8,   9.328212,0.81614282,2.21059414,   0.00000,0
1591812363.242931,725,18feee3f,8,   0.000000,0.00000000,0.00000000,  81.25000,0
1591812394.703720,728,1cfd083f,8,   9.328212,0.81614282,2.21059414,   0.00000,0
1591812394.704313,729,18feee3f,8,   0.000000,0.00000000,0.00000000,  81.25000,0
1591812426.165075,732,1cfd083f,8,   9.328212,0.81614282,2.21059414,   0.00000,0
1591812426.165642,733,18feee3f,8,   0.000000,0.00000000,0.00000000,  81.25000,0
1591812457.626445,736,1cfd083f,8,   9.296962,0.81577655,2.21242521,   0.00000,0
1591812457.627021,737,18feee3f,8,   0.000000,0.00000000,0.00000000,  81.25000,0
1591812489.087788,740,1cfd083f,8,   9.296962,0.81577655,2.21242521,   0.00000,0
1591812489.088365,741,18feee3f,8,   0.000000,0.00000000,0.00000000,  81.25000,0
1591812520.549141,744,1cfd083f,8,   9.296962,0.81577655,2.21242521,   0.00000,0
1591812520.549728,745,18feee3f,8,   0.000000,0.00000000,0.00000000,  81.25000,0
1591812552.010497,748,1cfd083f,8,   9.343838,0.81562394,2.21083828,   0.00000,0
1591812552.011061,749,18feee3f,8,   0.000000,0.00000000,0.00000000,  81.25000,0
1591812583.471850,752,1cfd083f,8,   9.343838,0.81562394,2.21083828,   0.00000,0
1591812583.472423,753,18feee3f,8,   0.000000,0.00000000,0.00000000,  81.25000,0
1591812614.933194,756,1cfd083f,8,   9.343838,0.81562394,2.21083828,   0.00000,0
1591812614.933760,757,18feee3f,8,   0.000000,0.00000000,0.00000000,  81.25000,0
1591812646.396537,760,1cfd083f,8,   9.343838,0.81562394,2.21083828,   0.00000,0
1591812646.397110,761,18feee3f,8,   0.000000,0.00000000,0.00000000,  81.25000,0
1591812677.855921,764,1cfd083f,8,   9.312587,0.81553237,2.21218107,   0.00000,0
1591812677.856491,765,18feee3f,8,   0.000000,0.00000000,0.00000000,  81.25000,0
1591812709.317255,768,1cfd083f,8,   9.312587,0.81553237,2.21218107,   0.00000,0
1591812709.317846,769,18feee3f,8,   0.000000,0.00000000,0.00000000,  81.25000,0
1591812740.780175,772,1cfd083f,8,   9.312587,0.81553237,2.21218107,   0.00000,0
1591812740.780762,773,18feee3f,8,   0.000000,0.00000000,0.00000000,  81.25000,0
1591812772.239979,776,1cfd083f,8,   9.312587,0.81602073,2.21120450,   0.00000,0
1591812772.240535,777,18feee3f,8,   0.000000,0.00000000,0.00000000,  81.25000,0
1591812803.701365,780,1cfd083f,8,   9.312587,0.81602073,2.21120450,   0.00000,0
1591812803.701897,781,18feee3f,8,   0.000000,0.00000000,0.00000000,  81.25000,0
1591812835.163858,784,1cfd083f,8,   9.312587,0.81602073,2.21120450,   0.00000,0
1591812835.164415,785,18feee3f,8,   0.000000,0.00000000,0.00000000,  81.25000,0
1591812866.624085,788,1cfd083f,8,   9.312587,0.81602073,2.21120450,   0.00000,0
1591812866.624601,789,18feee3f,8,   0.000000,0.00000000,0.00000000,  81.25000,0
1591812898.085399,792,1cfd083f,8,   9.296962,0.81574603,2.21108242,   0.00000,0
1591812898.085992,793,18feee3f,8,   0.000000,0.00000000,0.00000000,  81.25000,0
1591812929.547536,796,1cfd083f,8,   9.296962,0.81574603,2.21108242,   0.00000,0
1591812929.548131,797,18feee3f,8,   0.000000,0.00000000,0.00000000,  81.25000,0
1591812961.008155,800,1cfd083f,8,   9.296962,0.81574603,2.21108242,   0.00000,0
1591812961.008700,801,18feee3f,8,   0.000000,0.00000000,0.00000000,  81.25000,0
1591812992.469504,804,1cfd083f,8,   9.328212,0.81599021,2.21157071,   0.00000,0
1591812992.470066,805,18feee3f,8,   0.000000,0.00000000,0.00000000,  81.28125,0
1591813023.931246,808,1cfd083f,8,   9.328212,0.81599021,2.21157071,   0.00000,0
1591813023.931809,809,18feee3f,8,   0.000000,0.00000000,0.00000000,  81.28125,0
1591813055.392231,812,1cfd083f,8,   9.328212,0.81599021,2.21157071,   0.00000,0
1591813055.392785,813,18feee3f,8,   0.000000,0.00000000,0.00000000,  81.28125,0
1591813086.853604,816,1cfd083f,8,   9.281337,0.81635648,2.21181485,   0.00000,0
1591813086.854139,817,18feee3f,8,   0.000000,0.00000000,0.00000000,  81.21875,0
1591813118.314939,820,1cfd083f,8,   9.281337,0.81635648,2.21181485,   0.00000,0
1591813118.315504,821,18feee3f,8,   0.000000,0.00000000,0.00000000,  81.25000,0
1591813149.776312,824,1cfd083f,8,   9.281337,0.81635648,2.21181485,   0.00000,0
1591813149.776891,825,18feee3f,8,   0.000000,0.00000000,0.00000000,  81.25000,0
1591813181.237678,828,1cfd083f,8,   9.281337,0.81635648,2.21181485,   0.00000,0
1591813181.238264,829,18feee3f,8,   0.000000,0.00000000,0.00000000,  81.25000,0
1591813212.700977,832,1cfd083f,8,   9.250087,0.81635648,2.21181485,   0.00000,0
1591813212.701549,833,18feee3f,8,   0.000000,0.00000000,0.00000000,  81.21875,0
1591813244.160386,836,1cfd083f,8,   9.250087,0.81635648,2.21181485,   0.00000,0
1591813244.160983,837,18feee3f,8,   0.000000,0.00000000,0.00000000,  81.18750,0
1591813275.621732,840,1cfd083f,8,   9.250087,0.81635648,2.21181485,   0.00000,0
1591813275.622302,841,18feee3f,8,   0.000000,0.00000000,0.00000000,  81.18750,0
1591813307.083095,844,1cfd083f,8,   9.250087,0.81635648,2.21181485,   0.00000,0
1591813307.083726,845,18feee3f,8,   0.000000,0.00000000,0.00000000,  81.18750,0
1591813338.544466,848,1cfd083f,8,   9.250087,0.81669223,2.21193693,   0.00000,0
1591813338.545041,849,18feee3f,8,   0.000000,0.00000000,0.00000000,  81.21875,0
1591813370.005803,852,1cfd083f,8,   9.250087,0.81669223,2.21193693,   0.00000,0
1591813370.006477,853,18feee3f,8,   0.000000,0.00000000,0.00000000,  81.21875,0
1591813401.467176,856,1cfd083f,8,   9.250087,0.81669223,2.21193693,   0.00000,0
1591813401.467747,857,18feee3f,8,   0.000000,0.00000000,0.00000000,  81.21875,0
1591813432.930481,860,1cfd083f,8,   9.312587,0.81611230,2.21218107,   0.00000,0
1591813432.931075,861,18feee3f,8,   0.000000,0.00000000,0.00000000,  81.21875,0
1591813464.389880,864,1cfd083f,8,   9.312587,0.81611230,2.21218107,   0.00000,0
1591813464.390445,865,18feee3f,8,   0.000000,0.00000000,0.00000000,  81.21875,0
1591813495.851258,868,1cfd083f,8,   9.312587,0.81611230,2.21218107,   0.00000,0
1591813495.851791,869,18feee3f,8,   0.000000,0.00000000,0.00000000,  81.21875,0
1591813527.314176,872,1cfd083f,8,   9.328212,0.81565446,2.21193693,   0.00000,0
1591813527.314745,873,18feee3f,8,   0.000000,0.00000000,0.00000000,  81.18750,0
1591813558.773963,876,1cfd083f,8,   9.328212,0.81565446,2.21193693,   0.00000,0
1591813558.774529,877,18feee3f,8,   0.000000,0.00000000,0.00000000,  81.18750,0
1591813590.235315,880,1cfd083f,8,   9.328212,0.81565446,2.21193693,   0.00000,0
1591813590.235883,881,18feee3f,8,   0.000000,0.00000000,0.00000000,  81.18750,0
1591813621.697855,884,1cfd083f,8,   9.281337,0.81586812,2.21242521,   0.00000,0
1591813621.698391,885,18feee3f,8,   0.000000,0.00000000,0.00000000,  81.18750,0
1591813653.158047,888,1cfd083f,8,   9.281337,0.81586812,2.21242521,   0.00000,0
1591813653.158613,889,18feee3f,8,   0.000000,0.00000000,0.00000000,  81.18750,0
1591813684.619390,892,1cfd083f,8,   9.281337,0.81586812,2.21242521,   0.00000,0
1591813684.619970,893,18feee3f,8,   0.000000,0.00000000,0.00000000,  81.18750,0
1591813716.080754,896,1cfd083f,8,   9.343838,0.81553237,2.21205900,   0.00000,0
1591813716.081320,897,18feee3f,8,   0.000000,0.00000000,0.00000000,  81.21875,0
1591813747.542114,900,1cfd083f,8,   9.343838,0.81553237,2.21205900,   0.00000,0
1591813747.542679,901,18feee3f,8,   0.000000,0.00000000,0.00000000,  81.25000,0
1591813779.003477,904,1cfd083f,8,   9.343838,0.81553237,2.21205900,   0.00000,0
1591813779.004028,905,18feee3f,8,   0.000000,0.00000000,0.00000000,  81.25000,0
1591813810.465194,908,1cfd083f,8,   9.343838,0.81553237,2.21205900,   0.00000,0
1591813810.465746,909,18feee3f,8,   0.000000,0.00000000,0.00000000,  81.25000,0
1591813841.926175,912,1cfd083f,8,   9.265712,0.81592917,2.21083828,   0.00000,0
1591813841.926761,913,18feee3f,8,   0.000000,0.00000000,0.00000000,  81.28125,0
