timestamp,count,id,dlc,Viscosity (cp),Density (gm/cc),Dielectric constant (-),Temperature (C), Status
1592510033.451456,0,1cfd083f,8,   6.875064,0.75463986,2.26931056,   0.00000,0
1592510033.451862,1,18feee3f,8,   0.000000,0.00000000,0.00000000,  86.09375,0
1592510064.913730,4,1cfd083f,8,   5.296925,0.81043511,2.24660525,   0.00000,0
1592510064.914300,5,18feee3f,8,   0.000000,0.00000000,0.00000000,  88.03125,0
1592510096.375886,8,1cfd083f,8,   5.296925,0.81043511,2.24660525,   0.00000,0
1592510096.376424,9,18feee3f,8,   0.000000,0.00000000,0.00000000,  87.93750,0
1592510127.835183,12,1cfd083f,8,   5.296925,0.81043511,2.24660525,   0.00000,0
1592510127.835764,13,18feee3f,8,   0.000000,0.00000000,0.00000000,  87.93750,0
1592510159.296511,16,1cfd083f,8,   5.296925,0.81043511,2.24660525,   0.00000,0
1592510159.297045,17,18feee3f,8,   0.000000,0.00000000,0.00000000,  87.93750,0
1592510190.759350,20,1cfd083f,8,   5.296925,0.81012988,2.24245482,   0.00000,0
1592510190.759936,21,18feee3f,8,   0.000000,0.00000000,0.00000000,  86.96875,0
1592510222.219086,24,1cfd083f,8,   5.296925,0.81012988,2.24245482,   0.00000,0
1592510222.219721,25,18feee3f,8,   0.000000,0.00000000,0.00000000,  86.96875,0
1592510253.680405,28,1cfd083f,8,   5.296925,0.81012988,2.24245482,   0.00000,0
1592510253.680979,29,18feee3f,8,   0.000000,0.00000000,0.00000000,  86.96875,0
1592510285.142875,32,1cfd083f,8,   5.312550,0.80964152,2.23842646,   0.00000,0
1592510285.143452,33,18feee3f,8,   0.000000,0.00000000,0.00000000,  85.37500,0
1592510316.603027,36,1cfd083f,8,   5.312550,0.80964152,2.23842646,   0.00000,0
1592510316.603598,37,18feee3f,8,   0.000000,0.00000000,0.00000000,  85.37500,0
1592510348.064317,40,1cfd083f,8,   5.312550,0.80964152,2.23842646,   0.00000,0
1592510348.064896,41,18feee3f,8,   0.000000,0.00000000,0.00000000,  85.37500,0
1592510379.525634,44,1cfd083f,8,   5.328175,0.81104556,2.23989132,   0.00000,0
1592510379.526176,45,18feee3f,8,   0.000000,0.00000000,0.00000000,  83.21875,0
1592510410.986923,48,1cfd083f,8,   5.328175,0.81104556,2.23989132,   0.00000,0
1592510410.987492,49,18feee3f,8,   0.000000,0.00000000,0.00000000,  83.15625,0
1592510442.448242,52,1cfd083f,8,   5.328175,0.81104556,2.23989132,   0.00000,0
1592510442.448816,53,18feee3f,8,   0.000000,0.00000000,0.00000000,  83.15625,0
1592510473.909922,56,1cfd083f,8,   5.546927,0.81162549,2.24233275,   0.00000,0
1592510473.910487,57,18feee3f,8,   0.000000,0.00000000,0.00000000,  81.18750,0
1592510505.370880,60,1cfd083f,8,   5.546927,0.81162549,2.24233275,   0.00000,0
1592510505.371404,61,18feee3f,8,   0.000000,0.00000000,0.00000000,  81.18750,0
1592510536.832139,64,1cfd083f,8,   5.546927,0.81162549,2.24233275,   0.00000,0
1592510536.832711,65,18feee3f,8,   0.000000,0.00000000,0.00000000,  81.18750,0
1592510568.293424,68,1cfd083f,8,   5.703178,0.81330423,2.24587282,   0.00000,0
1592510568.294017,69,18feee3f,8,   0.000000,0.00000000,0.00000000,  78.81250,0
1592510599.754754,72,1cfd083f,8,   5.703178,0.81330423,2.24587282,   0.00000,0
1592510599.755325,73,18feee3f,8,   0.000000,0.00000000,0.00000000,  78.75000,0
1592510631.216044,76,1cfd083f,8,   5.703178,0.81330423,2.24587282,   0.00000,0
1592510631.216622,77,18feee3f,8,   0.000000,0.00000000,0.00000000,  78.75000,0
1592510662.677334,80,1cfd083f,8,   5.703178,0.81330423,2.24587282,   0.00000,0
1592510662.677927,81,18feee3f,8,   0.000000,0.00000000,0.00000000,  78.75000,0
1592510694.138640,84,1cfd083f,8,   5.906305,0.81425043,0.14160303,   0.00000,0
1592510694.139189,85,18feee3f,8,   0.000000,0.00000000,0.00000000,  76.43750,0
1592510725.599935,88,1cfd083f,8,   5.906305,0.81425043,0.14160303,   0.00000,0
1592510725.600505,89,18feee3f,8,   0.000000,0.00000000,0.00000000,  76.43750,0
1592510757.061208,92,1cfd083f,8,   5.906305,0.81425043,0.14160303,   0.00000,0
1592510757.061825,93,18feee3f,8,   0.000000,0.00000000,0.00000000,  76.43750,0
1592510788.522508,96,1cfd083f,8,   6.156308,0.81562394,2.25661512,   0.00000,0
1592510788.523084,97,18feee3f,8,   0.000000,0.00000000,0.00000000,  75.53125,0
1592510819.983802,100,1cfd083f,8,   6.156308,0.81562394,2.25661512,   0.00000,0
1592510819.984424,101,18feee3f,8,   0.000000,0.00000000,0.00000000,  75.56250,0
1592510851.445096,104,1cfd083f,8,   6.156308,0.81562394,2.25661512,   0.00000,0
1592510851.445651,105,18feee3f,8,   0.000000,0.00000000,0.00000000,  75.56250,0
1592510882.908339,108,1cfd083f,8,   6.156308,0.81562394,2.25661512,   0.00000,0
1592510882.908908,109,18feee3f,8,   0.000000,0.00000000,0.00000000,  75.56250,0
1592510914.367636,112,1cfd083f,8,   6.359435,0.81708902,2.26186420,   0.00000,0
1592510914.368211,113,18feee3f,8,   0.000000,0.00000000,0.00000000,  76.21875,0
1592510945.828925,116,1cfd083f,8,   6.359435,0.81708902,2.26186420,   0.00000,0
1592510945.829496,117,18feee3f,8,   0.000000,0.00000000,0.00000000,  76.21875,0
1592510977.291790,120,1cfd083f,8,   6.359435,0.81708902,2.26186420,   0.00000,0
1592510977.292361,121,18feee3f,8,   0.000000,0.00000000,0.00000000,  76.21875,0
1592511008.751525,124,1cfd083f,8,   6.375060,0.81751634,2.26418356,   0.00000,0
1592511008.752093,125,18feee3f,8,   0.000000,0.00000000,0.00000000,  77.75000,0
1592511040.212791,128,1cfd083f,8,   6.375060,0.81751634,2.26418356,   0.00000,0
1592511040.213355,129,18feee3f,8,   0.000000,0.00000000,0.00000000,  77.87500,0
1592511071.675267,132,1cfd083f,8,   6.375060,0.81751634,2.26418356,   0.00000,0
1592511071.675800,133,18feee3f,8,   0.000000,0.00000000,0.00000000,  77.87500,0
1592511103.135371,136,1cfd083f,8,   6.375060,0.81751634,2.26418356,   0.00000,0
1592511103.135942,137,18feee3f,8,   0.000000,0.00000000,0.00000000,  77.87500,0
1592511134.596647,140,1cfd083f,8,   6.343809,0.81681432,2.26406149,   0.00000,0
1592511134.597189,141,18feee3f,8,   0.000000,0.00000000,0.00000000,-250.90625,0
1592511166.058683,144,1cfd083f,8,   6.343809,0.81681432,2.26406149,   0.00000,0
1592511166.059272,145,18feee3f,8,   0.000000,0.00000000,0.00000000,-250.90625,0
1592511197.519202,148,1cfd083f,8,   6.343809,0.81681432,2.26406149,   0.00000,0
1592511197.519784,149,18feee3f,8,   0.000000,0.00000000,0.00000000,-250.90625,0
1592511228.980504,152,1cfd083f,8,   6.140683,0.81559342,2.26064348,   0.00000,0
1592511228.981070,153,18feee3f,8,   0.000000,0.00000000,0.00000000,  79.68750,0
1592511260.442159,156,1cfd083f,8,   6.140683,0.81559342,2.26064348,   0.00000,0
1592511260.442737,157,18feee3f,8,   0.000000,0.00000000,0.00000000,  79.71875,0
1592511291.903105,160,1cfd083f,8,   6.140683,0.81559342,2.26064348,   0.00000,0
1592511291.903669,161,18feee3f,8,   0.000000,0.00000000,0.00000000,  79.71875,0
1592511323.364385,164,1cfd083f,8,   6.015681,0.81571551,2.25869034,   0.00000,0
1592511323.364935,165,18feee3f,8,   0.000000,0.00000000,0.00000000,  79.71875,0
1592511354.825675,168,1cfd083f,8,   6.015681,0.81571551,2.25869034,   0.00000,0
1592511354.826250,169,18feee3f,8,   0.000000,0.00000000,0.00000000,  79.65625,0
1592511386.286952,172,1cfd083f,8,   6.015681,0.81571551,2.25869034,   0.00000,0
1592511386.287516,173,18feee3f,8,   0.000000,0.00000000,0.00000000,  79.65625,0
1592511417.748242,176,1cfd083f,8,   6.015681,0.81571551,2.25869034,   0.00000,0
1592511417.748820,177,18feee3f,8,   0.000000,0.00000000,0.00000000,  79.65625,0
1592511449.211519,180,1cfd083f,8,   5.968806,0.81501349,2.25722548,   0.00000,0
1592511449.212082,181,18feee3f,8,   0.000000,0.00000000,0.00000000,-250.87500,0
1592511480.670882,184,1cfd083f,8,   5.968806,0.81501349,2.25722548,   0.00000,0
1592511480.671453,185,18feee3f,8,   0.000000,0.00000000,0.00000000,-250.87500,0
1592511512.132229,188,1cfd083f,8,   5.968806,0.81501349,2.25722548,   0.00000,0
1592511512.132795,189,18feee3f,8,   0.000000,0.00000000,0.00000000,-250.87500,0
1592511543.595129,192,1cfd083f,8,   6.000056,0.81470826,2.25576062,   0.00000,0
1592511543.595677,193,18feee3f,8,   0.000000,0.00000000,0.00000000,  78.65625,0
1592511575.054888,196,1cfd083f,8,   6.000056,0.81470826,2.25576062,   0.00000,0
1592511575.055448,197,18feee3f,8,   0.000000,0.00000000,0.00000000,  78.59375,0
1592511606.516213,200,1cfd083f,8,   6.000056,0.81470826,2.25576062,   0.00000,0
1592511606.516782,201,18feee3f,8,   0.000000,0.00000000,0.00000000,  78.59375,0
1592511637.977541,204,1cfd083f,8,   6.000056,0.81470826,2.25576062,   0.00000,0
1592511637.978083,205,18feee3f,8,   0.000000,0.00000000,0.00000000,  78.59375,0
1592511669.438853,208,1cfd083f,8,   6.046932,0.81547133,2.25698134,   0.00000,0
1592511669.439416,209,18feee3f,8,   0.000000,0.00000000,0.00000000,  78.28125,0
1592511700.900185,212,1cfd083f,8,   6.046932,0.81547133,2.25698134,   0.00000,0
1592511700.900755,213,18feee3f,8,   0.000000,0.00000000,0.00000000,  78.28125,0
1592511732.361478,216,1cfd083f,8,   6.046932,0.81547133,2.25698134,   0.00000,0
1592511732.362051,217,18feee3f,8,   0.000000,0.00000000,0.00000000,  78.28125,0
1592511763.824376,220,1cfd083f,8,   6.046932,0.81547133,2.25698134,   0.00000,0
1592511763.824948,221,18feee3f,8,   0.000000,0.00000000,0.00000000,  78.28125,0
1592511795.284152,224,1cfd083f,8,   6.062557,0.81599021,2.25917862,   0.00000,0
1592511795.284686,225,18feee3f,8,   0.000000,0.00000000,0.00000000,  78.46875,0
1592511826.745408,228,1cfd083f,8,   6.062557,0.81599021,2.25917862,   0.00000,0
1592511826.745977,229,18feee3f,8,   0.000000,0.00000000,0.00000000,  78.46875,0
1592511858.207922,232,1cfd083f,8,   6.062557,0.81599021,2.25917862,   0.00000,0
1592511858.208457,233,18feee3f,8,   0.000000,0.00000000,0.00000000,  78.46875,0
1592511889.668064,236,1cfd083f,8,   6.062557,0.81599021,2.25917862,   0.00000,0
1592511889.668626,237,18feee3f,8,   0.000000,0.00000000,0.00000000,  78.46875,0
1592511921.129382,240,1cfd083f,8,   6.156308,0.81528819,2.25893448,   0.00000,0
1592511921.129942,241,18feee3f,8,   0.000000,0.00000000,0.00000000,-250.93750,0
1592511952.591442,244,1cfd083f,8,   6.156308,0.81528819,2.25893448,   0.00000,0
1592511952.592007,245,18feee3f,8,   0.000000,0.00000000,0.00000000,-250.90625,0
1592511984.051970,248,1cfd083f,8,   6.156308,0.81528819,2.25893448,   0.00000,0
1592511984.052570,249,18feee3f,8,   0.000000,0.00000000,0.00000000,-250.90625,0
1592512015.513309,252,1cfd083f,8,   6.125057,0.81586812,2.25893448,   0.00000,0
1592512015.513855,253,18feee3f,8,   0.000000,0.00000000,0.00000000,-250.56250,0
1592512046.975009,256,1cfd083f,8,   6.125057,0.81586812,2.25893448,   0.00000,0
1592512046.975551,257,18feee3f,8,   0.000000,0.00000000,0.00000000,  79.50000,0
1592512078.435945,260,1cfd083f,8,   6.125057,0.81586812,2.25893448,   0.00000,0
1592512078.436480,261,18feee3f,8,   0.000000,0.00000000,0.00000000,  79.50000,0
1592512109.897231,264,1cfd083f,8,   6.125057,0.81586812,2.25893448,   0.00000,0
1592512109.897840,265,18feee3f,8,   0.000000,0.00000000,0.00000000,  79.50000,0
1592512141.358539,268,1cfd083f,8,   6.062557,0.81528819,2.25771377,   0.00000,0
1592512141.359103,269,18feee3f,8,   0.000000,0.00000000,0.00000000,  79.71875,0
1592512172.819873,272,1cfd083f,8,   6.062557,0.81528819,2.25771377,   0.00000,0
1592512172.820487,273,18feee3f,8,   0.000000,0.00000000,0.00000000,  79.71875,0
1592512204.281150,276,1cfd083f,8,   6.062557,0.81528819,2.25771377,   0.00000,0
1592512204.281728,277,18feee3f,8,   0.000000,0.00000000,0.00000000,  79.71875,0
1592512235.744426,280,1cfd083f,8,   6.000056,0.81492192,2.25661512,   0.00000,0
1592512235.745021,281,18feee3f,8,   0.000000,0.00000000,0.00000000,  79.68750,0
1592512267.203780,284,1cfd083f,8,   6.000056,0.81492192,2.25661512,   0.00000,0
1592512267.204335,285,18feee3f,8,   0.000000,0.00000000,0.00000000,  79.71875,0
1592512298.665080,288,1cfd083f,8,   6.000056,0.81492192,2.25661512,   0.00000,0
1592512298.665660,289,18feee3f,8,   0.000000,0.00000000,0.00000000,  79.71875,0
1592512330.126398,292,1cfd083f,8,   6.000056,0.81492192,2.25661512,   0.00000,0
1592512330.126976,293,18feee3f,8,   0.000000,0.00000000,0.00000000,  79.71875,0
1592512361.587698,296,1cfd083f,8,   6.031307,0.81501349,2.25551648,   0.00000,0
1592512361.588275,297,18feee3f,8,   0.000000,0.00000000,0.00000000,  79.56250,0
1592512393.048995,300,1cfd083f,8,   6.031307,0.81501349,2.25551648,   0.00000,0
1592512393.049553,301,18feee3f,8,   0.000000,0.00000000,0.00000000,  79.56250,0
1592512424.510296,304,1cfd083f,8,   6.031307,0.81501349,2.25551648,   0.00000,0
1592512424.510889,305,18feee3f,8,   0.000000,0.00000000,0.00000000,  79.56250,0
1592512455.971636,308,1cfd083f,8,   6.015681,0.81476931,2.25637098,   0.00000,0
1592512455.972175,309,18feee3f,8,   0.000000,0.00000000,0.00000000,-250.59375,0
1592512487.432930,312,1cfd083f,8,   6.015681,0.81476931,2.25637098,   0.00000,0
1592512487.433504,313,18feee3f,8,   0.000000,0.00000000,0.00000000,-250.62500,0
1592512518.894210,316,1cfd083f,8,   6.015681,0.81476931,2.25637098,   0.00000,0
1592512518.894809,317,18feee3f,8,   0.000000,0.00000000,0.00000000,-250.62500,0
1592512550.355516,320,1cfd083f,8,   6.000056,0.81534924,2.25661512,   0.00000,0
1592512550.356079,321,18feee3f,8,   0.000000,0.00000000,0.00000000,-250.65625,0
1592512581.816845,324,1cfd083f,8,   6.000056,0.81534924,2.25661512,   0.00000,0
1592512581.817416,325,18feee3f,8,   0.000000,0.00000000,0.00000000,-250.71875,0
1592512613.278143,328,1cfd083f,8,   6.000056,0.81534924,2.25661512,   0.00000,0
1592512613.278709,329,18feee3f,8,   0.000000,0.00000000,0.00000000,-250.71875,0
1592512644.740621,332,1cfd083f,8,   6.000056,0.81534924,2.25661512,   0.00000,0
1592512644.741156,333,18feee3f,8,   0.000000,0.00000000,0.00000000,-250.71875,0
1592512676.200744,336,1cfd083f,8,   6.000056,0.81534924,2.25661512,   0.00000,0
1592512676.201309,337,18feee3f,8,   0.000000,0.00000000,0.00000000,-250.71875,0
1592512707.662051,340,1cfd083f,8,   6.062557,0.81528819,2.25722548,   0.00000,0
1592512707.662626,341,18feee3f,8,   0.000000,0.00000000,0.00000000,-250.65625,0
1592512739.124097,344,1cfd083f,8,   6.062557,0.81528819,2.25722548,   0.00000,0
1592512739.124661,345,18feee3f,8,   0.000000,0.00000000,0.00000000,-250.65625,0
1592512770.584650,348,1cfd083f,8,   6.062557,0.81528819,2.25722548,   0.00000,0
1592512770.585221,349,18feee3f,8,   0.000000,0.00000000,0.00000000,-250.65625,0
1592512802.045940,352,1cfd083f,8,   6.046932,0.81528819,2.25734755,   0.00000,0
1592512802.046526,353,18feee3f,8,   0.000000,0.00000000,0.00000000,  79.56250,0
1592512833.507606,356,1cfd083f,8,   6.046932,0.81528819,2.25734755,   0.00000,0
1592512833.508177,357,18feee3f,8,   0.000000,0.00000000,0.00000000,  79.56250,0
1592512864.968538,360,1cfd083f,8,   6.046932,0.81528819,2.25734755,   0.00000,0
1592512864.969119,361,18feee3f,8,   0.000000,0.00000000,0.00000000,  79.56250,0
1592512896.429861,364,1cfd083f,8,   6.062557,0.81425043,2.25673719,   0.00000,0
1592512896.430423,365,18feee3f,8,   0.000000,0.00000000,0.00000000,  79.68750,0
1592512927.891169,368,1cfd083f,8,   6.062557,0.81425043,2.25673719,   0.00000,0
1592512927.891734,369,18feee3f,8,   0.000000,0.00000000,0.00000000,  79.71875,0
1592512959.352458,372,1cfd083f,8,   6.062557,0.81425043,2.25673719,   0.00000,0
1592512959.353018,373,18feee3f,8,   0.000000,0.00000000,0.00000000,  79.71875,0
1592512990.813763,376,1cfd083f,8,   6.062557,0.81425043,2.25673719,   0.00000,0
1592512990.814333,377,18feee3f,8,   0.000000,0.00000000,0.00000000,  79.71875,0
1592513022.277019,380,1cfd083f,8,   6.015681,0.81516610,2.25661512,   0.00000,0
1592513022.277582,381,18feee3f,8,   0.000000,0.00000000,0.00000000,  79.96875,0
1592513053.736349,384,1cfd083f,8,   6.015681,0.81516610,2.25661512,   0.00000,0
1592513053.736920,385,18feee3f,8,   0.000000,0.00000000,0.00000000,  79.93750,0
1592513085.197661,388,1cfd083f,8,   6.015681,0.81516610,2.25661512,   0.00000,0
1592513085.198233,389,18feee3f,8,   0.000000,0.00000000,0.00000000,  79.93750,0
1592513116.658953,392,1cfd083f,8,   6.015681,0.81516610,2.25661512,   0.00000,0
1592513116.659546,393,18feee3f,8,   0.000000,0.00000000,0.00000000,  79.93750,0
1592513148.120258,396,1cfd083f,8,   5.984431,0.81516610,2.25637098,   0.00000,0
1592513148.120853,397,18feee3f,8,   0.000000,0.00000000,0.00000000,  80.09375,0
1592513179.581562,400,1cfd083f,8,   5.984431,0.81516610,2.25637098,   0.00000,0
1592513179.582126,401,18feee3f,8,   0.000000,0.00000000,0.00000000,  80.09375,0
1592513211.042859,404,1cfd083f,8,   5.984431,0.81516610,2.25637098,   0.00000,0
1592513211.043428,405,18feee3f,8,   0.000000,0.00000000,0.00000000,  80.09375,0
1592513242.506139,408,1cfd083f,8,   5.984431,0.81504401,2.25539441,   0.00000,0
1592513242.506707,409,18feee3f,8,   0.000000,0.00000000,0.00000000,  80.15625,0
1592513273.965501,412,1cfd083f,8,   5.984431,0.81504401,2.25539441,   0.00000,0
1592513273.966030,413,18feee3f,8,   0.000000,0.00000000,0.00000000,  80.15625,0
1592513305.426768,416,1cfd083f,8,   5.984431,0.81504401,2.25539441,   0.00000,0
1592513305.427349,417,18feee3f,8,   0.000000,0.00000000,0.00000000,  80.15625,0
1592513336.888107,420,1cfd083f,8,   6.000056,0.81476931,2.25441783,   0.00000,0
1592513336.888667,421,18feee3f,8,   0.000000,0.00000000,0.00000000,  80.15625,0
1592513368.349377,424,1cfd083f,8,   6.000056,0.81476931,2.25441783,   0.00000,0
1592513368.349960,425,18feee3f,8,   0.000000,0.00000000,0.00000000,  80.18750,0
1592513399.810696,428,1cfd083f,8,   6.000056,0.81476931,2.25441783,   0.00000,0
1592513399.811259,429,18feee3f,8,   0.000000,0.00000000,0.00000000,  80.18750,0
1592513431.273155,432,1cfd083f,8,   6.000056,0.81476931,2.25441783,   0.00000,0
1592513431.273719,433,18feee3f,8,   0.000000,0.00000000,0.00000000,  80.18750,0
1592513462.733278,436,1cfd083f,8,   5.984431,0.81486088,2.25502819,   0.00000,0
1592513462.733870,437,18feee3f,8,   0.000000,0.00000000,0.00000000,  80.25000,0
1592513494.194593,440,1cfd083f,8,   5.984431,0.81486088,2.25502819,   0.00000,0
1592513494.195194,441,18feee3f,8,   0.000000,0.00000000,0.00000000,  80.25000,0
1592513525.657000,444,1cfd083f,8,   5.984431,0.81486088,2.25502819,   0.00000,0
1592513525.657593,445,18feee3f,8,   0.000000,0.00000000,0.00000000,  80.25000,0
1592513557.118077,448,1cfd083f,8,   5.984431,0.81434199,2.25515026,   0.00000,0
1592513557.118661,449,18feee3f,8,   0.000000,0.00000000,0.00000000,  80.15625,0
1592513588.579881,452,1cfd083f,8,   5.984431,0.81434199,2.25515026,   0.00000,0
1592513588.580511,453,18feee3f,8,   0.000000,0.00000000,0.00000000,  80.15625,0
1592513620.042045,456,1cfd083f,8,   5.984431,0.81434199,2.25515026,   0.00000,0
1592513620.042615,457,18feee3f,8,   0.000000,0.00000000,0.00000000,  80.15625,0
1592513651.503437,460,1cfd083f,8,   5.984431,0.81394520,2.25527233,   0.00000,0
1592513651.504059,461,18feee3f,8,   0.000000,0.00000000,0.00000000,  80.09375,0
1592513682.965179,464,1cfd083f,8,   5.984431,0.81394520,2.25527233,   0.00000,0
1592513682.965741,465,18feee3f,8,   0.000000,0.00000000,0.00000000,  80.09375,0
1592513714.426873,468,1cfd083f,8,   5.984431,0.81394520,2.25527233,   0.00000,0
1592513714.427467,469,18feee3f,8,   0.000000,0.00000000,0.00000000,  80.09375,0
1592513745.888557,472,1cfd083f,8,   5.968806,0.81446408,2.25527233,   0.00000,0
1592513745.889156,473,18feee3f,8,   0.000000,0.00000000,0.00000000,  79.96875,0
1592513777.350225,476,1cfd083f,8,   5.968806,0.81446408,2.25527233,   0.00000,0
1592513777.350817,477,18feee3f,8,   0.000000,0.00000000,0.00000000,  79.96875,0
1592513808.811886,480,1cfd083f,8,   5.968806,0.81446408,2.25527233,   0.00000,0
1592513808.812480,481,18feee3f,8,   0.000000,0.00000000,0.00000000,  79.96875,0
1592513840.273519,484,1cfd083f,8,   5.984431,0.81516610,2.25539441,   0.00000,0
1592513840.274079,485,18feee3f,8,   0.000000,0.00000000,0.00000000,  79.78125,0
1592513871.735125,488,1cfd083f,8,   5.984431,0.81516610,2.25539441,   0.00000,0
1592513871.735697,489,18feee3f,8,   0.000000,0.00000000,0.00000000,  79.78125,0
1592513903.196726,492,1cfd083f,8,   5.984431,0.81516610,2.25539441,   0.00000,0
1592513903.197301,493,18feee3f,8,   0.000000,0.00000000,0.00000000,  79.78125,0
1592513934.658345,496,1cfd083f,8,   5.984431,0.81516610,2.25539441,   0.00000,0
1592513934.658885,497,18feee3f,8,   0.000000,0.00000000,0.00000000,  79.78125,0
1592513966.119901,500,1cfd083f,8,   5.984431,0.81553237,2.25356333,   0.00000,0
1592513966.120478,501,18feee3f,8,   0.000000,0.00000000,0.00000000,  79.50000,0
1592513997.581460,504,1cfd083f,8,   5.984431,0.81553237,2.25356333,   0.00000,0
1592513997.582040,505,18feee3f,8,   0.000000,0.00000000,0.00000000,  79.50000,0
1592514029.044988,508,1cfd083f,8,   5.984431,0.81553237,2.25356333,   0.00000,0
1592514029.045552,509,18feee3f,8,   0.000000,0.00000000,0.00000000,  79.50000,0
1592514060.504560,512,1cfd083f,8,   6.000056,0.81556290,2.25539441,   0.00000,0
1592514060.505128,513,18feee3f,8,   0.000000,0.00000000,0.00000000,-250.59375,0
1592514091.966068,516,1cfd083f,8,   6.000056,0.81556290,2.25539441,   0.00000,0
1592514091.966637,517,18feee3f,8,   0.000000,0.00000000,0.00000000,-250.65625,0
1592514123.429159,520,1cfd083f,8,   6.000056,0.81556290,2.25539441,   0.00000,0
1592514123.429749,521,18feee3f,8,   0.000000,0.00000000,0.00000000,-250.65625,0
1592514154.889088,524,1cfd083f,8,   6.031307,0.81568499,2.25588269,   0.00000,0
1592514154.889667,525,18feee3f,8,   0.000000,0.00000000,0.00000000,-250.65625,0
1592514186.350608,528,1cfd083f,8,   6.031307,0.81568499,2.25588269,   0.00000,0
1592514186.351183,529,18feee3f,8,   0.000000,0.00000000,0.00000000,-250.65625,0
1592514217.813274,532,1cfd083f,8,   6.031307,0.81568499,2.25588269,   0.00000,0
1592514217.813847,533,18feee3f,8,   0.000000,0.00000000,0.00000000,-250.65625,0
1592514249.273578,536,1cfd083f,8,   6.031307,0.81568499,2.25588269,   0.00000,0
1592514249.274153,537,18feee3f,8,   0.000000,0.00000000,0.00000000,-250.65625,0
1592514280.735027,540,1cfd083f,8,   6.062557,0.81510506,2.26638085,   0.00000,0
1592514280.735593,541,18feee3f,8,   0.000000,0.00000000,0.00000000,  79.53125,0
1592514312.197255,544,1cfd083f,8,   6.062557,0.81510506,2.26638085,   0.00000,0
1592514312.197819,545,18feee3f,8,   0.000000,0.00000000,0.00000000,  79.53125,0
1592514343.657972,548,1cfd083f,8,   6.062557,0.81510506,2.26638085,   0.00000,0
1592514343.658539,549,18feee3f,8,   0.000000,0.00000000,0.00000000,  79.53125,0
1592514375.119397,552,1cfd083f,8,   6.062557,0.81547133,2.26430563,   0.00000,0
1592514375.119983,553,18feee3f,8,   0.000000,0.00000000,0.00000000,  79.75000,0
1592514406.581230,556,1cfd083f,8,   6.062557,0.81547133,2.26430563,   0.00000,0
1592514406.581809,557,18feee3f,8,   0.000000,0.00000000,0.00000000,  79.75000,0
1592514438.042324,560,1cfd083f,8,   6.062557,0.81547133,2.26430563,   0.00000,0
1592514438.042889,561,18feee3f,8,   0.000000,0.00000000,0.00000000,  79.75000,0
1592514469.503783,564,1cfd083f,8,   6.015681,0.81455565,2.26516013,   0.00000,0
1592514469.504348,565,18feee3f,8,   0.000000,0.00000000,0.00000000,  79.90625,0
1592514500.965186,568,1cfd083f,8,   6.015681,0.81455565,2.26516013,   0.00000,0
1592514500.965752,569,18feee3f,8,   0.000000,0.00000000,0.00000000,  79.93750,0
1592514532.426621,572,1cfd083f,8,   6.015681,0.81455565,2.26516013,   0.00000,0
1592514532.427189,573,18feee3f,8,   0.000000,0.00000000,0.00000000,  79.93750,0
1592514563.888044,576,1cfd083f,8,   6.015681,0.81455565,2.26516013,   0.00000,0
1592514563.888623,577,18feee3f,8,   0.000000,0.00000000,0.00000000,  79.93750,0
1592514595.349481,580,1cfd083f,8,   6.015681,0.81455565,2.26516013,   0.00000,0
1592514595.350054,581,18feee3f,8,   0.000000,0.00000000,0.00000000,  79.93750,0
1592514626.810909,584,1cfd083f,8,   6.000056,0.81486088,2.26564842,   0.00000,0
1592514626.811476,585,18feee3f,8,   0.000000,0.00000000,0.00000000,  80.06250,0
1592514658.272315,588,1cfd083f,8,   6.000056,0.81486088,2.26564842,   0.00000,0
1592514658.272888,589,18feee3f,8,   0.000000,0.00000000,0.00000000,  80.06250,0
1592514689.733725,592,1cfd083f,8,   6.000056,0.81486088,2.26564842,   0.00000,0
1592514689.734299,593,18feee3f,8,   0.000000,0.00000000,0.00000000,  80.06250,0
1592514721.195128,596,1cfd083f,8,   6.000056,0.81486088,2.26564842,   0.00000,0
1592514721.195694,597,18feee3f,8,   0.000000,0.00000000,0.00000000,  80.06250,0
1592514752.656570,600,1cfd083f,8,   6.000056,0.81437252,2.26540427,   0.00000,0
1592514752.657100,601,18feee3f,8,   0.000000,0.00000000,0.00000000,  80.12500,0
1592514784.117948,604,1cfd083f,8,   6.000056,0.81437252,2.26540427,   0.00000,0
1592514784.118521,605,18feee3f,8,   0.000000,0.00000000,0.00000000,  80.12500,0
1592514815.581304,608,1cfd083f,8,   6.000056,0.81437252,2.26540427,   0.00000,0
1592514815.581869,609,18feee3f,8,   0.000000,0.00000000,0.00000000,  80.12500,0
1592514847.040731,612,1cfd083f,8,   5.953181,0.81464722,2.26442770,   0.00000,0
1592514847.041296,613,18feee3f,8,   0.000000,0.00000000,0.00000000,  80.09375,0
1592514878.502147,616,1cfd083f,8,   5.953181,0.81464722,2.26442770,   0.00000,0
1592514878.502713,617,18feee3f,8,   0.000000,0.00000000,0.00000000,  80.09375,0
1592514909.965099,620,1cfd083f,8,   5.953181,0.81464722,2.26442770,   0.00000,0
1592514909.965676,621,18feee3f,8,   0.000000,0.00000000,0.00000000,  80.09375,0
1592514941.424919,624,1cfd083f,8,   6.000056,0.81428095,2.26467185,   0.00000,0
1592514941.425509,625,18feee3f,8,   0.000000,0.00000000,0.00000000,  80.18750,0
1592514972.886309,628,1cfd083f,8,   6.000056,0.81428095,2.26467185,   0.00000,0
1592514972.886879,629,18feee3f,8,   0.000000,0.00000000,0.00000000,  80.15625,0
1592515004.348868,632,1cfd083f,8,   6.000056,0.81428095,2.26467185,   0.00000,0
1592515004.349416,633,18feee3f,8,   0.000000,0.00000000,0.00000000,  80.15625,0
1592515035.809061,636,1cfd083f,8,   6.000056,0.81428095,2.26467185,   0.00000,0
1592515035.809693,637,18feee3f,8,   0.000000,0.00000000,0.00000000,  80.15625,0
1592515067.270441,640,1cfd083f,8,   6.000056,0.81483035,2.25539441,   0.00000,0
1592515067.271081,641,18feee3f,8,   0.000000,0.00000000,0.00000000,  80.18750,0
1592515098.732581,644,1cfd083f,8,   6.000056,0.81483035,2.25539441,   0.00000,0
1592515098.733162,645,18feee3f,8,   0.000000,0.00000000,0.00000000,  80.18750,0
1592515130.193225,648,1cfd083f,8,   6.000056,0.81483035,2.25539441,   0.00000,0
1592515130.193813,649,18feee3f,8,   0.000000,0.00000000,0.00000000,  80.18750,0
1592515161.654600,652,1cfd083f,8,   6.000056,0.81464722,2.25515026,   0.00000,0
1592515161.655171,653,18feee3f,8,   0.000000,0.00000000,0.00000000,  80.28125,0
1592515193.116349,656,1cfd083f,8,   6.000056,0.81464722,2.25515026,   0.00000,0
1592515193.116902,657,18feee3f,8,   0.000000,0.00000000,0.00000000,  80.28125,0
1592515224.577345,660,1cfd083f,8,   6.000056,0.81464722,2.25515026,   0.00000,0
1592515224.577904,661,18feee3f,8,   0.000000,0.00000000,0.00000000,  80.28125,0
1592515256.038708,664,1cfd083f,8,   6.000056,0.81440304,2.25429576,   0.00000,0
1592515256.039276,665,18feee3f,8,   0.000000,0.00000000,0.00000000,  80.28125,0
1592515287.500090,668,1cfd083f,8,   6.000056,0.81440304,2.25429576,   0.00000,0
1592515287.500660,669,18feee3f,8,   0.000000,0.00000000,0.00000000,  80.21875,0
1592515318.961446,672,1cfd083f,8,   6.000056,0.81440304,2.25429576,   0.00000,0
1592515318.962046,673,18feee3f,8,   0.000000,0.00000000,0.00000000,  80.21875,0
1592515350.422844,676,1cfd083f,8,   6.000056,0.81440304,2.25429576,   0.00000,0
1592515350.423414,677,18feee3f,8,   0.000000,0.00000000,0.00000000,  80.21875,0
1592515381.886189,680,1cfd083f,8,   5.937556,0.81522715,2.25539441,   0.00000,0
1592515381.886728,681,18feee3f,8,   0.000000,0.00000000,0.00000000,  80.15625,0
1592515413.345593,684,1cfd083f,8,   5.937556,0.81522715,2.25539441,   0.00000,0
1592515413.346132,685,18feee3f,8,   0.000000,0.00000000,0.00000000,  80.15625,0
1592515444.806954,688,1cfd083f,8,   5.937556,0.81522715,2.25539441,   0.00000,0
1592515444.807523,689,18feee3f,8,   0.000000,0.00000000,0.00000000,  80.15625,0
1592515476.269864,692,1cfd083f,8,   5.968806,0.81455565,2.25441783,   0.00000,0
1592515476.270445,693,18feee3f,8,   0.000000,0.00000000,0.00000000,  79.93750,0
1592515507.729690,696,1cfd083f,8,   5.968806,0.81455565,2.25441783,   0.00000,0
1592515507.730255,697,18feee3f,8,   0.000000,0.00000000,0.00000000,  79.93750,0
1592515539.191053,700,1cfd083f,8,   5.968806,0.81455565,2.25441783,   0.00000,0
1592515539.191619,701,18feee3f,8,   0.000000,0.00000000,0.00000000,  79.93750,0
1592515570.653581,704,1cfd083f,8,   6.015681,0.81461670,2.25490612,   0.00000,0
1592515570.654142,705,18feee3f,8,   0.000000,0.00000000,0.00000000,  79.62500,0
1592515602.115744,708,1cfd083f,8,   6.015681,0.81461670,2.25490612,   0.00000,0
1592515602.116319,709,18feee3f,8,   0.000000,0.00000000,0.00000000,  79.65625,0
1592515633.575140,712,1cfd083f,8,   6.015681,0.81461670,2.25490612,   0.00000,0
1592515633.575710,713,18feee3f,8,   0.000000,0.00000000,0.00000000,  79.65625,0
1592515665.036511,716,1cfd083f,8,   6.015681,0.81461670,2.25490612,   0.00000,0
1592515665.037080,717,18feee3f,8,   0.000000,0.00000000,0.00000000,  79.65625,0
1592515696.499453,720,1cfd083f,8,   6.015681,0.81461670,2.25490612,   0.00000,0
1592515696.500004,721,18feee3f,8,   0.000000,0.00000000,0.00000000,  79.65625,0
1592515727.959248,724,1cfd083f,8,   6.031307,0.81498297,2.25441783,   0.00000,0
1592515727.959798,725,18feee3f,8,   0.000000,0.00000000,0.00000000,-250.56250,0
1592515759.420586,728,1cfd083f,8,   6.031307,0.81498297,2.25441783,   0.00000,0
1592515759.421151,729,18feee3f,8,   0.000000,0.00000000,0.00000000,-250.56250,0
1592515790.883117,732,1cfd083f,8,   6.031307,0.81498297,2.25441783,   0.00000,0
1592515790.883692,733,18feee3f,8,   0.000000,0.00000000,0.00000000,-250.56250,0
1592515822.343315,736,1cfd083f,8,   6.031307,0.81498297,2.25441783,   0.00000,0
1592515822.343885,737,18feee3f,8,   0.000000,0.00000000,0.00000000,-250.56250,0
1592515853.804703,740,1cfd083f,8,   6.046932,0.81537976,2.25588269,   0.00000,0
1592515853.805273,741,18feee3f,8,   0.000000,0.00000000,0.00000000,-250.56250,0
1592515885.266806,744,1cfd083f,8,   6.046932,0.81537976,2.25588269,   0.00000,0
1592515885.267383,745,18feee3f,8,   0.000000,0.00000000,0.00000000,  79.50000,0
1592515916.727403,748,1cfd083f,8,   6.046932,0.81537976,2.25588269,   0.00000,0
1592515916.727973,749,18feee3f,8,   0.000000,0.00000000,0.00000000,  79.50000,0
1592515948.188797,752,1cfd083f,8,   6.046932,0.81537976,2.25588269,   0.00000,0
1592515948.189335,753,18feee3f,8,   0.000000,0.00000000,0.00000000,  79.50000,0
1592515979.650147,756,1cfd083f,8,   6.031307,0.81531872,2.25722548,   0.00000,0
1592515979.650686,757,18feee3f,8,   0.000000,0.00000000,0.00000000,  79.71875,0
1592516011.111491,760,1cfd083f,8,   6.031307,0.81531872,2.25722548,   0.00000,0
1592516011.112060,761,18feee3f,8,   0.000000,0.00000000,0.00000000,  79.75000,0
1592516042.572878,764,1cfd083f,8,   6.031307,0.81531872,2.25722548,   0.00000,0
1592516042.573413,765,18feee3f,8,   0.000000,0.00000000,0.00000000,  79.75000,0
1592516074.034229,768,1cfd083f,8,   6.078182,0.81507453,2.25624891,   0.00000,0
1592516074.034792,769,18feee3f,8,   0.000000,0.00000000,0.00000000,  79.93750,0
1592516105.495627,772,1cfd083f,8,   6.078182,0.81507453,2.25624891,   0.00000,0
1592516105.496121,773,18feee3f,8,   0.000000,0.00000000,0.00000000,  79.93750,0
1592516136.956939,776,1cfd083f,8,   6.078182,0.81507453,2.25624891,   0.00000,0
1592516136.957503,777,18feee3f,8,   0.000000,0.00000000,0.00000000,  79.93750,0
1592516168.420255,780,1cfd083f,8,   6.000056,0.81510506,2.25515026,   0.00000,0
1592516168.420818,781,18feee3f,8,   0.000000,0.00000000,0.00000000,  80.15625,0
1592516199.879665,784,1cfd083f,8,   6.000056,0.81510506,2.25515026,   0.00000,0
1592516199.880229,785,18feee3f,8,   0.000000,0.00000000,0.00000000,  80.15625,0
1592516231.341030,788,1cfd083f,8,   6.000056,0.81510506,2.25515026,   0.00000,0
1592516231.341564,789,18feee3f,8,   0.000000,0.00000000,0.00000000,  80.15625,0
1592516262.802350,792,1cfd083f,8,   6.000056,0.81510506,2.25515026,   0.00000,0
1592516262.802922,793,18feee3f,8,   0.000000,0.00000000,0.00000000,  80.15625,0
1592516294.263719,796,1cfd083f,8,   6.000056,0.81519663,2.25576062,   0.00000,0
1592516294.264302,797,18feee3f,8,   0.000000,0.00000000,0.00000000,  80.28125,0
1592516325.725095,800,1cfd083f,8,   6.000056,0.81519663,2.25576062,   0.00000,0
1592516325.725669,801,18feee3f,8,   0.000000,0.00000000,0.00000000,  80.28125,0
1592516357.186448,804,1cfd083f,8,   6.000056,0.81519663,2.25576062,   0.00000,0
1592516357.187031,805,18feee3f,8,   0.000000,0.00000000,0.00000000,  80.28125,0
1592516388.647807,808,1cfd083f,8,   5.984431,0.81397572,2.25539441,   0.00000,0
1592516388.648376,809,18feee3f,8,   0.000000,0.00000000,0.00000000,  80.31250,0
1592516420.109170,812,1cfd083f,8,   5.984431,0.81397572,2.25539441,   0.00000,0
1592516420.109825,813,18feee3f,8,   0.000000,0.00000000,0.00000000,  80.28125,0
1592516451.570501,816,1cfd083f,8,   5.984431,0.81397572,2.25539441,   0.00000,0
1592516451.571071,817,18feee3f,8,   0.000000,0.00000000,0.00000000,  80.28125,0
1592516483.031879,820,1cfd083f,8,   6.000056,0.81479983,2.25453990,   0.00000,0
1592516483.032442,821,18feee3f,8,   0.000000,0.00000000,0.00000000,  80.34375,0
1592516514.493246,824,1cfd083f,8,   6.000056,0.81479983,2.25453990,   0.00000,0
1592516514.493810,825,18feee3f,8,   0.000000,0.00000000,0.00000000,  80.28125,0
1592516545.954591,828,1cfd083f,8,   6.000056,0.81479983,2.25453990,   0.00000,0
1592516545.955160,829,18feee3f,8,   0.000000,0.00000000,0.00000000,  80.28125,0
1592516577.417121,832,1cfd083f,8,   6.000056,0.81479983,2.25453990,   0.00000,0
1592516577.417685,833,18feee3f,8,   0.000000,0.00000000,0.00000000,  80.28125,0
1592516608.877333,836,1cfd083f,8,   5.984431,0.81440304,2.25392955,   0.00000,0
1592516608.877906,837,18feee3f,8,   0.000000,0.00000000,0.00000000,  80.21875,0
1592516640.338688,840,1cfd083f,8,   5.984431,0.81440304,2.25392955,   0.00000,0
1592516640.339260,841,18feee3f,8,   0.000000,0.00000000,0.00000000,  80.21875,0
1592516671.800800,844,1cfd083f,8,   5.984431,0.81440304,2.25392955,   0.00000,0
1592516671.801367,845,18feee3f,8,   0.000000,0.00000000,0.00000000,  80.21875,0
1592516703.261411,848,1cfd083f,8,   5.984431,0.81467774,2.25563855,   0.00000,0
1592516703.261977,849,18feee3f,8,   0.000000,0.00000000,0.00000000,  80.09375,0
1592516734.722754,852,1cfd083f,8,   5.984431,0.81467774,2.25563855,   0.00000,0
1592516734.723327,853,18feee3f,8,   0.000000,0.00000000,0.00000000,  80.12500,0
1592516766.184465,856,1cfd083f,8,   5.984431,0.81467774,2.25563855,   0.00000,0
1592516766.185034,857,18feee3f,8,   0.000000,0.00000000,0.00000000,  80.12500,0
1592516797.645463,860,1cfd083f,8,   5.984431,0.81467774,2.25563855,   0.00000,0
1592516797.646033,861,18feee3f,8,   0.000000,0.00000000,0.00000000,  80.12500,0
1592516829.106825,864,1cfd083f,8,   5.984431,0.81473879,2.25453990,   0.00000,0
1592516829.107397,865,18feee3f,8,   0.000000,0.00000000,0.00000000,  79.90625,0
1592516860.568173,868,1cfd083f,8,   5.984431,0.81473879,2.25453990,   0.00000,0
1592516860.568745,869,18feee3f,8,   0.000000,0.00000000,0.00000000,  79.90625,0
1592516892.029542,872,1cfd083f,8,   5.984431,0.81473879,2.25453990,   0.00000,0
1592516892.030115,873,18feee3f,8,   0.000000,0.00000000,0.00000000,  79.90625,0
1592516923.490906,876,1cfd083f,8,   6.031307,0.81437252,2.25453990,   0.00000,0
1592516923.491479,877,18feee3f,8,   0.000000,0.00000000,0.00000000,  79.68750,0
1592516954.952230,880,1cfd083f,8,   6.031307,0.81437252,2.25453990,   0.00000,0
1592516954.952835,881,18feee3f,8,   0.000000,0.00000000,0.00000000,  79.68750,0
1592516986.413606,884,1cfd083f,8,   6.031307,0.81437252,2.25453990,   0.00000,0
1592516986.414192,885,18feee3f,8,   0.000000,0.00000000,0.00000000,  79.68750,0
1592517017.874950,888,1cfd083f,8,   6.031307,0.81437252,2.25453990,   0.00000,0
1592517017.875518,889,18feee3f,8,   0.000000,0.00000000,0.00000000,  79.68750,0
1592517049.336309,892,1cfd083f,8,   6.078182,0.81498297,2.25551648,   0.00000,0
1592517049.336886,893,18feee3f,8,   0.000000,0.00000000,0.00000000,  79.50000,0
1592517080.797661,896,1cfd083f,8,   6.078182,0.81498297,2.25551648,   0.00000,0
1592517080.798237,897,18feee3f,8,   0.000000,0.00000000,0.00000000,  79.50000,0
1592517112.259025,900,1cfd083f,8,   6.078182,0.81498297,2.25551648,   0.00000,0
1592517112.259592,901,18feee3f,8,   0.000000,0.00000000,0.00000000,  79.50000,0
1592517143.721550,904,1cfd083f,8,   6.078182,0.81467774,2.25600476,   0.00000,0
1592517143.722120,905,18feee3f,8,   0.000000,0.00000000,0.00000000,  79.53125,0
1592517175.183715,908,1cfd083f,8,   6.078182,0.81467774,2.25600476,   0.00000,0
1592517175.184265,909,18feee3f,8,   0.000000,0.00000000,0.00000000,  79.50000,0
1592517206.643072,912,1cfd083f,8,   6.078182,0.81467774,2.25600476,   0.00000,0
1592517206.643645,913,18feee3f,8,   0.000000,0.00000000,0.00000000,  79.50000,0
