timestamp,count,id,dlc,Viscosity (cp),Density (gm/cc),Dielectric constant (-),Temperature (C), Status
1592253067.304734,0,1cfd083f,8,  33.578440,0.86629140,2.74819735,   0.00000,0
1592253067.306721,1,18feee3f,8,   0.000000,0.00000000,0.00000000,  71.78125,0
1592253098.765706,4,1cfd083f,8,  20.906446,0.86201824,2.70766959,   0.00000,0
1592253098.766283,5,18feee3f,8,   0.000000,0.00000000,0.00000000,  85.62500,0
1592253130.226906,8,1cfd083f,8,  20.906446,0.86201824,2.70766959,   0.00000,0
1592253130.227471,9,18feee3f,8,   0.000000,0.00000000,0.00000000,  86.00000,0
1592253161.688142,12,1cfd083f,8,  20.906446,0.86201824,2.70766959,   0.00000,0
1592253161.688721,13,18feee3f,8,   0.000000,0.00000000,0.00000000,  86.00000,0
1592253193.149386,16,1cfd083f,8,  20.906446,0.86201824,2.70766959,   0.00000,0
1592253193.149940,17,18feee3f,8,   0.000000,0.00000000,0.00000000,  86.00000,0
1592253224.612626,20,1cfd083f,8,  12.984497,0.05274299,2.65285945,   0.00000,0
1592253224.613197,21,18feee3f,8,   0.000000,0.00000000,0.00000000,  90.06250,0
1592253256.071931,24,1cfd083f,8,  12.984497,0.05274299,2.65285945,   0.00000,0
1592253256.072504,25,18feee3f,8,   0.000000,0.00000000,0.00000000,  90.12500,0
1592253287.533258,28,1cfd083f,8,  12.984497,0.05274299,2.65285945,   0.00000,0
1592253287.533830,29,18feee3f,8,   0.000000,0.00000000,0.00000000,  90.12500,0
1592253318.994555,32,1cfd083f,8,  12.984497,0.05274299,2.65285945,   0.00000,0
1592253318.995133,33,18feee3f,8,   0.000000,0.00000000,0.00000000,  90.12500,0
1592253350.455875,36,1cfd083f,8,   8.984459,0.83323546,2.59194574,   0.00000,0
1592253350.456441,37,18feee3f,8,   0.000000,0.00000000,0.00000000,  90.65625,0
1592253381.917204,40,1cfd083f,8,   8.984459,0.83323546,2.59194574,   0.00000,0
1592253381.917768,41,18feee3f,8,   0.000000,0.00000000,0.00000000,  90.65625,0
1592253413.378533,44,1cfd083f,8,   8.984459,0.83323546,2.59194574,   0.00000,0
1592253413.379089,45,18feee3f,8,   0.000000,0.00000000,0.00000000,  90.65625,0
1592253444.839826,48,1cfd083f,8,   8.250077,0.05210202,2.57180393,   0.00000,0
1592253444.840397,49,18feee3f,8,   0.000000,0.00000000,0.00000000,  89.71875,0
1592253476.301176,52,1cfd083f,8,   8.250077,0.05210202,2.57180393,   0.00000,0
1592253476.301737,53,18feee3f,8,   0.000000,0.00000000,0.00000000,  89.65625,0
1592253507.762503,56,1cfd083f,8,   8.250077,0.05210202,2.57180393,   0.00000,0
1592253507.763060,57,18feee3f,8,   0.000000,0.00000000,0.00000000,  89.65625,0
1592253539.225365,60,1cfd083f,8,   8.250077,0.05210202,2.57180393,   0.00000,0
1592253539.225959,61,18feee3f,8,   0.000000,0.00000000,0.00000000,  89.65625,0
1592253570.685153,64,1cfd083f,8,   0.671881,0.82884021,2.56582242,   0.00000,0
1592253570.685709,65,18feee3f,8,   0.000000,0.00000000,0.00000000,  87.75000,0
1592253602.146445,68,1cfd083f,8,   0.671881,0.82884021,2.56582242,   0.00000,0
1592253602.147038,69,18feee3f,8,   0.000000,0.00000000,0.00000000,  87.75000,0
1592253633.608954,72,1cfd083f,8,   0.671881,0.82884021,2.56582242,   0.00000,0
1592253633.609587,73,18feee3f,8,   0.000000,0.00000000,0.00000000,  87.75000,0
1592253665.069113,76,1cfd083f,8,   0.671881,0.82884021,2.56582242,   0.00000,0
1592253665.069721,77,18feee3f,8,   0.000000,0.00000000,0.00000000,  87.75000,0
1592253696.530465,80,1cfd083f,8,   8.375079,0.82969484,2.56447963,   0.00000,0
1592253696.531021,81,18feee3f,8,   0.000000,0.00000000,0.00000000,  84.78125,0
1592253727.992552,84,1cfd083f,8,   8.375079,0.82969484,2.56447963,   0.00000,0
1592253727.993124,85,18feee3f,8,   0.000000,0.00000000,0.00000000,  84.78125,0
1592253759.453113,88,1cfd083f,8,   8.375079,0.82969484,2.56447963,   0.00000,0
1592253759.453689,89,18feee3f,8,   0.000000,0.00000000,0.00000000,  84.78125,0
1592253790.914428,92,1cfd083f,8,   8.750082,0.83112940,2.56875214,   0.00000,0
1592253790.915030,93,18feee3f,8,   0.000000,0.00000000,0.00000000,  82.21875,0
1592253822.376148,96,1cfd083f,8,   8.750082,0.83112940,2.56875214,   0.00000,0
1592253822.376712,97,18feee3f,8,   0.000000,0.00000000,0.00000000,  82.15625,0
1592253853.837115,100,1cfd083f,8,   8.750082,0.83112940,2.56875214,   0.00000,0
1592253853.837681,101,18feee3f,8,   0.000000,0.00000000,0.00000000,  82.15625,0
1592253885.298450,104,1cfd083f,8,   8.750082,0.83112940,2.56875214,   0.00000,0
1592253885.298985,105,18feee3f,8,   0.000000,0.00000000,0.00000000,  82.15625,0
1592253916.759755,108,1cfd083f,8,   9.437588,0.83363225,2.57839579,   0.00000,0
1592253916.760319,109,18feee3f,8,   0.000000,0.00000000,0.00000000,-250.78125,0
1592253948.221064,112,1cfd083f,8,   9.437588,0.83363225,2.57839579,   0.00000,0
1592253948.221640,113,18feee3f,8,   0.000000,0.00000000,0.00000000,-250.78125,0
1592253979.682408,116,1cfd083f,8,   9.437588,0.83363225,2.57839579,   0.00000,0
1592253979.682973,117,18feee3f,8,   0.000000,0.00000000,0.00000000,-250.78125,0
1592254011.145690,120,1cfd083f,8,  10.046969,0.83586040,2.58694080,   0.00000,0
1592254011.146284,121,18feee3f,8,   0.000000,0.00000000,0.00000000,  77.06250,0
1592254042.605058,124,1cfd083f,8,  10.046969,0.83586040,2.58694080,   0.00000,0
1592254042.605627,125,18feee3f,8,   0.000000,0.00000000,0.00000000,  77.00000,0
1592254074.066381,128,1cfd083f,8,  10.046969,0.83586040,2.58694080,   0.00000,0
1592254074.066947,129,18feee3f,8,   0.000000,0.00000000,0.00000000,  77.00000,0
1592254105.527689,132,1cfd083f,8,  10.046969,0.83586040,2.58694080,   0.00000,0
1592254105.528255,133,18feee3f,8,   0.000000,0.00000000,0.00000000,  77.00000,0
1592254136.989002,136,1cfd083f,8,  10.906352,0.83778332,2.59914796,   0.00000,0
1592254136.989558,137,18feee3f,8,   0.000000,0.00000000,0.00000000,  76.71875,0
1592254168.450316,140,1cfd083f,8,  10.906352,0.83778332,2.59914796,   0.00000,0
1592254168.450870,141,18feee3f,8,   0.000000,0.00000000,0.00000000,  76.75000,0
1592254199.911609,144,1cfd083f,8,  10.906352,0.83778332,2.59914796,   0.00000,0
1592254199.912162,145,18feee3f,8,   0.000000,0.00000000,0.00000000,  76.75000,0
1592254231.374901,148,1cfd083f,8,  10.906352,0.83778332,2.59914796,   0.00000,0
1592254231.375459,149,18feee3f,8,   0.000000,0.00000000,0.00000000,  76.75000,0
1592254262.834242,152,1cfd083f,8,  11.531358,0.83979781,2.60696054,   0.00000,0
1592254262.834808,153,18feee3f,8,   0.000000,0.00000000,0.00000000,  78.25000,0
1592254294.295598,156,1cfd083f,8,  11.531358,0.83979781,2.60696054,   0.00000,0
1592254294.296118,157,18feee3f,8,   0.000000,0.00000000,0.00000000,  78.25000,0
1592254325.758494,160,1cfd083f,8,  11.531358,0.83979781,2.60696054,   0.00000,0
1592254325.759070,161,18feee3f,8,   0.000000,0.00000000,0.00000000,  78.25000,0
1592254357.218340,164,1cfd083f,8,  11.531358,0.83979781,2.60696054,   0.00000,0
1592254357.218891,165,18feee3f,8,   0.000000,0.00000000,0.00000000,  78.25000,0
1592254388.679744,168,1cfd083f,8,  11.656359,0.83985886,2.60854747,   0.00000,0
1592254388.680309,169,18feee3f,8,   0.000000,0.00000000,0.00000000,  80.28125,0
1592254420.142269,172,1cfd083f,8,  11.656359,0.83985886,2.60854747,   0.00000,0
1592254420.142872,173,18feee3f,8,   0.000000,0.00000000,0.00000000,  80.28125,0
1592254451.602504,176,1cfd083f,8,  11.656359,0.83985886,2.60854747,   0.00000,0
1592254451.603070,177,18feee3f,8,   0.000000,0.00000000,0.00000000,  80.28125,0
1592254483.063911,180,1cfd083f,8,  11.656359,0.83985886,2.60854747,   0.00000,0
1592254483.064482,181,18feee3f,8,   0.000000,0.00000000,0.00000000,  80.28125,0
1592254514.525276,184,1cfd083f,8,  11.125104,0.83909579,2.60415289,   0.00000,0
1592254514.525848,185,18feee3f,8,   0.000000,0.00000000,0.00000000,  81.12500,0
1592254545.986680,188,1cfd083f,8,  11.125104,0.83909579,2.60415289,   0.00000,0
1592254545.987230,189,18feee3f,8,   0.000000,0.00000000,0.00000000,  81.12500,0
1592254577.448074,192,1cfd083f,8,  11.125104,0.83909579,2.60415289,   0.00000,0
1592254577.448644,193,18feee3f,8,   0.000000,0.00000000,0.00000000,  81.12500,0
1592254608.909841,196,1cfd083f,8,  11.125104,0.83909579,2.60415289,   0.00000,0
1592254608.910361,197,18feee3f,8,   0.000000,0.00000000,0.00000000,  81.12500,0
1592254640.370839,200,1cfd083f,8,  10.453223,0.83851586,2.59695067,   0.00000,0
1592254640.371408,201,18feee3f,8,   0.000000,0.00000000,0.00000000,  80.90625,0
1592254671.832213,204,1cfd083f,8,  10.453223,0.83851586,2.59695067,   0.00000,0
1592254671.832815,205,18feee3f,8,   0.000000,0.00000000,0.00000000,  80.87500,0
1592254703.293565,208,1cfd083f,8,  10.453223,0.83851586,2.59695067,   0.00000,0
1592254703.294168,209,18feee3f,8,   0.000000,0.00000000,0.00000000,  80.87500,0
1592254734.754956,212,1cfd083f,8,  10.453223,0.83851586,2.59695067,   0.00000,0
1592254734.755562,213,18feee3f,8,   0.000000,0.00000000,0.00000000,  80.87500,0
1592254766.216306,216,1cfd083f,8,  10.359472,0.83668451,0.16308762,   0.00000,0
1592254766.216913,217,18feee3f,8,   0.000000,0.00000000,0.00000000,  80.25000,0
1592254797.677679,220,1cfd083f,8,  10.359472,0.83668451,0.16308762,   0.00000,0
1592254797.678252,221,18feee3f,8,   0.000000,0.00000000,0.00000000,  80.25000,0
1592254829.139064,224,1cfd083f,8,  10.359472,0.83668451,0.16308762,   0.00000,0
1592254829.139631,225,18feee3f,8,   0.000000,0.00000000,0.00000000,  80.25000,0
1592254860.600405,228,1cfd083f,8,  10.359472,0.83668451,0.16308762,   0.00000,0
1592254860.600972,229,18feee3f,8,   0.000000,0.00000000,0.00000000,  80.25000,0
1592254892.061771,232,1cfd083f,8,  10.437598,0.05268194,0.16296555,   0.00000,0
1592254892.062337,233,18feee3f,8,   0.000000,0.00000000,0.00000000,  79.84375,0
1592254923.523157,236,1cfd083f,8,  10.437598,0.05268194,0.16296555,   0.00000,0
1592254923.523722,237,18feee3f,8,   0.000000,0.00000000,0.00000000,  79.84375,0
1592254954.984496,240,1cfd083f,8,  10.437598,0.05268194,0.16296555,   0.00000,0
1592254954.985061,241,18feee3f,8,   0.000000,0.00000000,0.00000000,  79.84375,0
1592254986.445847,244,1cfd083f,8,  10.437598,0.05268194,0.16296555,   0.00000,0
1592254986.446412,245,18feee3f,8,   0.000000,0.00000000,0.00000000,  79.84375,0
1592255017.909175,248,1cfd083f,8,  10.593849,0.83705078,0.16345384,   0.00000,0
1592255017.909762,249,18feee3f,8,   0.000000,0.00000000,0.00000000,  79.93750,0
1592255049.368553,252,1cfd083f,8,  10.593849,0.83705078,0.16345384,   0.00000,0
1592255049.369109,253,18feee3f,8,   0.000000,0.00000000,0.00000000,  79.93750,0
1592255080.829902,256,1cfd083f,8,  10.593849,0.83705078,0.16345384,   0.00000,0
1592255080.830456,257,18feee3f,8,   0.000000,0.00000000,0.00000000,  79.93750,0
1592255112.291256,260,1cfd083f,8,  10.703225,0.83732548,2.59756103,   0.00000,0
1592255112.291814,261,18feee3f,8,   0.000000,0.00000000,0.00000000,  80.40625,0
1592255143.752613,264,1cfd083f,8,  10.703225,0.83732548,2.59756103,   0.00000,0
1592255143.753170,265,18feee3f,8,   0.000000,0.00000000,0.00000000,  80.40625,0
1592255175.213957,268,1cfd083f,8,  10.703225,0.83732548,2.59756103,   0.00000,0
1592255175.214509,269,18feee3f,8,   0.000000,0.00000000,0.00000000,  80.40625,0
1592255206.676463,272,1cfd083f,8,  10.703225,0.83732548,2.59756103,   0.00000,0
1592255206.677020,273,18feee3f,8,   0.000000,0.00000000,0.00000000,  80.40625,0
1592255238.136616,276,1cfd083f,8,  10.734476,0.83717287,2.59634031,   0.00000,0
1592255238.137210,277,18feee3f,8,   0.000000,0.00000000,0.00000000,  80.87500,0
1592255269.597976,280,1cfd083f,8,  10.734476,0.83717287,2.59634031,   0.00000,0
1592255269.598544,281,18feee3f,8,   0.000000,0.00000000,0.00000000,  80.87500,0
1592255301.060085,284,1cfd083f,8,  10.734476,0.83717287,2.59634031,   0.00000,0
1592255301.060720,285,18feee3f,8,   0.000000,0.00000000,0.00000000,  80.87500,0
1592255332.520686,288,1cfd083f,8,  10.734476,0.83717287,2.59634031,   0.00000,0
1592255332.521256,289,18feee3f,8,   0.000000,0.00000000,0.00000000,  80.87500,0
1592255363.982011,292,1cfd083f,8,  10.593849,0.05265142,0.16357591,   0.00000,0
1592255363.982582,293,18feee3f,8,   0.000000,0.00000000,0.00000000,  81.09375,0
1592255395.443727,296,1cfd083f,8,  10.593849,0.05265142,0.16357591,   0.00000,0
1592255395.444293,297,18feee3f,8,   0.000000,0.00000000,0.00000000,  81.09375,0
1592255426.904687,300,1cfd083f,8,  10.593849,0.05265142,0.16357591,   0.00000,0
1592255426.905258,301,18feee3f,8,   0.000000,0.00000000,0.00000000,  81.09375,0
1592255458.366071,304,1cfd083f,8,  10.500098,0.05240724,2.59328852,   0.00000,0
1592255458.366635,305,18feee3f,8,   0.000000,0.00000000,0.00000000,  81.06250,0
1592255489.827409,308,1cfd083f,8,  10.500098,0.05240724,2.59328852,   0.00000,0
1592255489.827981,309,18feee3f,8,   0.000000,0.00000000,0.00000000,  81.06250,0
1592255521.288744,312,1cfd083f,8,  10.500098,0.05240724,2.59328852,   0.00000,0
1592255521.289311,313,18feee3f,8,   0.000000,0.00000000,0.00000000,  81.06250,0
1592255552.750088,316,1cfd083f,8,  10.500098,0.05240724,2.59328852,   0.00000,0
1592255552.750652,317,18feee3f,8,   0.000000,0.00000000,0.00000000,  81.06250,0
1592255584.213373,320,1cfd083f,8,  10.343847,0.83720339,2.59353267,   0.00000,0
1592255584.213975,321,18feee3f,8,   0.000000,0.00000000,0.00000000,  80.87500,0
1592255615.672762,324,1cfd083f,8,  10.343847,0.83720339,2.59353267,   0.00000,0
1592255615.673329,325,18feee3f,8,   0.000000,0.00000000,0.00000000,  80.87500,0
1592255647.134114,328,1cfd083f,8,  10.343847,0.83720339,2.59353267,   0.00000,0
1592255647.134672,329,18feee3f,8,   0.000000,0.00000000,0.00000000,  80.87500,0
1592255678.595450,332,1cfd083f,8,  10.343847,0.83720339,2.59353267,   0.00000,0
1592255678.596000,333,18feee3f,8,   0.000000,0.00000000,0.00000000,  80.87500,0
1592255710.056782,336,1cfd083f,8,  10.421973,0.05237672,2.59341059,   0.00000,0
1592255710.057358,337,18feee3f,8,   0.000000,0.00000000,0.00000000,  80.71875,0
1592255741.518129,340,1cfd083f,8,  10.421973,0.05237672,2.59341059,   0.00000,0
1592255741.518689,341,18feee3f,8,   0.000000,0.00000000,0.00000000,  80.71875,0
1592255772.979468,344,1cfd083f,8,  10.421973,0.05237672,2.59341059,   0.00000,0
1592255772.980048,345,18feee3f,8,   0.000000,0.00000000,0.00000000,  80.71875,0
1592255804.442794,348,1cfd083f,8,  10.421973,0.05237672,2.59341059,   0.00000,0
1592255804.443323,349,18feee3f,8,   0.000000,0.00000000,0.00000000,  80.71875,0
1592255835.902156,352,1cfd083f,8,  10.421973,0.83683712,0.16223312,   0.00000,0
1592255835.902714,353,18feee3f,8,   0.000000,0.00000000,0.00000000,  80.78125,0
1592255867.363472,356,1cfd083f,8,  10.421973,0.83683712,0.16223312,   0.00000,0
1592255867.364074,357,18feee3f,8,   0.000000,0.00000000,0.00000000,  80.78125,0
1592255898.826399,360,1cfd083f,8,  10.421973,0.83683712,0.16223312,   0.00000,0
1592255898.826964,361,18feee3f,8,   0.000000,0.00000000,0.00000000,  80.78125,0
1592255930.286155,364,1cfd083f,8,  10.546974,0.05268194,0.16247727,   0.00000,0
1592255930.286727,365,18feee3f,8,   0.000000,0.00000000,0.00000000,  80.96875,0
1592255961.747487,368,1cfd083f,8,  10.546974,0.05268194,0.16247727,   0.00000,0
1592255961.748062,369,18feee3f,8,   0.000000,0.00000000,0.00000000,  81.00000,0
1592255993.209974,372,1cfd083f,8,  10.546974,0.05268194,0.16247727,   0.00000,0
1592255993.210550,373,18feee3f,8,   0.000000,0.00000000,0.00000000,  81.00000,0
1592256024.670172,376,1cfd083f,8,  10.546974,0.05268194,0.16247727,   0.00000,0
1592256024.670741,377,18feee3f,8,   0.000000,0.00000000,0.00000000,  81.00000,0
1592256056.131512,380,1cfd083f,8,  10.515724,0.83573831,2.59353267,   0.00000,0
1592256056.132067,381,18feee3f,8,   0.000000,0.00000000,0.00000000,  81.18750,0
1592256087.593599,384,1cfd083f,8,  10.515724,0.83573831,2.59353267,   0.00000,0
1592256087.594193,385,18feee3f,8,   0.000000,0.00000000,0.00000000,  81.18750,0
1592256119.054195,388,1cfd083f,8,  10.515724,0.83573831,2.59353267,   0.00000,0
1592256119.054750,389,18feee3f,8,   0.000000,0.00000000,0.00000000,  81.18750,0
1592256150.515518,392,1cfd083f,8,  10.515724,0.83573831,2.59353267,   0.00000,0
1592256150.516069,393,18feee3f,8,   0.000000,0.00000000,0.00000000,  81.18750,0
1592256181.976864,396,1cfd083f,8,  10.359472,0.83698974,2.59365474,   0.00000,0
1592256181.977419,397,18feee3f,8,   0.000000,0.00000000,0.00000000,  81.34375,0
1592256213.438216,400,1cfd083f,8,  10.359472,0.83698974,2.59365474,   0.00000,0
1592256213.438771,401,18feee3f,8,   0.000000,0.00000000,0.00000000,  81.34375,0
1592256244.899533,404,1cfd083f,8,  10.359472,0.83698974,2.59365474,   0.00000,0
1592256244.900115,405,18feee3f,8,   0.000000,0.00000000,0.00000000,  81.34375,0
1592256276.360908,408,1cfd083f,8,  10.359472,0.83698974,2.59365474,   0.00000,0
1592256276.361436,409,18feee3f,8,   0.000000,0.00000000,0.00000000,  81.34375,0
1592256307.822200,412,1cfd083f,8,  10.312597,0.83689817,2.59255609,   0.00000,0
1592256307.822766,413,18feee3f,8,   0.000000,0.00000000,0.00000000,  81.43750,0
1592256339.283578,416,1cfd083f,8,  10.312597,0.83689817,2.59255609,   0.00000,0
1592256339.284094,417,18feee3f,8,   0.000000,0.00000000,0.00000000,  81.43750,0
1592256370.744877,420,1cfd083f,8,  10.312597,0.83689817,2.59255609,   0.00000,0
1592256370.745446,421,18feee3f,8,   0.000000,0.00000000,0.00000000,  81.43750,0
1592256402.206209,424,1cfd083f,8,  10.265721,0.83744757,2.59316645,   0.00000,0
1592256402.206779,425,18feee3f,8,   0.000000,0.00000000,0.00000000,  81.46875,0
1592256433.667546,428,1cfd083f,8,  10.265721,0.83744757,2.59316645,   0.00000,0
1592256433.668150,429,18feee3f,8,   0.000000,0.00000000,0.00000000,  81.46875,0
1592256465.128905,432,1cfd083f,8,  10.265721,0.83744757,2.59316645,   0.00000,0
1592256465.129480,433,18feee3f,8,   0.000000,0.00000000,0.00000000,  81.46875,0
1592256496.590249,436,1cfd083f,8,  10.265721,0.83744757,2.59316645,   0.00000,0
1592256496.590817,437,18feee3f,8,   0.000000,0.00000000,0.00000000,  81.46875,0
1592256528.051577,440,1cfd083f,8,  10.265721,0.83744757,2.59316645,   0.00000,0
1592256528.052152,441,18feee3f,8,   0.000000,0.00000000,0.00000000,  81.46875,0
1592256559.512909,444,1cfd083f,8,  10.296972,0.05243776,2.59243402,   0.00000,0
1592256559.513511,445,18feee3f,8,   0.000000,0.00000000,0.00000000,  81.50000,0
1592256590.976213,448,1cfd083f,8,  10.296972,0.05243776,2.59243402,   0.00000,0
1592256590.976814,449,18feee3f,8,   0.000000,0.00000000,0.00000000,  81.50000,0
1592256622.435615,452,1cfd083f,8,  10.296972,0.05243776,2.59243402,   0.00000,0
1592256622.436185,453,18feee3f,8,   0.000000,0.00000000,0.00000000,  81.50000,0
1592256653.897690,456,1cfd083f,8,  10.328222,0.83601301,2.59194574,   0.00000,0
1592256653.898254,457,18feee3f,8,   0.000000,0.00000000,0.00000000,  81.43750,0
1592256685.359830,460,1cfd083f,8,  10.328222,0.83601301,2.59194574,   0.00000,0
1592256685.360396,461,18feee3f,8,   0.000000,0.00000000,0.00000000,  81.43750,0
1592256716.819616,464,1cfd083f,8,  10.328222,0.83601301,2.59194574,   0.00000,0
1592256716.820227,465,18feee3f,8,   0.000000,0.00000000,0.00000000,  81.43750,0
1592256748.280951,468,1cfd083f,8,  10.328222,0.83601301,2.59194574,   0.00000,0
1592256748.281517,469,18feee3f,8,   0.000000,0.00000000,0.00000000,  81.43750,0
1592256779.743468,472,1cfd083f,8,  10.406348,0.83482263,2.59194574,   0.00000,0
1592256779.744039,473,18feee3f,8,   0.000000,0.00000000,0.00000000,  81.28125,0
1592256811.203641,476,1cfd083f,8,  10.406348,0.83482263,2.59194574,   0.00000,0
1592256811.204206,477,18feee3f,8,   0.000000,0.00000000,0.00000000,  81.28125,0
1592256842.664956,480,1cfd083f,8,  10.406348,0.83482263,2.59194574,   0.00000,0
1592256842.665615,481,18feee3f,8,   0.000000,0.00000000,0.00000000,  81.28125,0
1592256874.127069,484,1cfd083f,8,  10.406348,0.83482263,2.59194574,   0.00000,0
1592256874.127635,485,18feee3f,8,   0.000000,0.00000000,0.00000000,  81.28125,0
1592256905.587650,488,1cfd083f,8,  10.265721,0.05259038,2.59182366,   0.00000,0
1592256905.588305,489,18feee3f,8,   0.000000,0.00000000,0.00000000,  81.03125,0
1592256937.049004,492,1cfd083f,8,  10.265721,0.05259038,2.59182366,   0.00000,0
1592256937.049571,493,18feee3f,8,   0.000000,0.00000000,0.00000000,  81.03125,0
1592256968.510696,496,1cfd083f,8,  10.265721,0.05259038,2.59182366,   0.00000,0
1592256968.511294,497,18feee3f,8,   0.000000,0.00000000,0.00000000,  81.03125,0
1592256999.971673,500,1cfd083f,8,  10.265721,0.05259038,2.59182366,   0.00000,0
1592256999.972242,501,18feee3f,8,   0.000000,0.00000000,0.00000000,  81.03125,0
1592257031.433013,504,1cfd083f,8,  10.296972,0.05268194,2.59255609,   0.00000,0
1592257031.433578,505,18feee3f,8,   0.000000,0.00000000,0.00000000,  80.84375,0
1592257062.894362,508,1cfd083f,8,  10.296972,0.05268194,2.59255609,   0.00000,0
1592257062.894897,509,18feee3f,8,   0.000000,0.00000000,0.00000000,  80.84375,0
1592257094.355694,512,1cfd083f,8,  10.296972,0.05268194,2.59255609,   0.00000,0
1592257094.356264,513,18feee3f,8,   0.000000,0.00000000,0.00000000,  80.84375,0
1592257125.817015,516,1cfd083f,8,  10.375097,0.83686765,2.59194574,   0.00000,0
1592257125.817609,517,18feee3f,8,   0.000000,0.00000000,0.00000000,  80.78125,0
1592257157.278362,520,1cfd083f,8,  10.375097,0.83686765,2.59194574,   0.00000,0
1592257157.278943,521,18feee3f,8,   0.000000,0.00000000,0.00000000,  80.78125,0
1592257188.739719,524,1cfd083f,8,  10.375097,0.83686765,2.59194574,   0.00000,0
1592257188.740273,525,18feee3f,8,   0.000000,0.00000000,0.00000000,  80.78125,0
1592257220.201035,528,1cfd083f,8,  10.375097,0.83686765,2.59194574,   0.00000,0
1592257220.201599,529,18feee3f,8,   0.000000,0.00000000,0.00000000,  80.78125,0
1592257251.662374,532,1cfd083f,8,  10.421973,0.83714235,2.59243402,   0.00000,0
1592257251.662941,533,18feee3f,8,   0.000000,0.00000000,0.00000000,  80.84375,0
1592257283.123690,536,1cfd083f,8,  10.421973,0.83714235,2.59243402,   0.00000,0
1592257283.124270,537,18feee3f,8,   0.000000,0.00000000,0.00000000,  80.84375,0
1592257314.585042,540,1cfd083f,8,  10.421973,0.83714235,2.59243402,   0.00000,0
1592257314.585613,541,18feee3f,8,   0.000000,0.00000000,0.00000000,  80.84375,0
1592257346.046389,544,1cfd083f,8,  10.421973,0.83714235,2.59243402,   0.00000,0
1592257346.046918,545,18feee3f,8,   0.000000,0.00000000,0.00000000,  80.84375,0
1592257377.509689,548,1cfd083f,8,  10.484473,0.05262090,2.59328852,   0.00000,0
1592257377.510253,549,18feee3f,8,   0.000000,0.00000000,0.00000000,  81.00000,0
1592257408.969064,552,1cfd083f,8,  10.484473,0.05262090,2.59328852,   0.00000,0
1592257408.969605,553,18feee3f,8,   0.000000,0.00000000,0.00000000,  81.00000,0
1592257440.430366,556,1cfd083f,8,  10.484473,0.05262090,2.59328852,   0.00000,0
1592257440.430965,557,18feee3f,8,   0.000000,0.00000000,0.00000000,  81.00000,0
1592257471.891709,560,1cfd083f,8,  10.484473,0.83708130,2.59109123,   0.00000,0
1592257471.892309,561,18feee3f,8,   0.000000,0.00000000,0.00000000,  81.15625,0
1592257503.353055,564,1cfd083f,8,  10.484473,0.83708130,2.59109123,   0.00000,0
1592257503.353631,565,18feee3f,8,   0.000000,0.00000000,0.00000000,  81.15625,0
1592257534.814380,568,1cfd083f,8,  10.484473,0.83708130,2.59109123,   0.00000,0
1592257534.814955,569,18feee3f,8,   0.000000,0.00000000,0.00000000,  81.15625,0
1592257566.276918,572,1cfd083f,8,  10.484473,0.83708130,2.59109123,   0.00000,0
1592257566.277476,573,18feee3f,8,   0.000000,0.00000000,0.00000000,  81.15625,0
1592257597.737068,576,1cfd083f,8,  10.406348,0.83674556,2.59316645,   0.00000,0
1592257597.737622,577,18feee3f,8,   0.000000,0.00000000,0.00000000,  81.28125,0
1592257629.198417,580,1cfd083f,8,  10.406348,0.83674556,2.59316645,   0.00000,0
1592257629.198964,581,18feee3f,8,   0.000000,0.00000000,0.00000000,  81.28125,0
1592257660.660510,584,1cfd083f,8,  10.406348,0.83674556,2.59316645,   0.00000,0
1592257660.661047,585,18feee3f,8,   0.000000,0.00000000,0.00000000,  81.28125,0
1592257692.121072,588,1cfd083f,8,  10.328222,0.05271247,2.59341059,   0.00000,0
1592257692.121636,589,18feee3f,8,   0.000000,0.00000000,0.00000000,  81.34375,0
1592257723.582429,592,1cfd083f,8,  10.328222,0.05271247,2.59341059,   0.00000,0
1592257723.582994,593,18feee3f,8,   0.000000,0.00000000,0.00000000,  81.34375,0
1592257755.044117,596,1cfd083f,8,  10.328222,0.05271247,2.59341059,   0.00000,0
1592257755.044697,597,18feee3f,8,   0.000000,0.00000000,0.00000000,  81.34375,0
1592257786.505076,600,1cfd083f,8,  10.328222,0.05271247,2.59341059,   0.00000,0
1592257786.505660,601,18feee3f,8,   0.000000,0.00000000,0.00000000,  81.34375,0
1592257817.966424,604,1cfd083f,8,  10.406348,0.83558570,2.59267817,   0.00000,0
1592257817.966988,605,18feee3f,8,   0.000000,0.00000000,0.00000000,  81.43750,0
1592257849.427754,608,1cfd083f,8,  10.406348,0.83558570,2.59267817,   0.00000,0
1592257849.428334,609,18feee3f,8,   0.000000,0.00000000,0.00000000,  81.43750,0
1592257880.889072,612,1cfd083f,8,  10.406348,0.83558570,2.59267817,   0.00000,0
1592257880.889685,613,18feee3f,8,   0.000000,0.00000000,0.00000000,  81.43750,0
1592257912.350441,616,1cfd083f,8,  10.406348,0.83558570,2.59267817,   0.00000,0
1592257912.350976,617,18feee3f,8,   0.000000,0.00000000,0.00000000,  81.43750,0
1592257943.813735,620,1cfd083f,8,  10.281346,0.05246829,2.59304438,   0.00000,0
1592257943.814299,621,18feee3f,8,   0.000000,0.00000000,0.00000000,  81.50000,0
1592257975.273104,624,1cfd083f,8,  10.281346,0.05246829,2.59304438,   0.00000,0
1592257975.273682,625,18feee3f,8,   0.000000,0.00000000,0.00000000,  81.46875,0
1592258006.734425,628,1cfd083f,8,  10.281346,0.05246829,2.59304438,   0.00000,0
1592258006.735017,629,18feee3f,8,   0.000000,0.00000000,0.00000000,  81.46875,0
1592258038.195799,632,1cfd083f,8,  10.281346,0.05246829,2.59304438,   0.00000,0
1592258038.196355,633,18feee3f,8,   0.000000,0.00000000,0.00000000,  81.46875,0
1592258069.657130,636,1cfd083f,8,  10.281346,0.83674556,2.59182366,   0.00000,0
1592258069.657687,637,18feee3f,8,   0.000000,0.00000000,0.00000000,  81.43750,0
1592258101.118464,640,1cfd083f,8,  10.281346,0.83674556,2.59182366,   0.00000,0
1592258101.119018,641,18feee3f,8,   0.000000,0.00000000,0.00000000,  81.43750,0
1592258132.579793,644,1cfd083f,8,  10.281346,0.83674556,2.59182366,   0.00000,0
1592258132.580348,645,18feee3f,8,   0.000000,0.00000000,0.00000000,  81.43750,0
1592258164.043100,648,1cfd083f,8,  10.281346,0.83674556,2.59182366,   0.00000,0
1592258164.043676,649,18feee3f,8,   0.000000,0.00000000,0.00000000,  81.43750,0
1592258195.502472,652,1cfd083f,8,  10.218846,0.83656242,2.59231195,   0.00000,0
1592258195.503021,653,18feee3f,8,   0.000000,0.00000000,0.00000000,  81.40625,0
1592258226.963809,656,1cfd083f,8,  10.218846,0.83656242,2.59231195,   0.00000,0
1592258226.964388,657,18feee3f,8,   0.000000,0.00000000,0.00000000,  81.40625,0
1592258258.426719,660,1cfd083f,8,  10.218846,0.83656242,2.59231195,   0.00000,0
1592258258.427260,661,18feee3f,8,   0.000000,0.00000000,0.00000000,  81.40625,0
1592258289.886460,664,1cfd083f,8,  10.687600,0.83396800,2.59243402,   0.00000,0
1592258289.887035,665,18feee3f,8,   0.000000,0.00000000,0.00000000,  81.28125,0
1592258321.347810,668,1cfd083f,8,  10.687600,0.83396800,2.59243402,   0.00000,0
1592258321.348371,669,18feee3f,8,   0.000000,0.00000000,0.00000000,  81.28125,0
1592258352.810296,672,1cfd083f,8,  10.687600,0.83396800,2.59243402,   0.00000,0
1592258352.810867,673,18feee3f,8,   0.000000,0.00000000,0.00000000,  81.28125,0
1592258384.270487,676,1cfd083f,8,  10.687600,0.83396800,2.59243402,   0.00000,0
1592258384.271058,677,18feee3f,8,   0.000000,0.00000000,0.00000000,  81.28125,0
1592258415.731844,680,1cfd083f,8,  10.218846,0.83741705,2.59145745,   0.00000,0
1592258415.732375,681,18feee3f,8,   0.000000,0.00000000,0.00000000,  81.15625,0
1592258447.193936,684,1cfd083f,8,  10.218846,0.83741705,2.59145745,   0.00000,0
1592258447.194476,685,18feee3f,8,   0.000000,0.00000000,0.00000000,  81.15625,0
1592258478.654483,688,1cfd083f,8,  10.218846,0.83741705,2.59145745,   0.00000,0
1592258478.655047,689,18feee3f,8,   0.000000,0.00000000,0.00000000,  81.15625,0
1592258510.115879,692,1cfd083f,8,  10.296972,0.83668451,2.59133538,   0.00000,0
1592258510.116406,693,18feee3f,8,   0.000000,0.00000000,0.00000000,  81.09375,0
1592258541.577558,696,1cfd083f,8,  10.296972,0.83668451,2.59133538,   0.00000,0
1592258541.578088,697,18feee3f,8,   0.000000,0.00000000,0.00000000,  81.06250,0
1592258573.038536,700,1cfd083f,8,  10.296972,0.83668451,2.59133538,   0.00000,0
1592258573.039069,701,18feee3f,8,   0.000000,0.00000000,0.00000000,  81.06250,0
1592258604.499853,704,1cfd083f,8,  10.296972,0.83668451,2.59133538,   0.00000,0
1592258604.500422,705,18feee3f,8,   0.000000,0.00000000,0.00000000,  81.06250,0
1592258635.961168,708,1cfd083f,8,  10.390722,0.83604354,2.59206781,   0.00000,0
1592258635.961752,709,18feee3f,8,   0.000000,0.00000000,0.00000000,  81.00000,0
1592258667.422517,712,1cfd083f,8,  10.390722,0.83604354,2.59206781,   0.00000,0
1592258667.423067,713,18feee3f,8,   0.000000,0.00000000,0.00000000,  81.00000,0
1592258698.883824,716,1cfd083f,8,  10.390722,0.83604354,2.59206781,   0.00000,0
1592258698.884405,717,18feee3f,8,   0.000000,0.00000000,0.00000000,  81.00000,0
1592258730.347145,720,1cfd083f,8,  10.343847,0.05268194,2.59267817,   0.00000,0
1592258730.347720,721,18feee3f,8,   0.000000,0.00000000,0.00000000,  81.00000,0
1592258761.806500,724,1cfd083f,8,  10.343847,0.05268194,2.59267817,   0.00000,0
1592258761.807078,725,18feee3f,8,   0.000000,0.00000000,0.00000000,  81.00000,0
1592258793.267841,728,1cfd083f,8,  10.343847,0.05268194,2.59267817,   0.00000,0
1592258793.268410,729,18feee3f,8,   0.000000,0.00000000,0.00000000,  81.00000,0
1592258824.729169,732,1cfd083f,8,  10.343847,0.05268194,2.59267817,   0.00000,0
1592258824.729768,733,18feee3f,8,   0.000000,0.00000000,0.00000000,  81.00000,0
1592258856.190508,736,1cfd083f,8,  10.406348,0.83582988,0.16235519,   0.00000,0
1592258856.191087,737,18feee3f,8,   0.000000,0.00000000,0.00000000,  80.93750,0
1592258887.651871,740,1cfd083f,8,  10.406348,0.83582988,0.16235519,   0.00000,0
1592258887.652442,741,18feee3f,8,   0.000000,0.00000000,0.00000000,  80.93750,0
1592258919.113178,744,1cfd083f,8,  10.406348,0.83582988,0.16235519,   0.00000,0
1592258919.113778,745,18feee3f,8,   0.000000,0.00000000,0.00000000,  80.93750,0
1592258950.576507,748,1cfd083f,8,  10.406348,0.83582988,0.16235519,   0.00000,0
1592258950.577073,749,18feee3f,8,   0.000000,0.00000000,0.00000000,  80.93750,0
1592258982.035858,752,1cfd083f,8,  10.468848,0.83582988,2.59267817,   0.00000,0
1592258982.036428,753,18feee3f,8,   0.000000,0.00000000,0.00000000,  81.00000,0
1592259013.497191,756,1cfd083f,8,  10.468848,0.83582988,2.59267817,   0.00000,0
1592259013.497826,757,18feee3f,8,   0.000000,0.00000000,0.00000000,  81.00000,0
1592259044.960085,760,1cfd083f,8,  10.468848,0.83582988,2.59267817,   0.00000,0
1592259044.960656,761,18feee3f,8,   0.000000,0.00000000,0.00000000,  81.00000,0
1592259076.419854,764,1cfd083f,8,  10.468848,0.83582988,2.59267817,   0.00000,0
1592259076.420466,765,18feee3f,8,   0.000000,0.00000000,0.00000000,  81.00000,0
1592259107.881562,768,1cfd083f,8,  10.390722,0.83659294,2.59353267,   0.00000,0
1592259107.882143,769,18feee3f,8,   0.000000,0.00000000,0.00000000,  81.03125,0
1592259139.343700,772,1cfd083f,8,  10.390722,0.83659294,2.59353267,   0.00000,0
1592259139.344257,773,18feee3f,8,   0.000000,0.00000000,0.00000000,  81.03125,0
1592259170.803873,776,1cfd083f,8,  10.390722,0.83659294,2.59353267,   0.00000,0
1592259170.804444,777,18feee3f,8,   0.000000,0.00000000,0.00000000,  81.03125,0
1592259202.265202,780,1cfd083f,8,  10.390722,0.83659294,2.59353267,   0.00000,0
1592259202.265765,781,18feee3f,8,   0.000000,0.00000000,0.00000000,  81.03125,0
1592259233.727274,784,1cfd083f,8,  10.390722,0.83659294,2.59353267,   0.00000,0
1592259233.727853,785,18feee3f,8,   0.000000,0.00000000,0.00000000,  81.03125,0
1592259265.187842,788,1cfd083f,8,  10.406348,0.05246829,2.59341059,   0.00000,0
1592259265.188445,789,18feee3f,8,   0.000000,0.00000000,0.00000000,  81.00000,0
1592259296.649213,792,1cfd083f,8,  10.406348,0.05246829,2.59341059,   0.00000,0
1592259296.649771,793,18feee3f,8,   0.000000,0.00000000,0.00000000,  81.00000,0
1592259328.110902,796,1cfd083f,8,  10.406348,0.05246829,2.59341059,   0.00000,0
1592259328.111553,797,18feee3f,8,   0.000000,0.00000000,0.00000000,  81.00000,0
1592259359.571851,800,1cfd083f,8,  10.406348,0.05246829,2.59341059,   0.00000,0
1592259359.572416,801,18feee3f,8,   0.000000,0.00000000,0.00000000,  81.00000,0
1592259391.033188,804,1cfd083f,8,  10.296972,0.83781384,2.59255609,   0.00000,0
1592259391.033752,805,18feee3f,8,   0.000000,0.00000000,0.00000000,  81.00000,0
1592259422.494535,808,1cfd083f,8,  10.296972,0.83781384,2.59255609,   0.00000,0
1592259422.495088,809,18feee3f,8,   0.000000,0.00000000,0.00000000,  81.00000,0
1592259453.955876,812,1cfd083f,8,  10.296972,0.83781384,2.59255609,   0.00000,0
1592259453.956440,813,18feee3f,8,   0.000000,0.00000000,0.00000000,  81.00000,0
1592259485.417191,816,1cfd083f,8,  10.296972,0.83781384,2.59255609,   0.00000,0
1592259485.417760,817,18feee3f,8,   0.000000,0.00000000,0.00000000,  81.00000,0
1592259516.878545,820,1cfd083f,8,  10.406348,0.83586040,2.59280024,   0.00000,0
1592259516.879111,821,18feee3f,8,   0.000000,0.00000000,0.00000000,  80.96875,0
1592259548.339862,824,1cfd083f,8,  10.406348,0.83586040,2.59280024,   0.00000,0
1592259548.340437,825,18feee3f,8,   0.000000,0.00000000,0.00000000,  80.96875,0
1592259579.801193,828,1cfd083f,8,  10.406348,0.83586040,2.59280024,   0.00000,0
1592259579.801759,829,18feee3f,8,   0.000000,0.00000000,0.00000000,  80.96875,0
1592259611.264081,832,1cfd083f,8,  10.437598,0.05231567,2.59292231,   0.00000,0
1592259611.264689,833,18feee3f,8,   0.000000,0.00000000,0.00000000,  80.93750,0
1592259642.723877,836,1cfd083f,8,  10.437598,0.05231567,2.59292231,   0.00000,0
1592259642.724442,837,18feee3f,8,   0.000000,0.00000000,0.00000000,  80.93750,0
1592259674.185195,840,1cfd083f,8,  10.437598,0.05231567,2.59292231,   0.00000,0
1592259674.185766,841,18feee3f,8,   0.000000,0.00000000,0.00000000,  80.93750,0
1592259705.646555,844,1cfd083f,8,  10.437598,0.05231567,2.59292231,   0.00000,0
1592259705.647110,845,18feee3f,8,   0.000000,0.00000000,0.00000000,  80.93750,0
1592259737.107893,848,1cfd083f,8,  10.296972,0.83805803,2.59341059,   0.00000,0
1592259737.108434,849,18feee3f,8,   0.000000,0.00000000,0.00000000,  81.00000,0
1592259768.569215,852,1cfd083f,8,  10.296972,0.83805803,2.59341059,   0.00000,0
1592259768.569782,853,18feee3f,8,   0.000000,0.00000000,0.00000000,  81.00000,0
1592259800.030560,856,1cfd083f,8,  10.296972,0.83805803,2.59341059,   0.00000,0
1592259800.031114,857,18feee3f,8,   0.000000,0.00000000,0.00000000,  81.00000,0
1592259831.493471,860,1cfd083f,8,  10.296972,0.83805803,2.59341059,   0.00000,0
1592259831.494024,861,18feee3f,8,   0.000000,0.00000000,0.00000000,  81.00000,0
1592259862.953203,864,1cfd083f,8,  10.359472,0.83735601,0.16235519,   0.00000,0
1592259862.953764,865,18feee3f,8,   0.000000,0.00000000,0.00000000,  81.06250,0
1592259894.414548,868,1cfd083f,8,  10.359472,0.83735601,0.16235519,   0.00000,0
1592259894.415103,869,18feee3f,8,   0.000000,0.00000000,0.00000000,  81.06250,0
1592259925.877056,872,1cfd083f,8,  10.359472,0.83735601,0.16235519,   0.00000,0
1592259925.877627,873,18feee3f,8,   0.000000,0.00000000,0.00000000,  81.06250,0
1592259957.337200,876,1cfd083f,8,  10.421973,0.05255985,2.59304438,   0.00000,0
1592259957.337767,877,18feee3f,8,   0.000000,0.00000000,0.00000000,  81.06250,0
1592259988.798564,880,1cfd083f,8,  10.421973,0.05255985,2.59304438,   0.00000,0
1592259988.799136,881,18feee3f,8,   0.000000,0.00000000,0.00000000,  81.06250,0
1592260020.260651,884,1cfd083f,8,  10.421973,0.05255985,2.59304438,   0.00000,0
1592260020.261217,885,18feee3f,8,   0.000000,0.00000000,0.00000000,  81.06250,0
1592260051.721237,888,1cfd083f,8,  10.421973,0.05255985,2.59304438,   0.00000,0
1592260051.721802,889,18feee3f,8,   0.000000,0.00000000,0.00000000,  81.06250,0
1592260083.182569,892,1cfd083f,8,  10.406348,0.05271247,0.16223312,   0.00000,0
1592260083.183140,893,18feee3f,8,   0.000000,0.00000000,0.00000000,  80.96875,0
1592260114.644258,896,1cfd083f,8,  10.406348,0.05271247,0.16223312,   0.00000,0
1592260114.644824,897,18feee3f,8,   0.000000,0.00000000,0.00000000,  80.96875,0
1592260146.105232,900,1cfd083f,8,  10.406348,0.05271247,0.16223312,   0.00000,0
1592260146.105813,901,18feee3f,8,   0.000000,0.00000000,0.00000000,  80.96875,0
1592260177.566575,904,1cfd083f,8,  10.406348,0.05271247,0.16223312,   0.00000,0
1592260177.567138,905,18feee3f,8,   0.000000,0.00000000,0.00000000,  80.96875,0
1592260209.027900,908,1cfd083f,8,  10.390722,0.05240724,2.59255609,   0.00000,0
1592260209.028460,909,18feee3f,8,   0.000000,0.00000000,0.00000000,  80.93750,0
1592260240.489249,912,1cfd083f,8,  10.390722,0.05240724,2.59255609,   0.00000,0
1592260240.489823,913,18feee3f,8,   0.000000,0.00000000,0.00000000,  80.93750,0
