timestamp,count,id,dlc,Viscosity (cp),Density (gm/cc),Dielectric constant (-),Temperature (C), Status
1592853060.373849,0,1cfd083f,8,   8.359453,0.82139271,2.34829087,   0.00000,0
1592853060.374236,1,18feee3f,8,   0.000000,0.00000000,0.00000000,  75.59375,0
1592853091.834826,4,1cfd083f,8,   7.156317,0.81953083,2.33205535,   0.00000,0
1592853091.835359,5,18feee3f,8,   0.000000,0.00000000,0.00000000,  79.71875,0
1592853123.296735,8,1cfd083f,8,   7.156317,0.81953083,2.33205535,   0.00000,0
1592853123.297311,9,18feee3f,8,   0.000000,0.00000000,0.00000000,  79.75000,0
1592853154.757193,12,1cfd083f,8,   7.156317,0.81953083,2.33205535,   0.00000,0
1592853154.757765,13,18feee3f,8,   0.000000,0.00000000,0.00000000,  79.75000,0
1592853186.218414,16,1cfd083f,8,   7.156317,0.81953083,2.33205535,   0.00000,0
1592853186.218980,17,18feee3f,8,   0.000000,0.00000000,0.00000000,  79.75000,0
1592853217.680011,20,1cfd083f,8,   6.500061,0.81128974,2.30532168,   0.00000,0
1592853217.680587,21,18feee3f,8,   0.000000,0.00000000,0.00000000,  81.06250,0
1592853249.140912,24,1cfd083f,8,   6.500061,0.81128974,2.30532168,   0.00000,0
1592853249.141483,25,18feee3f,8,   0.000000,0.00000000,0.00000000,  81.06250,0
1592853280.602154,28,1cfd083f,8,   6.500061,0.81128974,2.30532168,   0.00000,0
1592853280.602727,29,18feee3f,8,   0.000000,0.00000000,0.00000000,  81.06250,0
1592853312.063453,32,1cfd083f,8,   6.187558,0.81012988,0.14428860,   0.00000,0
1592853312.063985,33,18feee3f,8,   0.000000,0.00000000,0.00000000,  80.62500,0
1592853343.524709,36,1cfd083f,8,   6.187558,0.81012988,0.14428860,   0.00000,0
1592853343.525273,37,18feee3f,8,   0.000000,0.00000000,0.00000000,  80.56250,0
1592853374.986023,40,1cfd083f,8,   6.187558,0.81012988,0.14428860,   0.00000,0
1592853374.986575,41,18feee3f,8,   0.000000,0.00000000,0.00000000,  80.56250,0
1592853406.447288,44,1cfd083f,8,   6.187558,0.81012988,0.14428860,   0.00000,0
1592853406.447887,45,18feee3f,8,   0.000000,0.00000000,0.00000000,  80.56250,0
1592853437.908605,48,1cfd083f,8,   6.062557,0.81025197,2.27626864,   0.00000,0
1592853437.909174,49,18feee3f,8,   0.000000,0.00000000,0.00000000,-250.93750,0
1592853469.369933,52,1cfd083f,8,   6.062557,0.81025197,2.27626864,   0.00000,0
1592853469.370508,53,18feee3f,8,   0.000000,0.00000000,0.00000000,-250.93750,0
1592853500.831229,56,1cfd083f,8,   6.062557,0.81025197,2.27626864,   0.00000,0
1592853500.831789,57,18feee3f,8,   0.000000,0.00000000,0.00000000,-250.93750,0
1592853532.292530,60,1cfd083f,8,   6.218808,0.81016040,2.27358307,   0.00000,0
1592853532.293102,61,18feee3f,8,   0.000000,0.00000000,0.00000000,  77.59375,0
1592853563.753828,64,1cfd083f,8,   6.218808,0.81016040,2.27358307,   0.00000,0
1592853563.754470,65,18feee3f,8,   0.000000,0.00000000,0.00000000,  77.56250,0
1592853595.215126,68,1cfd083f,8,   6.218808,0.81016040,2.27358307,   0.00000,0
1592853595.215699,69,18feee3f,8,   0.000000,0.00000000,0.00000000,  77.56250,0
1592853626.676453,72,1cfd083f,8,   6.281309,0.81089294,2.27578036,   0.00000,0
1592853626.677016,73,18feee3f,8,   0.000000,0.00000000,0.00000000,  76.71875,0
1592853658.137756,76,1cfd083f,8,   6.281309,0.81089294,2.27578036,   0.00000,0
1592853658.138324,77,18feee3f,8,   0.000000,0.00000000,0.00000000,  76.71875,0
1592853689.599074,80,1cfd083f,8,   6.281309,0.81089294,2.27578036,   0.00000,0
1592853689.599641,81,18feee3f,8,   0.000000,0.00000000,0.00000000,  76.71875,0
1592853721.061920,84,1cfd083f,8,   6.281309,0.81089294,2.27578036,   0.00000,0
1592853721.062510,85,18feee3f,8,   0.000000,0.00000000,0.00000000,  76.71875,0
1592853752.521668,88,1cfd083f,8,   6.437560,0.81150340,2.27663486,   0.00000,0
1592853752.522278,89,18feee3f,8,   0.000000,0.00000000,0.00000000,  77.00000,0
1592853783.982993,92,1cfd083f,8,   6.437560,0.81150340,2.27663486,   0.00000,0
1592853783.983551,93,18feee3f,8,   0.000000,0.00000000,0.00000000,  77.00000,0
1592853815.445518,96,1cfd083f,8,   6.437560,0.81150340,2.27663486,   0.00000,0
1592853815.446056,97,18feee3f,8,   0.000000,0.00000000,0.00000000,  77.00000,0
1592853846.905550,100,1cfd083f,8,   6.437560,0.81150340,2.27663486,   0.00000,0
1592853846.906143,101,18feee3f,8,   0.000000,0.00000000,0.00000000,  77.00000,0
1592853878.366661,104,1cfd083f,8,   6.531311,0.81217489,2.27895422,   0.00000,0
1592853878.367227,105,18feee3f,8,   0.000000,0.00000000,0.00000000,  78.28125,0
1592853909.828577,108,1cfd083f,8,   6.531311,0.81217489,2.27895422,   0.00000,0
1592853909.829145,109,18feee3f,8,   0.000000,0.00000000,0.00000000,  78.28125,0
1592853941.288927,112,1cfd083f,8,   6.531311,0.81217489,2.27895422,   0.00000,0
1592853941.289504,113,18feee3f,8,   0.000000,0.00000000,0.00000000,  78.28125,0
1592853972.750082,116,1cfd083f,8,   6.531311,0.81217489,2.27895422,   0.00000,0
1592853972.750646,117,18feee3f,8,   0.000000,0.00000000,0.00000000,  78.28125,0
1592854004.211604,120,1cfd083f,8,   6.546936,0.81128974,2.27822179,   0.00000,0
1592854004.212168,121,18feee3f,8,   0.000000,0.00000000,0.00000000,  79.56250,0
1592854035.672387,124,1cfd083f,8,   6.546936,0.81128974,2.27822179,   0.00000,0
1592854035.672951,125,18feee3f,8,   0.000000,0.00000000,0.00000000,  79.56250,0
1592854067.133588,128,1cfd083f,8,   6.546936,0.81128974,2.27822179,   0.00000,0
1592854067.134121,129,18feee3f,8,   0.000000,0.00000000,0.00000000,  79.56250,0
1592854098.594759,132,1cfd083f,8,   6.390685,0.81116765,2.27517000,   0.00000,0
1592854098.595337,133,18feee3f,8,   0.000000,0.00000000,0.00000000,  80.09375,0
1592854130.055946,136,1cfd083f,8,   6.390685,0.81116765,2.27517000,   0.00000,0
1592854130.056510,137,18feee3f,8,   0.000000,0.00000000,0.00000000,  80.09375,0
1592854161.517153,140,1cfd083f,8,   6.390685,0.81116765,2.27517000,   0.00000,0
1592854161.517723,141,18feee3f,8,   0.000000,0.00000000,0.00000000,  80.09375,0
1592854192.978337,144,1cfd083f,8,   6.390685,0.81116765,2.27517000,   0.00000,0
1592854192.978923,145,18feee3f,8,   0.000000,0.00000000,0.00000000,  80.09375,0
1592854224.439549,148,1cfd083f,8,   6.296934,0.81022145,2.27321686,   0.00000,0
1592854224.440139,149,18feee3f,8,   0.000000,0.00000000,0.00000000,  80.00000,0
1592854255.900761,152,1cfd083f,8,   6.296934,0.81022145,2.27321686,   0.00000,0
1592854255.901356,153,18feee3f,8,   0.000000,0.00000000,0.00000000,  80.00000,0
1592854287.361994,156,1cfd083f,8,   6.296934,0.81022145,2.27321686,   0.00000,0
1592854287.362559,157,18feee3f,8,   0.000000,0.00000000,0.00000000,  80.00000,0
1592854318.823250,160,1cfd083f,8,   6.203183,0.81067929,2.27187407,   0.00000,0
1592854318.823776,161,18feee3f,8,   0.000000,0.00000000,0.00000000,  79.59375,0
1592854350.284479,164,1cfd083f,8,   6.203183,0.81067929,2.27187407,   0.00000,0
1592854350.285043,165,18feee3f,8,   0.000000,0.00000000,0.00000000,  79.56250,0
1592854381.745696,168,1cfd083f,8,   6.203183,0.81067929,2.27187407,   0.00000,0
1592854381.746262,169,18feee3f,8,   0.000000,0.00000000,0.00000000,  79.56250,0
1592854413.208889,172,1cfd083f,8,   6.203183,0.81067929,2.27187407,   0.00000,0
1592854413.209454,173,18feee3f,8,   0.000000,0.00000000,0.00000000,  79.56250,0
1592854444.668195,176,1cfd083f,8,   6.203183,0.81067929,2.27187407,   0.00000,0
1592854444.668735,177,18feee3f,8,   0.000000,0.00000000,0.00000000,  79.56250,0
1592854476.129414,180,1cfd083f,8,   6.265684,0.80994674,2.27065335,   0.00000,0
1592854476.129995,181,18feee3f,8,   0.000000,0.00000000,0.00000000,-250.87500,0
1592854507.592235,184,1cfd083f,8,   6.265684,0.80994674,2.27065335,   0.00000,0
1592854507.592808,185,18feee3f,8,   0.000000,0.00000000,0.00000000,-250.87500,0
1592854539.051925,188,1cfd083f,8,   6.265684,0.80994674,2.27065335,   0.00000,0
1592854539.052486,189,18feee3f,8,   0.000000,0.00000000,0.00000000,-250.87500,0
1592854570.513547,192,1cfd083f,8,   6.265684,0.81080138,2.27150785,   0.00000,0
1592854570.514111,193,18feee3f,8,   0.000000,0.00000000,0.00000000,-250.84375,0
1592854601.975631,196,1cfd083f,8,   6.265684,0.81080138,2.27150785,   0.00000,0
1592854601.976201,197,18feee3f,8,   0.000000,0.00000000,0.00000000,-250.84375,0
1592854633.435724,200,1cfd083f,8,   6.265684,0.81080138,2.27150785,   0.00000,0
1592854633.436274,201,18feee3f,8,   0.000000,0.00000000,0.00000000,-250.84375,0
1592854664.896988,204,1cfd083f,8,   6.265684,0.81080138,2.27150785,   0.00000,0
1592854664.897617,205,18feee3f,8,   0.000000,0.00000000,0.00000000,-250.84375,0
1592854696.359003,208,1cfd083f,8,   6.328184,0.81055720,2.27187407,   0.00000,0
1592854696.359566,209,18feee3f,8,   0.000000,0.00000000,0.00000000,-250.62500,0
1592854727.819529,212,1cfd083f,8,   6.328184,0.81055720,2.27187407,   0.00000,0
1592854727.820089,213,18feee3f,8,   0.000000,0.00000000,0.00000000,-250.62500,0
1592854759.280770,216,1cfd083f,8,   6.328184,0.81055720,2.27187407,   0.00000,0
1592854759.281339,217,18feee3f,8,   0.000000,0.00000000,0.00000000,-250.62500,0
1592854790.742069,220,1cfd083f,8,   6.375060,0.81043511,2.27077542,   0.00000,0
1592854790.742618,221,18feee3f,8,   0.000000,0.00000000,0.00000000,  79.84375,0
1592854822.203341,224,1cfd083f,8,   6.375060,0.81043511,2.27077542,   0.00000,0
1592854822.203905,225,18feee3f,8,   0.000000,0.00000000,0.00000000,  79.87500,0
1592854853.664604,228,1cfd083f,8,   6.375060,0.81043511,2.27077542,   0.00000,0
1592854853.665179,229,18feee3f,8,   0.000000,0.00000000,0.00000000,  79.87500,0
1592854885.125868,232,1cfd083f,8,   6.375060,0.81043511,2.27077542,   0.00000,0
1592854885.126443,233,18feee3f,8,   0.000000,0.00000000,0.00000000,  79.87500,0
1592854916.587162,236,1cfd083f,8,   6.375060,0.81043511,2.27077542,   0.00000,0
1592854916.587737,237,18feee3f,8,   0.000000,0.00000000,0.00000000,  79.87500,0
1592854948.048452,240,1cfd083f,8,   6.328184,0.81022145,2.27028714,   0.00000,0
1592854948.048985,241,18feee3f,8,   0.000000,0.00000000,0.00000000,  79.87500,0
1592854979.509727,244,1cfd083f,8,   6.328184,0.81022145,2.27028714,   0.00000,0
1592854979.510280,245,18feee3f,8,   0.000000,0.00000000,0.00000000,  79.87500,0
1592855010.971014,248,1cfd083f,8,   6.328184,0.81022145,2.27028714,   0.00000,0
1592855010.971592,249,18feee3f,8,   0.000000,0.00000000,0.00000000,  79.87500,0
1592855042.432313,252,1cfd083f,8,   6.234433,0.81061824,2.27053128,   0.00000,0
1592855042.432856,253,18feee3f,8,   0.000000,0.00000000,0.00000000,  80.43750,0
1592855073.893578,256,1cfd083f,8,   6.234433,0.81061824,2.27053128,   0.00000,0
1592855073.894151,257,18feee3f,8,   0.000000,0.00000000,0.00000000,  80.43750,0
1592855105.354870,260,1cfd083f,8,   6.234433,0.81061824,2.27053128,   0.00000,0
1592855105.355439,261,18feee3f,8,   0.000000,0.00000000,0.00000000,  80.43750,0
1592855136.816179,264,1cfd083f,8,   6.234433,0.81061824,2.27053128,   0.00000,0
1592855136.816756,265,18feee3f,8,   0.000000,0.00000000,0.00000000,  80.43750,0
1592855168.278637,268,1cfd083f,8,   6.218808,0.81064876,2.26833399,   0.00000,0
1592855168.279183,269,18feee3f,8,   0.000000,0.00000000,0.00000000,  80.40625,0
1592855199.740713,272,1cfd083f,8,   6.218808,0.81064876,2.26833399,   0.00000,0
1592855199.741288,273,18feee3f,8,   0.000000,0.00000000,0.00000000,  80.40625,0
1592855231.200084,276,1cfd083f,8,   6.218808,0.81064876,2.26833399,   0.00000,0
1592855231.200624,277,18feee3f,8,   0.000000,0.00000000,0.00000000,  80.40625,0
1592855262.662141,280,1cfd083f,8,   6.187558,0.81070981,2.26760156,   0.00000,0
1592855262.662683,281,18feee3f,8,   0.000000,0.00000000,0.00000000,  80.18750,0
1592855294.124234,284,1cfd083f,8,   6.187558,0.81070981,2.26760156,   0.00000,0
1592855294.124806,285,18feee3f,8,   0.000000,0.00000000,0.00000000,  80.18750,0
1592855325.583943,288,1cfd083f,8,   6.187558,0.81070981,2.26760156,   0.00000,0
1592855325.584520,289,18feee3f,8,   0.000000,0.00000000,0.00000000,  80.18750,0
1592855357.045256,292,1cfd083f,8,   6.187558,0.81070981,2.26760156,   0.00000,0
1592855357.045835,293,18feee3f,8,   0.000000,0.00000000,0.00000000,  80.18750,0
1592855388.506553,296,1cfd083f,8,   6.218808,0.81016040,2.26821192,   0.00000,0
1592855388.507095,297,18feee3f,8,   0.000000,0.00000000,0.00000000,  80.06250,0
1592855419.967825,300,1cfd083f,8,   6.218808,0.81016040,2.26821192,   0.00000,0
1592855419.968428,301,18feee3f,8,   0.000000,0.00000000,0.00000000,  80.06250,0
1592855451.429157,304,1cfd083f,8,   6.218808,0.81016040,2.26821192,   0.00000,0
1592855451.429717,305,18feee3f,8,   0.000000,0.00000000,0.00000000,  80.06250,0
1592855482.891223,308,1cfd083f,8,   6.218808,0.81016040,2.26821192,   0.00000,0
1592855482.891763,309,18feee3f,8,   0.000000,0.00000000,0.00000000,  80.06250,0
1592855514.351737,312,1cfd083f,8,   6.234433,0.81034354,2.26906642,   0.00000,0
1592855514.352317,313,18feee3f,8,   0.000000,0.00000000,0.00000000,  80.03125,0
1592855545.813030,316,1cfd083f,8,   6.234433,0.81034354,2.26906642,   0.00000,0
1592855545.813617,317,18feee3f,8,   0.000000,0.00000000,0.00000000,  80.03125,0
1592855577.274716,320,1cfd083f,8,   6.234433,0.81034354,2.26906642,   0.00000,0
1592855577.275268,321,18feee3f,8,   0.000000,0.00000000,0.00000000,  80.03125,0
1592855608.735659,324,1cfd083f,8,   6.234433,0.81034354,2.26906642,   0.00000,0
1592855608.736226,325,18feee3f,8,   0.000000,0.00000000,0.00000000,  80.03125,0
1592855640.196964,328,1cfd083f,8,   6.234433,0.81049615,2.26894435,   0.00000,0
1592855640.197535,329,18feee3f,8,   0.000000,0.00000000,0.00000000,  80.21875,0
1592855671.658232,332,1cfd083f,8,   6.234433,0.81049615,2.26894435,   0.00000,0
1592855671.658816,333,18feee3f,8,   0.000000,0.00000000,0.00000000,  80.21875,0
1592855703.119592,336,1cfd083f,8,   6.234433,0.81049615,2.26894435,   0.00000,0
1592855703.120147,337,18feee3f,8,   0.000000,0.00000000,0.00000000,  80.21875,0
1592855734.580844,340,1cfd083f,8,   6.218808,0.81058772,2.26894435,   0.00000,0
1592855734.581409,341,18feee3f,8,   0.000000,0.00000000,0.00000000,  80.43750,0
1592855766.042166,344,1cfd083f,8,   6.218808,0.81058772,2.26894435,   0.00000,0
1592855766.042728,345,18feee3f,8,   0.000000,0.00000000,0.00000000,  80.46875,0
1592855797.503474,348,1cfd083f,8,   6.218808,0.81058772,2.26894435,   0.00000,0
1592855797.504047,349,18feee3f,8,   0.000000,0.00000000,0.00000000,  80.46875,0
1592855828.964751,352,1cfd083f,8,   6.218808,0.81058772,2.26894435,   0.00000,0
1592855828.965340,353,18feee3f,8,   0.000000,0.00000000,0.00000000,  80.46875,0
1592855860.427641,356,1cfd083f,8,   6.312559,0.81016040,2.27016507,   0.00000,0
1592855860.428215,357,18feee3f,8,   0.000000,0.00000000,0.00000000,  80.62500,0
1592855891.887403,360,1cfd083f,8,   6.312559,0.81016040,2.27016507,   0.00000,0
1592855891.887977,361,18feee3f,8,   0.000000,0.00000000,0.00000000,  80.62500,0
1592855923.348820,364,1cfd083f,8,   6.312559,0.81016040,2.27016507,   0.00000,0
1592855923.349386,365,18feee3f,8,   0.000000,0.00000000,0.00000000,  80.62500,0
1592855954.810231,368,1cfd083f,8,   6.312559,0.81016040,2.27016507,   0.00000,0
1592855954.810809,369,18feee3f,8,   0.000000,0.00000000,0.00000000,  80.62500,0
1592855986.271635,372,1cfd083f,8,   6.281309,0.80988570,2.26906642,   0.00000,0
1592855986.272203,373,18feee3f,8,   0.000000,0.00000000,0.00000000,  80.78125,0
1592856017.733035,376,1cfd083f,8,   6.281309,0.80988570,2.26906642,   0.00000,0
1592856017.733623,377,18feee3f,8,   0.000000,0.00000000,0.00000000,  80.81250,0
1592856049.194460,380,1cfd083f,8,   6.281309,0.80988570,2.26906642,   0.00000,0
1592856049.194988,381,18feee3f,8,   0.000000,0.00000000,0.00000000,  80.81250,0
1592856080.657398,384,1cfd083f,8,   6.281309,0.80988570,2.26906642,   0.00000,0
1592856080.657974,385,18feee3f,8,   0.000000,0.00000000,0.00000000,  80.81250,0
1592856112.117223,388,1cfd083f,8,   6.265684,0.81006883,2.26870021,   0.00000,0
1592856112.117788,389,18feee3f,8,   0.000000,0.00000000,0.00000000,  80.81250,0
1592856143.578610,392,1cfd083f,8,   6.265684,0.81006883,2.26870021,   0.00000,0
1592856143.579162,393,18feee3f,8,   0.000000,0.00000000,0.00000000,  80.84375,0
1592856175.041173,396,1cfd083f,8,   6.265684,0.81006883,2.26870021,   0.00000,0
1592856175.041730,397,18feee3f,8,   0.000000,0.00000000,0.00000000,  80.84375,0
1592856206.501383,400,1cfd083f,8,   6.265684,0.81006883,2.26870021,   0.00000,0
1592856206.501939,401,18feee3f,8,   0.000000,0.00000000,0.00000000,  80.84375,0
1592856237.962739,404,1cfd083f,8,   6.312559,0.80973309,2.26857814,   0.00000,0
1592856237.963332,405,18feee3f,8,   0.000000,0.00000000,0.00000000,  80.75000,0
1592856269.424899,408,1cfd083f,8,   6.312559,0.80973309,2.26857814,   0.00000,0
1592856269.425451,409,18feee3f,8,   0.000000,0.00000000,0.00000000,  80.75000,0
1592856300.885495,412,1cfd083f,8,   6.312559,0.80973309,2.26857814,   0.00000,0
1592856300.886052,413,18feee3f,8,   0.000000,0.00000000,0.00000000,  80.75000,0
1592856332.346879,416,1cfd083f,8,   6.296934,0.80997727,2.26833399,   0.00000,0
1592856332.347430,417,18feee3f,8,   0.000000,0.00000000,0.00000000,  80.62500,0
1592856363.808599,420,1cfd083f,8,   6.296934,0.80997727,2.26833399,   0.00000,0
1592856363.809180,421,18feee3f,8,   0.000000,0.00000000,0.00000000,  80.62500,0
1592856395.269577,424,1cfd083f,8,   6.296934,0.80997727,2.26833399,   0.00000,0
1592856395.270171,425,18feee3f,8,   0.000000,0.00000000,0.00000000,  80.62500,0
1592856426.730952,428,1cfd083f,8,   6.296934,0.80997727,2.26833399,   0.00000,0
1592856426.731506,429,18feee3f,8,   0.000000,0.00000000,0.00000000,  80.62500,0
1592856458.192310,432,1cfd083f,8,   6.296934,0.80973309,2.26845606,   0.00000,0
1592856458.192900,433,18feee3f,8,   0.000000,0.00000000,0.00000000,  80.46875,0
1592856489.653667,436,1cfd083f,8,   6.296934,0.80973309,2.26845606,   0.00000,0
1592856489.654215,437,18feee3f,8,   0.000000,0.00000000,0.00000000,  80.46875,0
1592856521.115010,440,1cfd083f,8,   6.296934,0.80973309,2.26845606,   0.00000,0
1592856521.115593,441,18feee3f,8,   0.000000,0.00000000,0.00000000,  80.46875,0
1592856552.576366,444,1cfd083f,8,   6.296934,0.80973309,2.26845606,   0.00000,0
1592856552.576957,445,18feee3f,8,   0.000000,0.00000000,0.00000000,  80.46875,0
1592856584.037702,448,1cfd083f,8,   6.296934,0.81034354,2.26918849,   0.00000,0
1592856584.038295,449,18feee3f,8,   0.000000,0.00000000,0.00000000,  80.31250,0
1592856615.499058,452,1cfd083f,8,   6.296934,0.81034354,2.26918849,   0.00000,0
1592856615.499634,453,18feee3f,8,   0.000000,0.00000000,0.00000000,  80.31250,0
1592856646.960406,456,1cfd083f,8,   6.296934,0.81034354,2.26918849,   0.00000,0
1592856646.960974,457,18feee3f,8,   0.000000,0.00000000,0.00000000,  80.31250,0
1592856678.421733,460,1cfd083f,8,   6.312559,0.81000779,2.26894435,   0.00000,0
1592856678.422304,461,18feee3f,8,   0.000000,0.00000000,0.00000000,  80.18750,0
1592856709.883100,464,1cfd083f,8,   6.312559,0.81000779,2.26894435,   0.00000,0
1592856709.883671,465,18feee3f,8,   0.000000,0.00000000,0.00000000,  80.18750,0
1592856741.344459,468,1cfd083f,8,   6.312559,0.81000779,2.26894435,   0.00000,0
1592856741.345009,469,18feee3f,8,   0.000000,0.00000000,0.00000000,  80.18750,0
1592856772.805789,472,1cfd083f,8,   6.234433,0.81058772,2.26784571,   0.00000,0
1592856772.806343,473,18feee3f,8,   0.000000,0.00000000,0.00000000,  80.12500,0
1592856804.267133,476,1cfd083f,8,   6.234433,0.81058772,2.26784571,   0.00000,0
1592856804.267694,477,18feee3f,8,   0.000000,0.00000000,0.00000000,  80.09375,0
1592856835.728468,480,1cfd083f,8,   6.234433,0.81058772,2.26784571,   0.00000,0
1592856835.729040,481,18feee3f,8,   0.000000,0.00000000,0.00000000,  80.09375,0
1592856867.191352,484,1cfd083f,8,   6.234433,0.81058772,2.26784571,   0.00000,0
1592856867.191921,485,18feee3f,8,   0.000000,0.00000000,0.00000000,  80.09375,0
1592856898.651126,488,1cfd083f,8,   6.265684,0.81019092,2.26918849,   0.00000,0
1592856898.651690,489,18feee3f,8,   0.000000,0.00000000,0.00000000,  80.21875,0
1592856930.112452,492,1cfd083f,8,   6.265684,0.81019092,2.26918849,   0.00000,0
1592856930.113055,493,18feee3f,8,   0.000000,0.00000000,0.00000000,  80.21875,0
1592856961.574981,496,1cfd083f,8,   6.265684,0.81019092,2.26918849,   0.00000,0
1592856961.575550,497,18feee3f,8,   0.000000,0.00000000,0.00000000,  80.21875,0
1592856993.035143,500,1cfd083f,8,   6.265684,0.81019092,2.26918849,   0.00000,0
1592856993.035712,501,18feee3f,8,   0.000000,0.00000000,0.00000000,  80.21875,0
1592857024.496479,504,1cfd083f,8,   6.265684,0.80985518,2.26906642,   0.00000,0
1592857024.497049,505,18feee3f,8,   0.000000,0.00000000,0.00000000,  80.31250,0
1592857055.958560,508,1cfd083f,8,   6.265684,0.80985518,2.26906642,   0.00000,0
1592857055.959112,509,18feee3f,8,   0.000000,0.00000000,0.00000000,  80.31250,0
1592857087.419105,512,1cfd083f,8,   6.265684,0.80985518,2.26906642,   0.00000,0
1592857087.419708,513,18feee3f,8,   0.000000,0.00000000,0.00000000,  80.31250,0
1592857118.880459,516,1cfd083f,8,   6.265684,0.80985518,2.26906642,   0.00000,0
1592857118.881012,517,18feee3f,8,   0.000000,0.00000000,0.00000000,  80.31250,0
1592857150.341780,520,1cfd083f,8,   6.234433,0.81086242,2.26906642,   0.00000,0
1592857150.342371,521,18feee3f,8,   0.000000,0.00000000,0.00000000,  80.37500,0
1592857181.803156,524,1cfd083f,8,   6.234433,0.81086242,2.26906642,   0.00000,0
1592857181.803687,525,18feee3f,8,   0.000000,0.00000000,0.00000000,  80.37500,0
1592857213.264454,528,1cfd083f,8,   6.234433,0.81086242,2.26906642,   0.00000,0
1592857213.264994,529,18feee3f,8,   0.000000,0.00000000,0.00000000,  80.37500,0
1592857244.725811,532,1cfd083f,8,   6.234433,0.81086242,2.26906642,   0.00000,0
1592857244.726351,533,18feee3f,8,   0.000000,0.00000000,0.00000000,  80.37500,0
1592857276.187093,536,1cfd083f,8,   6.218808,0.81089294,2.26821192,   0.00000,0
1592857276.187657,537,18feee3f,8,   0.000000,0.00000000,0.00000000,  80.37500,0
1592857307.648409,540,1cfd083f,8,   6.218808,0.81089294,2.26821192,   0.00000,0
1592857307.649009,541,18feee3f,8,   0.000000,0.00000000,0.00000000,  80.37500,0
1592857339.109747,544,1cfd083f,8,   6.218808,0.81089294,2.26821192,   0.00000,0
1592857339.110320,545,18feee3f,8,   0.000000,0.00000000,0.00000000,  80.37500,0
1592857370.571099,548,1cfd083f,8,   6.218808,0.81089294,2.26821192,   0.00000,0
1592857370.571659,549,18feee3f,8,   0.000000,0.00000000,0.00000000,  80.37500,0
1592857402.032417,552,1cfd083f,8,   6.218808,0.81086242,2.26918849,   0.00000,0
1592857402.032966,553,18feee3f,8,   0.000000,0.00000000,0.00000000,  80.34375,0
1592857433.493741,556,1cfd083f,8,   6.218808,0.81086242,2.26918849,   0.00000,0
1592857433.494313,557,18feee3f,8,   0.000000,0.00000000,0.00000000,  80.34375,0
1592857464.955054,560,1cfd083f,8,   6.218808,0.81086242,2.26918849,   0.00000,0
1592857464.955619,561,18feee3f,8,   0.000000,0.00000000,0.00000000,  80.34375,0
1592857496.416390,564,1cfd083f,8,   6.218808,0.81086242,2.26918849,   0.00000,0
1592857496.416996,565,18feee3f,8,   0.000000,0.00000000,0.00000000,  80.34375,0
1592857527.877715,568,1cfd083f,8,   6.250059,0.81022145,2.26894435,   0.00000,0
1592857527.878289,569,18feee3f,8,   0.000000,0.00000000,0.00000000,  80.28125,0
1592857559.341000,572,1cfd083f,8,   6.250059,0.81022145,2.26894435,   0.00000,0
1592857559.341575,573,18feee3f,8,   0.000000,0.00000000,0.00000000,  80.28125,0
1592857590.800381,576,1cfd083f,8,   6.250059,0.81022145,2.26894435,   0.00000,0
1592857590.800947,577,18feee3f,8,   0.000000,0.00000000,0.00000000,  80.28125,0
1592857622.262477,580,1cfd083f,8,   6.203183,0.81055720,2.26918849,   0.00000,0
1592857622.263018,581,18feee3f,8,   0.000000,0.00000000,0.00000000,  80.28125,0
1592857653.724553,584,1cfd083f,8,   6.203183,0.81055720,2.26918849,   0.00000,0
1592857653.725157,585,18feee3f,8,   0.000000,0.00000000,0.00000000,  80.28125,0
1592857685.184341,588,1cfd083f,8,   6.203183,0.81055720,2.26918849,   0.00000,0
1592857685.184906,589,18feee3f,8,   0.000000,0.00000000,0.00000000,  80.28125,0
1592857716.645654,592,1cfd083f,8,   6.203183,0.81055720,2.26918849,   0.00000,0
1592857716.646231,593,18feee3f,8,   0.000000,0.00000000,0.00000000,  80.28125,0
1592857748.106979,596,1cfd083f,8,   6.250059,0.81046563,2.26931056,   0.00000,0
1592857748.107548,597,18feee3f,8,   0.000000,0.00000000,0.00000000,  80.31250,0
1592857779.568299,600,1cfd083f,8,   6.250059,0.81046563,2.26931056,   0.00000,0
1592857779.568871,601,18feee3f,8,   0.000000,0.00000000,0.00000000,  80.28125,0
1592857811.029641,604,1cfd083f,8,   6.250059,0.81046563,2.26931056,   0.00000,0
1592857811.030195,605,18feee3f,8,   0.000000,0.00000000,0.00000000,  80.28125,0
1592857842.491714,608,1cfd083f,8,   6.250059,0.81046563,2.26931056,   0.00000,0
1592857842.492275,609,18feee3f,8,   0.000000,0.00000000,0.00000000,  80.28125,0
1592857873.952244,612,1cfd083f,8,   6.281309,0.81046563,2.26906642,   0.00000,0
1592857873.952833,613,18feee3f,8,   0.000000,0.00000000,0.00000000,  80.28125,0
1592857905.413597,616,1cfd083f,8,   6.281309,0.81046563,2.26906642,   0.00000,0
1592857905.414170,617,18feee3f,8,   0.000000,0.00000000,0.00000000,  80.28125,0
1592857936.875262,620,1cfd083f,8,   6.281309,0.81046563,2.26906642,   0.00000,0
1592857936.875839,621,18feee3f,8,   0.000000,0.00000000,0.00000000,  80.28125,0
1592857968.336325,624,1cfd083f,8,   6.234433,0.81095399,2.26931056,   0.00000,0
1592857968.336878,625,18feee3f,8,   0.000000,0.00000000,0.00000000,  80.40625,0
1592857999.797711,628,1cfd083f,8,   6.234433,0.81095399,2.26931056,   0.00000,0
1592857999.798269,629,18feee3f,8,   0.000000,0.00000000,0.00000000,  80.40625,0
1592858031.259112,632,1cfd083f,8,   6.234433,0.81095399,2.26931056,   0.00000,0
1592858031.259667,633,18feee3f,8,   0.000000,0.00000000,0.00000000,  80.40625,0
1592858062.720504,636,1cfd083f,8,   6.234433,0.81095399,2.26931056,   0.00000,0
1592858062.721073,637,18feee3f,8,   0.000000,0.00000000,0.00000000,  80.40625,0
1592858094.181876,640,1cfd083f,8,   6.234433,0.81049615,2.26918849,   0.00000,0
1592858094.182447,641,18feee3f,8,   0.000000,0.00000000,0.00000000,  80.40625,0
1592858125.643262,644,1cfd083f,8,   6.234433,0.81049615,2.26918849,   0.00000,0
1592858125.643830,645,18feee3f,8,   0.000000,0.00000000,0.00000000,  80.43750,0
1592858157.104654,648,1cfd083f,8,   6.234433,0.81049615,2.26918849,   0.00000,0
1592858157.105225,649,18feee3f,8,   0.000000,0.00000000,0.00000000,  80.43750,0
1592858188.566029,652,1cfd083f,8,   6.234433,0.81049615,2.26918849,   0.00000,0
1592858188.566612,653,18feee3f,8,   0.000000,0.00000000,0.00000000,  80.43750,0
1592858220.027407,656,1cfd083f,8,   6.250059,0.80994674,2.27028714,   0.00000,0
1592858220.027975,657,18feee3f,8,   0.000000,0.00000000,0.00000000,  80.40625,0
1592858251.488791,660,1cfd083f,8,   6.250059,0.80994674,2.27028714,   0.00000,0
1592858251.489357,661,18feee3f,8,   0.000000,0.00000000,0.00000000,  80.40625,0
1592858282.950179,664,1cfd083f,8,   6.250059,0.80994674,2.27028714,   0.00000,0
1592858282.950713,665,18feee3f,8,   0.000000,0.00000000,0.00000000,  80.40625,0
1592858314.411548,668,1cfd083f,8,   6.250059,0.80994674,2.27028714,   0.00000,0
1592858314.412112,669,18feee3f,8,   0.000000,0.00000000,0.00000000,  80.40625,0
1592858345.874854,672,1cfd083f,8,   6.265684,0.81046563,2.26845606,   0.00000,0
1592858345.875429,673,18feee3f,8,   0.000000,0.00000000,0.00000000,  80.31250,0
1592858377.334252,676,1cfd083f,8,   6.265684,0.81046563,2.26845606,   0.00000,0
1592858377.334832,677,18feee3f,8,   0.000000,0.00000000,0.00000000,  80.31250,0
1592858408.795623,680,1cfd083f,8,   6.265684,0.81046563,2.26845606,   0.00000,0
1592858408.796189,681,18feee3f,8,   0.000000,0.00000000,0.00000000,  80.31250,0
1592858440.256980,684,1cfd083f,8,   6.265684,0.80985518,2.26845606,   0.00000,0
1592858440.257545,685,18feee3f,8,   0.000000,0.00000000,0.00000000,  80.31250,0
1592858471.718345,688,1cfd083f,8,   6.265684,0.80985518,2.26845606,   0.00000,0
1592858471.718912,689,18feee3f,8,   0.000000,0.00000000,0.00000000,  80.31250,0
1592858503.179693,692,1cfd083f,8,   6.265684,0.80985518,2.26845606,   0.00000,0
1592858503.180268,693,18feee3f,8,   0.000000,0.00000000,0.00000000,  80.31250,0
1592858534.642239,696,1cfd083f,8,   6.265684,0.80985518,2.26845606,   0.00000,0
1592858534.642804,697,18feee3f,8,   0.000000,0.00000000,0.00000000,  80.31250,0
1592858566.102405,700,1cfd083f,8,   6.250059,0.81028249,2.26955471,   0.00000,0
1592858566.102976,701,18feee3f,8,   0.000000,0.00000000,0.00000000,  80.28125,0
1592858597.563808,704,1cfd083f,8,   6.250059,0.81028249,2.26955471,   0.00000,0
1592858597.564370,705,18feee3f,8,   0.000000,0.00000000,0.00000000,  80.25000,0
1592858629.025910,708,1cfd083f,8,   6.250059,0.81028249,2.26955471,   0.00000,0
1592858629.026482,709,18feee3f,8,   0.000000,0.00000000,0.00000000,  80.25000,0
1592858660.486533,712,1cfd083f,8,   6.250059,0.81028249,2.26955471,   0.00000,0
1592858660.487048,713,18feee3f,8,   0.000000,0.00000000,0.00000000,  80.25000,0
1592858691.947841,716,1cfd083f,8,   6.265684,0.81019092,2.26870021,   0.00000,0
1592858691.948405,717,18feee3f,8,   0.000000,0.00000000,0.00000000,  80.21875,0
1592858723.409552,720,1cfd083f,8,   6.265684,0.81019092,2.26870021,   0.00000,0
1592858723.410122,721,18feee3f,8,   0.000000,0.00000000,0.00000000,  80.21875,0
1592858754.870521,724,1cfd083f,8,   6.265684,0.81019092,2.26870021,   0.00000,0
1592858754.871111,725,18feee3f,8,   0.000000,0.00000000,0.00000000,  80.21875,0
1592858786.331880,728,1cfd083f,8,   6.265684,0.81046563,2.26992092,   0.00000,0
1592858786.332455,729,18feee3f,8,   0.000000,0.00000000,0.00000000,  80.25000,0
1592858817.793213,732,1cfd083f,8,   6.265684,0.81046563,2.26992092,   0.00000,0
1592858817.793787,733,18feee3f,8,   0.000000,0.00000000,0.00000000,  80.25000,0
1592858849.254548,736,1cfd083f,8,   6.265684,0.81046563,2.26992092,   0.00000,0
1592858849.255161,737,18feee3f,8,   0.000000,0.00000000,0.00000000,  80.25000,0
1592858880.715935,740,1cfd083f,8,   6.265684,0.81046563,2.26992092,   0.00000,0
1592858880.716500,741,18feee3f,8,   0.000000,0.00000000,0.00000000,  80.25000,0
1592858912.177259,744,1cfd083f,8,   6.265684,0.81046563,2.26992092,   0.00000,0
1592858912.177841,745,18feee3f,8,   0.000000,0.00000000,0.00000000,  80.25000,0
1592858943.638623,748,1cfd083f,8,   6.296934,0.81000779,2.27028714,   0.00000,0
1592858943.639189,749,18feee3f,8,   0.000000,0.00000000,0.00000000,  80.34375,0
1592858975.099942,752,1cfd083f,8,   6.296934,0.81000779,2.27028714,   0.00000,0
1592858975.100575,753,18feee3f,8,   0.000000,0.00000000,0.00000000,  80.34375,0
1592859006.561309,756,1cfd083f,8,   6.296934,0.81000779,2.27028714,   0.00000,0
1592859006.561843,757,18feee3f,8,   0.000000,0.00000000,0.00000000,  80.34375,0
1592859038.022639,760,1cfd083f,8,   6.296934,0.81000779,2.27028714,   0.00000,0
1592859038.023236,761,18feee3f,8,   0.000000,0.00000000,0.00000000,  80.34375,0
1592859069.483970,764,1cfd083f,8,   6.296934,0.80973309,2.26870021,   0.00000,0
1592859069.484529,765,18feee3f,8,   0.000000,0.00000000,0.00000000,  80.34375,0
1592859100.945336,768,1cfd083f,8,   6.296934,0.80973309,2.26870021,   0.00000,0
1592859100.945888,769,18feee3f,8,   0.000000,0.00000000,0.00000000,  80.25000,0
1592859132.408619,772,1cfd083f,8,   6.296934,0.80973309,2.26870021,   0.00000,0
1592859132.409199,773,18feee3f,8,   0.000000,0.00000000,0.00000000,  80.25000,0
1592859163.867979,776,1cfd083f,8,   6.296934,0.80973309,2.26870021,   0.00000,0
1592859163.868578,777,18feee3f,8,   0.000000,0.00000000,0.00000000,  80.25000,0
1592859195.330088,780,1cfd083f,8,   6.265684,0.81064876,2.26845606,   0.00000,0
1592859195.330661,781,18feee3f,8,   0.000000,0.00000000,0.00000000,  80.18750,0
1592859226.792232,784,1cfd083f,8,   6.265684,0.81064876,2.26845606,   0.00000,0
1592859226.792800,785,18feee3f,8,   0.000000,0.00000000,0.00000000,  80.18750,0
1592859258.251996,788,1cfd083f,8,   6.265684,0.81064876,2.26845606,   0.00000,0
1592859258.252570,789,18feee3f,8,   0.000000,0.00000000,0.00000000,  80.18750,0
1592859289.713336,792,1cfd083f,8,   6.265684,0.81064876,2.26845606,   0.00000,0
1592859289.713916,793,18feee3f,8,   0.000000,0.00000000,0.00000000,  80.18750,0
1592859321.175831,796,1cfd083f,8,   6.265684,0.81064876,2.26845606,   0.00000,0
1592859321.176396,797,18feee3f,8,   0.000000,0.00000000,0.00000000,  80.18750,0
1592859352.636013,800,1cfd083f,8,   6.296934,0.81012988,2.26979885,   0.00000,0
1592859352.636568,801,18feee3f,8,   0.000000,0.00000000,0.00000000,  80.21875,0
1592859384.097346,804,1cfd083f,8,   6.296934,0.81012988,2.26979885,   0.00000,0
1592859384.097902,805,18feee3f,8,   0.000000,0.00000000,0.00000000,  80.21875,0
1592859415.559437,808,1cfd083f,8,   6.296934,0.81012988,2.26979885,   0.00000,0
1592859415.560003,809,18feee3f,8,   0.000000,0.00000000,0.00000000,  80.21875,0
1592859447.020006,812,1cfd083f,8,   6.265684,0.81040458,2.27126371,   0.00000,0
1592859447.020547,813,18feee3f,8,   0.000000,0.00000000,0.00000000,  80.28125,0
1592859478.481339,816,1cfd083f,8,   6.265684,0.81040458,2.27126371,   0.00000,0
1592859478.481909,817,18feee3f,8,   0.000000,0.00000000,0.00000000,  80.28125,0
1592859509.943007,820,1cfd083f,8,   6.265684,0.81040458,2.27126371,   0.00000,0
1592859509.943571,821,18feee3f,8,   0.000000,0.00000000,0.00000000,  80.28125,0
1592859541.403987,824,1cfd083f,8,   6.281309,0.81031302,2.27040921,   0.00000,0
1592859541.404562,825,18feee3f,8,   0.000000,0.00000000,0.00000000,  80.37500,0
1592859572.865312,828,1cfd083f,8,   6.281309,0.81031302,2.27040921,   0.00000,0
1592859572.865875,829,18feee3f,8,   0.000000,0.00000000,0.00000000,  80.34375,0
1592859604.326659,832,1cfd083f,8,   6.281309,0.81031302,2.27040921,   0.00000,0
1592859604.327196,833,18feee3f,8,   0.000000,0.00000000,0.00000000,  80.34375,0
1592859635.787971,836,1cfd083f,8,   6.281309,0.81031302,2.27040921,   0.00000,0
1592859635.788523,837,18feee3f,8,   0.000000,0.00000000,0.00000000,  80.34375,0
1592859667.249298,840,1cfd083f,8,   6.265684,0.81064876,2.26931056,   0.00000,0
1592859667.249869,841,18feee3f,8,   0.000000,0.00000000,0.00000000,  80.34375,0
1592859698.710628,844,1cfd083f,8,   6.265684,0.81064876,2.26931056,   0.00000,0
1592859698.711202,845,18feee3f,8,   0.000000,0.00000000,0.00000000,  80.34375,0
1592859730.171972,848,1cfd083f,8,   6.265684,0.81064876,2.26931056,   0.00000,0
1592859730.172511,849,18feee3f,8,   0.000000,0.00000000,0.00000000,  80.34375,0
1592859761.633285,852,1cfd083f,8,   6.265684,0.81064876,2.26931056,   0.00000,0
1592859761.633859,853,18feee3f,8,   0.000000,0.00000000,0.00000000,  80.34375,0
1592859793.094638,856,1cfd083f,8,   6.296934,0.81046563,2.26931056,   0.00000,0
1592859793.095206,857,18feee3f,8,   0.000000,0.00000000,0.00000000,  80.34375,0
1592859824.555981,860,1cfd083f,8,   6.296934,0.81046563,2.26931056,   0.00000,0
1592859824.556519,861,18feee3f,8,   0.000000,0.00000000,0.00000000,  80.34375,0
1592859856.017284,864,1cfd083f,8,   6.296934,0.81046563,2.26931056,   0.00000,0
1592859856.017846,865,18feee3f,8,   0.000000,0.00000000,0.00000000,  80.34375,0
1592859887.479782,868,1cfd083f,8,   6.265684,0.81012988,2.26992092,   0.00000,0
1592859887.480362,869,18feee3f,8,   0.000000,0.00000000,0.00000000,  80.31250,0
1592859918.941923,872,1cfd083f,8,   6.265684,0.81012988,2.26992092,   0.00000,0
1592859918.942485,873,18feee3f,8,   0.000000,0.00000000,0.00000000,  80.31250,0
1592859950.401311,876,1cfd083f,8,   6.265684,0.81012988,2.26992092,   0.00000,0
1592859950.401858,877,18feee3f,8,   0.000000,0.00000000,0.00000000,  80.31250,0
1592859981.862612,880,1cfd083f,8,   6.265684,0.81012988,2.26992092,   0.00000,0
1592859981.863176,881,18feee3f,8,   0.000000,0.00000000,0.00000000,  80.31250,0
1592860013.323903,884,1cfd083f,8,   6.265684,0.81028249,2.27077542,   0.00000,0
1592860013.324441,885,18feee3f,8,   0.000000,0.00000000,0.00000000,  80.28125,0
1592860044.785072,888,1cfd083f,8,   6.265684,0.81028249,2.27077542,   0.00000,0
1592860044.785645,889,18feee3f,8,   0.000000,0.00000000,0.00000000,  80.28125,0
1592860076.246319,892,1cfd083f,8,   6.265684,0.81028249,2.27077542,   0.00000,0
1592860076.246885,893,18feee3f,8,   0.000000,0.00000000,0.00000000,  80.28125,0
1592860107.708715,896,1cfd083f,8,   6.265684,0.81028249,2.27077542,   0.00000,0
1592860107.709264,897,18feee3f,8,   0.000000,0.00000000,0.00000000,  80.28125,0
1592860139.168756,900,1cfd083f,8,   6.250059,0.81052667,2.27040921,   0.00000,0
1592860139.169360,901,18feee3f,8,   0.000000,0.00000000,0.00000000,  80.28125,0
1592860170.630005,904,1cfd083f,8,   6.250059,0.81052667,2.27040921,   0.00000,0
1592860170.630586,905,18feee3f,8,   0.000000,0.00000000,0.00000000,  80.28125,0
1592860202.092039,908,1cfd083f,8,   6.250059,0.81052667,2.27040921,   0.00000,0
1592860202.092609,909,18feee3f,8,   0.000000,0.00000000,0.00000000,  80.28125,0
1592860233.552512,912,1cfd083f,8,   6.250059,0.81052667,2.27040921,   0.00000,0
1592860233.553086,913,18feee3f,8,   0.000000,0.00000000,0.00000000,  80.28125,0
