timestamp,count,id,dlc,Viscosity (cp),Density (gm/cc),Dielectric constant (-),Temperature (C), Status
1591296964.155527,0,1cfd083f,8,   0.578130,0.82096539,2.17177538,   0.00000,0
1591296964.155929,1,18feee3f,8,   0.000000,0.00000000,0.00000000,  81.68750,0
1591296995.616631,4,1cfd083f,8,   0.578130,0.82096539,2.17177538,   0.00000,0
1591296995.617169,5,18feee3f,8,   0.000000,0.00000000,0.00000000,  81.68750,0
1591297027.077864,8,1cfd083f,8,   0.578130,0.82096539,2.17177538,   0.00000,0
1591297027.078424,9,18feee3f,8,   0.000000,0.00000000,0.00000000,  81.68750,0
1591297058.539127,12,1cfd083f,8,   0.578130,0.82096539,2.17177538,   0.00000,0
1591297058.539689,13,18feee3f,8,   0.000000,0.00000000,0.00000000,  81.68750,0
1591297090.002360,16,1cfd083f,8,   7.500070,0.81867620,2.16371865,   0.00000,0
1591297090.002908,17,18feee3f,8,   0.000000,0.00000000,0.00000000,  81.06250,0
1591297121.461666,20,1cfd083f,8,   7.500070,0.81867620,2.16371865,   0.00000,0
1591297121.462213,21,18feee3f,8,   0.000000,0.00000000,0.00000000,  81.06250,0
1591297152.922899,24,1cfd083f,8,   7.500070,0.81867620,2.16371865,   0.00000,0
1591297152.923471,25,18feee3f,8,   0.000000,0.00000000,0.00000000,  81.06250,0
1591297184.384162,28,1cfd083f,8,   7.390694,0.81797418,2.16030065,   0.00000,0
1591297184.384729,29,18feee3f,8,   0.000000,0.00000000,0.00000000,  79.62500,0
1591297215.845413,32,1cfd083f,8,   7.390694,0.81797418,2.16030065,   0.00000,0
1591297215.845984,33,18feee3f,8,   0.000000,0.00000000,0.00000000,  79.56250,0
1591297247.306651,36,1cfd083f,8,   7.390694,0.81797418,2.16030065,   0.00000,0
1591297247.307226,37,18feee3f,8,   0.000000,0.00000000,0.00000000,  79.56250,0
1591297278.767925,40,1cfd083f,8,   7.500070,0.81898142,2.16066686,   0.00000,0
1591297278.768474,41,18feee3f,8,   0.000000,0.00000000,0.00000000,  78.15625,0
1591297310.229169,44,1cfd083f,8,   7.500070,0.81898142,2.16066686,   0.00000,0
1591297310.229798,45,18feee3f,8,   0.000000,0.00000000,0.00000000,  78.06250,0
1591297341.690433,48,1cfd083f,8,   7.500070,0.81898142,2.16066686,   0.00000,0
1591297341.690978,49,18feee3f,8,   0.000000,0.00000000,0.00000000,  78.06250,0
1591297373.152458,52,1cfd083f,8,   7.500070,0.81898142,2.16066686,   0.00000,0
1591297373.153008,53,18feee3f,8,   0.000000,0.00000000,0.00000000,  78.06250,0
1591297404.612908,56,1cfd083f,8,   7.812573,0.82029389,2.16310830,   0.00000,0
1591297404.613473,57,18feee3f,8,   0.000000,0.00000000,0.00000000,  77.09375,0
1591297436.074172,60,1cfd083f,8,   7.812573,0.82029389,2.16310830,   0.00000,0
1591297436.074715,61,18feee3f,8,   0.000000,0.00000000,0.00000000,  77.09375,0
1591297467.535775,64,1cfd083f,8,   7.812573,0.82029389,2.16310830,   0.00000,0
1591297467.536345,65,18feee3f,8,   0.000000,0.00000000,0.00000000,  77.09375,0
1591297498.996734,68,1cfd083f,8,   0.687506,0.82117905,2.16493937,   0.00000,0
1591297498.997307,69,18feee3f,8,   0.000000,0.00000000,0.00000000,  77.15625,0
1591297530.458058,72,1cfd083f,8,   0.687506,0.82117905,2.16493937,   0.00000,0
1591297530.458627,73,18feee3f,8,   0.000000,0.00000000,0.00000000,  77.18750,0
1591297561.919357,76,1cfd083f,8,   0.687506,0.82117905,2.16493937,   0.00000,0
1591297561.919945,77,18feee3f,8,   0.000000,0.00000000,0.00000000,  77.18750,0
1591297593.380690,80,1cfd083f,8,   8.296953,0.82313249,2.16689251,   0.00000,0
1591297593.381255,81,18feee3f,8,   0.000000,0.00000000,0.00000000,  77.93750,0
1591297624.842006,84,1cfd083f,8,   8.296953,0.82313249,2.16689251,   0.00000,0
1591297624.842574,85,18feee3f,8,   0.000000,0.00000000,0.00000000,  78.00000,0
1591297656.303315,88,1cfd083f,8,   8.296953,0.82313249,2.16689251,   0.00000,0
1591297656.303903,89,18feee3f,8,   0.000000,0.00000000,0.00000000,  78.00000,0
1591297687.764639,92,1cfd083f,8,   8.296953,0.82313249,2.16689251,   0.00000,0
1591297687.765203,93,18feee3f,8,   0.000000,0.00000000,0.00000000,  78.00000,0
1591297719.225904,96,1cfd083f,8,   8.281328,0.82185054,2.16847944,   0.00000,0
1591297719.226505,97,18feee3f,8,   0.000000,0.00000000,0.00000000,-250.75000,0
1591297750.687212,100,1cfd083f,8,   8.281328,0.82185054,2.16847944,   0.00000,0
1591297750.687783,101,18feee3f,8,   0.000000,0.00000000,0.00000000,-250.75000,0
1591297782.148526,104,1cfd083f,8,   8.281328,0.82185054,2.16847944,   0.00000,0
1591297782.149099,105,18feee3f,8,   0.000000,0.00000000,0.00000000,-250.75000,0
1591297813.609829,108,1cfd083f,8,   0.593756,0.82102643,2.16603801,   0.00000,0
1591297813.610393,109,18feee3f,8,   0.000000,0.00000000,0.00000000,  80.21875,0
1591297845.071174,112,1cfd083f,8,   0.593756,0.82102643,2.16603801,   0.00000,0
1591297845.071702,113,18feee3f,8,   0.000000,0.00000000,0.00000000,  80.25000,0
1591297876.534387,116,1cfd083f,8,   0.593756,0.82102643,2.16603801,   0.00000,0
1591297876.535016,117,18feee3f,8,   0.000000,0.00000000,0.00000000,  80.25000,0
1591297907.993705,120,1cfd083f,8,   0.593756,0.82102643,2.16603801,   0.00000,0
1591297907.994295,121,18feee3f,8,   0.000000,0.00000000,0.00000000,  80.25000,0
1591297939.455015,124,1cfd083f,8,   7.906324,0.81995815,2.16347451,   0.00000,0
1591297939.455579,125,18feee3f,8,   0.000000,0.00000000,0.00000000,  80.53125,0
1591297970.917895,128,1cfd083f,8,   7.906324,0.81995815,2.16347451,   0.00000,0
1591297970.918433,129,18feee3f,8,   0.000000,0.00000000,0.00000000,  80.53125,0
1591298002.377607,132,1cfd083f,8,   7.906324,0.81995815,2.16347451,   0.00000,0
1591298002.378169,133,18feee3f,8,   0.000000,0.00000000,0.00000000,  80.53125,0
1591298033.839246,136,1cfd083f,8,   7.703197,0.81980553,2.16188758,   0.00000,0
1591298033.839829,137,18feee3f,8,   0.000000,0.00000000,0.00000000,  80.34375,0
1591298065.301344,140,1cfd083f,8,   7.703197,0.81980553,2.16188758,   0.00000,0
1591298065.301918,141,18feee3f,8,   0.000000,0.00000000,0.00000000,  80.31250,0
1591298096.761470,144,1cfd083f,8,   7.703197,0.81980553,2.16188758,   0.00000,0
1591298096.762020,145,18feee3f,8,   0.000000,0.00000000,0.00000000,  80.31250,0
1591298128.222734,148,1cfd083f,8,   7.640697,0.81885933,2.16042272,   0.00000,0
1591298128.223326,149,18feee3f,8,   0.000000,0.00000000,0.00000000,  79.93750,0
1591298159.684808,152,1cfd083f,8,   7.640697,0.81885933,2.16042272,   0.00000,0
1591298159.685357,153,18feee3f,8,   0.000000,0.00000000,0.00000000,  79.90625,0
1591298191.145307,156,1cfd083f,8,   7.640697,0.81885933,2.16042272,   0.00000,0
1591298191.145866,157,18feee3f,8,   0.000000,0.00000000,0.00000000,  79.90625,0
1591298222.606611,160,1cfd083f,8,   7.640697,0.81885933,2.16042272,   0.00000,0
1591298222.607143,161,18feee3f,8,   0.000000,0.00000000,0.00000000,  79.90625,0
1591298254.068242,164,1cfd083f,8,   7.687572,0.81931717,2.16078894,   0.00000,0
1591298254.068805,165,18feee3f,8,   0.000000,0.00000000,0.00000000,  79.53125,0
1591298285.529149,168,1cfd083f,8,   7.687572,0.81931717,2.16078894,   0.00000,0
1591298285.529729,169,18feee3f,8,   0.000000,0.00000000,0.00000000,  79.53125,0
1591298316.990442,172,1cfd083f,8,   7.687572,0.81931717,2.16078894,   0.00000,0
1591298316.990995,173,18feee3f,8,   0.000000,0.00000000,0.00000000,  79.53125,0
1591298348.451722,176,1cfd083f,8,   7.750073,0.05158313,2.16213172,   0.00000,0
1591298348.452291,177,18feee3f,8,   0.000000,0.00000000,0.00000000,-250.56250,0
1591298379.912981,180,1cfd083f,8,   7.750073,0.05158313,2.16213172,   0.00000,0
1591298379.913553,181,18feee3f,8,   0.000000,0.00000000,0.00000000,-250.56250,0
1591298411.374249,184,1cfd083f,8,   7.750073,0.05158313,2.16213172,   0.00000,0
1591298411.374839,185,18feee3f,8,   0.000000,0.00000000,0.00000000,-250.56250,0
1591298442.835558,188,1cfd083f,8,   7.750073,0.05158313,2.16213172,   0.00000,0
1591298442.836108,189,18feee3f,8,   0.000000,0.00000000,0.00000000,-250.56250,0
1591298474.296799,192,1cfd083f,8,   7.796948,0.82029389,2.16310830,   0.00000,0
1591298474.297408,193,18feee3f,8,   0.000000,0.00000000,0.00000000,  79.62500,0
1591298505.758101,196,1cfd083f,8,   7.796948,0.82029389,2.16310830,   0.00000,0
1591298505.758665,197,18feee3f,8,   0.000000,0.00000000,0.00000000,  79.62500,0
1591298537.219356,200,1cfd083f,8,   7.796948,0.82029389,2.16310830,   0.00000,0
1591298537.219944,201,18feee3f,8,   0.000000,0.00000000,0.00000000,  79.62500,0
1591298568.680646,204,1cfd083f,8,   7.859449,0.81986658,2.16274208,   0.00000,0
1591298568.681212,205,18feee3f,8,   0.000000,0.00000000,0.00000000,  79.90625,0
1591298600.141895,208,1cfd083f,8,   7.859449,0.81986658,2.16274208,   0.00000,0
1591298600.142461,209,18feee3f,8,   0.000000,0.00000000,0.00000000,  79.90625,0
1591298631.603184,212,1cfd083f,8,   7.859449,0.81986658,2.16274208,   0.00000,0
1591298631.603746,213,18feee3f,8,   0.000000,0.00000000,0.00000000,  79.90625,0
1591298663.064415,216,1cfd083f,8,   7.781323,0.82105696,2.16176551,   0.00000,0
1591298663.065003,217,18feee3f,8,   0.000000,0.00000000,0.00000000,  79.90625,0
1591298694.525688,220,1cfd083f,8,   7.781323,0.82105696,2.16176551,   0.00000,0
1591298694.526256,221,18feee3f,8,   0.000000,0.00000000,0.00000000,  79.90625,0
1591298725.986973,224,1cfd083f,8,   7.781323,0.82105696,2.16176551,   0.00000,0
1591298725.987573,225,18feee3f,8,   0.000000,0.00000000,0.00000000,  79.90625,0
1591298757.449793,228,1cfd083f,8,   7.781323,0.82105696,2.16176551,   0.00000,0
1591298757.450361,229,18feee3f,8,   0.000000,0.00000000,0.00000000,  79.90625,0
1591298788.909534,232,1cfd083f,8,   7.765698,0.81892038,2.16262001,   0.00000,0
1591298788.910117,233,18feee3f,8,   0.000000,0.00000000,0.00000000,  80.43750,0
1591298820.370813,236,1cfd083f,8,   7.765698,0.81892038,2.16262001,   0.00000,0
1591298820.371375,237,18feee3f,8,   0.000000,0.00000000,0.00000000,  80.43750,0
1591298851.833244,240,1cfd083f,8,   7.765698,0.81892038,2.16262001,   0.00000,0
1591298851.833789,241,18feee3f,8,   0.000000,0.00000000,0.00000000,  80.43750,0
1591298883.293328,244,1cfd083f,8,   7.718822,0.81907299,2.16139929,   0.00000,0
1591298883.293916,245,18feee3f,8,   0.000000,0.00000000,0.00000000,  80.43750,0
1591298914.754629,248,1cfd083f,8,   7.718822,0.81907299,2.16139929,   0.00000,0
1591298914.755180,249,18feee3f,8,   0.000000,0.00000000,0.00000000,  80.43750,0
1591298946.216662,252,1cfd083f,8,   7.718822,0.81907299,2.16139929,   0.00000,0
1591298946.217220,253,18feee3f,8,   0.000000,0.00000000,0.00000000,  80.43750,0
1591298977.677162,256,1cfd083f,8,   7.687572,0.81901195,2.16017858,   0.00000,0
1591298977.677708,257,18feee3f,8,   0.000000,0.00000000,0.00000000,  80.37500,0
1591299009.138420,260,1cfd083f,8,   7.687572,0.81901195,2.16017858,   0.00000,0
1591299009.138972,261,18feee3f,8,   0.000000,0.00000000,0.00000000,  80.34375,0
1591299040.600039,264,1cfd083f,8,   7.687572,0.81901195,2.16017858,   0.00000,0
1591299040.600630,265,18feee3f,8,   0.000000,0.00000000,0.00000000,  80.34375,0
1591299072.060947,268,1cfd083f,8,   7.687572,0.81901195,2.16017858,   0.00000,0
1591299072.061537,269,18feee3f,8,   0.000000,0.00000000,0.00000000,  80.34375,0
1591299103.522217,272,1cfd083f,8,   7.687572,0.81901195,2.16017858,   0.00000,0
1591299103.522799,273,18feee3f,8,   0.000000,0.00000000,0.00000000,  80.34375,0
1591299134.983512,276,1cfd083f,8,   7.671947,0.81864567,2.16127722,   0.00000,0
1591299134.984075,277,18feee3f,8,   0.000000,0.00000000,0.00000000,  80.15625,0
1591299166.444766,280,1cfd083f,8,   7.671947,0.81864567,2.16127722,   0.00000,0
1591299166.445330,281,18feee3f,8,   0.000000,0.00000000,0.00000000,  80.15625,0
1591299197.906041,284,1cfd083f,8,   7.671947,0.81864567,2.16127722,   0.00000,0
1591299197.906612,285,18feee3f,8,   0.000000,0.00000000,0.00000000,  80.15625,0
1591299229.367314,288,1cfd083f,8,   7.687572,0.81922560,2.16066686,   0.00000,0
1591299229.367879,289,18feee3f,8,   0.000000,0.00000000,0.00000000,  80.09375,0
1591299260.828560,292,1cfd083f,8,   7.687572,0.81922560,2.16066686,   0.00000,0
1591299260.829127,293,18feee3f,8,   0.000000,0.00000000,0.00000000,  80.12500,0
1591299292.289848,296,1cfd083f,8,   7.687572,0.81922560,2.16066686,   0.00000,0
1591299292.290420,297,18feee3f,8,   0.000000,0.00000000,0.00000000,  80.12500,0
1591299323.753107,300,1cfd083f,8,   7.687572,0.81965292,2.16103308,   0.00000,0
1591299323.753685,301,18feee3f,8,   0.000000,0.00000000,0.00000000,  80.15625,0
1591299355.212390,304,1cfd083f,8,   7.687572,0.81965292,2.16103308,   0.00000,0
1591299355.212928,305,18feee3f,8,   0.000000,0.00000000,0.00000000,  80.15625,0
1591299386.673641,308,1cfd083f,8,   7.687572,0.81965292,2.16103308,   0.00000,0
1591299386.674190,309,18feee3f,8,   0.000000,0.00000000,0.00000000,  80.15625,0
1591299418.134905,312,1cfd083f,8,   7.687572,0.81965292,2.16103308,   0.00000,0
1591299418.135473,313,18feee3f,8,   0.000000,0.00000000,0.00000000,  80.15625,0
1591299449.598152,316,1cfd083f,8,   7.781323,0.81885933,2.16042272,   0.00000,0
1591299449.598704,317,18feee3f,8,   0.000000,0.00000000,0.00000000,  80.28125,0
1591299481.057464,320,1cfd083f,8,   7.781323,0.81885933,2.16042272,   0.00000,0
1591299481.058090,321,18feee3f,8,   0.000000,0.00000000,0.00000000,  80.28125,0
1591299512.518732,324,1cfd083f,8,   7.781323,0.81885933,2.16042272,   0.00000,0
1591299512.519313,325,18feee3f,8,   0.000000,0.00000000,0.00000000,  80.28125,0
1591299543.980107,328,1cfd083f,8,   7.703197,0.81986658,2.16115515,   0.00000,0
1591299543.980700,329,18feee3f,8,   0.000000,0.00000000,0.00000000,  80.46875,0
1591299575.441508,332,1cfd083f,8,   7.703197,0.81986658,2.16115515,   0.00000,0
1591299575.442082,333,18feee3f,8,   0.000000,0.00000000,0.00000000,  80.46875,0
1591299606.902876,336,1cfd083f,8,   7.703197,0.81986658,2.16115515,   0.00000,0
1591299606.903415,337,18feee3f,8,   0.000000,0.00000000,0.00000000,  80.46875,0
1591299638.365389,340,1cfd083f,8,   7.703197,0.81986658,2.16115515,   0.00000,0
1591299638.365960,341,18feee3f,8,   0.000000,0.00000000,0.00000000,  80.46875,0
1591299669.825579,344,1cfd083f,8,   7.953200,0.81919508,2.16091101,   0.00000,0
1591299669.826146,345,18feee3f,8,   0.000000,0.00000000,0.00000000,  80.59375,0
1591299701.286944,348,1cfd083f,8,   7.953200,0.81919508,2.16091101,   0.00000,0
1591299701.287508,349,18feee3f,8,   0.000000,0.00000000,0.00000000,  80.59375,0
1591299732.749047,352,1cfd083f,8,   7.953200,0.81919508,2.16091101,   0.00000,0
1591299732.749767,353,18feee3f,8,   0.000000,0.00000000,0.00000000,  80.59375,0
1591299764.209632,356,1cfd083f,8,   7.609446,0.81965292,2.16066686,   0.00000,0
1591299764.210195,357,18feee3f,8,   0.000000,0.00000000,0.00000000,  80.62500,0
1591299795.670960,360,1cfd083f,8,   7.609446,0.81965292,2.16066686,   0.00000,0
1591299795.671559,361,18feee3f,8,   0.000000,0.00000000,0.00000000,  80.62500,0
1591299827.132682,364,1cfd083f,8,   7.609446,0.81965292,2.16066686,   0.00000,0
1591299827.133246,365,18feee3f,8,   0.000000,0.00000000,0.00000000,  80.62500,0
1591299858.593666,368,1cfd083f,8,   7.609446,0.81965292,2.16066686,   0.00000,0
1591299858.594229,369,18feee3f,8,   0.000000,0.00000000,0.00000000,  80.62500,0
1591299890.054985,372,1cfd083f,8,   7.593821,0.81980553,2.16005651,   0.00000,0
1591299890.055549,373,18feee3f,8,   0.000000,0.00000000,0.00000000,  80.65625,0
1591299921.516348,376,1cfd083f,8,   7.593821,0.81980553,2.16005651,   0.00000,0
1591299921.516876,377,18feee3f,8,   0.000000,0.00000000,0.00000000,  80.65625,0
1591299952.977658,380,1cfd083f,8,   7.593821,0.81980553,2.16005651,   0.00000,0
1591299952.978223,381,18feee3f,8,   0.000000,0.00000000,0.00000000,  80.65625,0
1591299984.438954,384,1cfd083f,8,   7.640697,0.81892038,2.15981236,   0.00000,0
1591299984.439553,385,18feee3f,8,   0.000000,0.00000000,0.00000000,  80.65625,0
1591300015.900298,388,1cfd083f,8,   7.640697,0.81892038,2.15981236,   0.00000,0
1591300015.900849,389,18feee3f,8,   0.000000,0.00000000,0.00000000,  80.65625,0
1591300047.361595,392,1cfd083f,8,   7.640697,0.81892038,2.15981236,   0.00000,0
1591300047.362158,393,18feee3f,8,   0.000000,0.00000000,0.00000000,  80.65625,0
1591300078.822965,396,1cfd083f,8,   7.625071,0.81882881,2.15871372,   0.00000,0
1591300078.823503,397,18feee3f,8,   0.000000,0.00000000,0.00000000,  80.65625,0
1591300110.284263,400,1cfd083f,8,   7.625071,0.81882881,2.15871372,   0.00000,0
1591300110.284825,401,18feee3f,8,   0.000000,0.00000000,0.00000000,  80.68750,0
1591300141.745541,404,1cfd083f,8,   7.625071,0.81882881,2.15871372,   0.00000,0
1591300141.746112,405,18feee3f,8,   0.000000,0.00000000,0.00000000,  80.68750,0
1591300173.206883,408,1cfd083f,8,   7.609446,0.81892038,2.16030065,   0.00000,0
1591300173.207449,409,18feee3f,8,   0.000000,0.00000000,0.00000000,  80.68750,0
1591300204.668195,412,1cfd083f,8,   7.609446,0.81892038,2.16030065,   0.00000,0
1591300204.668759,413,18feee3f,8,   0.000000,0.00000000,0.00000000,  80.71875,0
1591300236.131437,416,1cfd083f,8,   7.609446,0.81892038,2.16030065,   0.00000,0
1591300236.132039,417,18feee3f,8,   0.000000,0.00000000,0.00000000,  80.71875,0
1591300267.590782,420,1cfd083f,8,   7.609446,0.81892038,2.16030065,   0.00000,0
1591300267.591391,421,18feee3f,8,   0.000000,0.00000000,0.00000000,  80.71875,0
1591300299.052842,424,1cfd083f,8,   7.609446,0.81937822,2.15907993,   0.00000,0
1591300299.053417,425,18feee3f,8,   0.000000,0.00000000,0.00000000,  80.71875,0
1591300330.514969,428,1cfd083f,8,   7.609446,0.81937822,2.15907993,   0.00000,0
1591300330.515530,429,18feee3f,8,   0.000000,0.00000000,0.00000000,  80.71875,0
1591300361.974715,432,1cfd083f,8,   7.609446,0.81937822,2.15907993,   0.00000,0
1591300361.975285,433,18feee3f,8,   0.000000,0.00000000,0.00000000,  80.71875,0
1591300393.436349,436,1cfd083f,8,   7.656322,0.81873724,2.15859165,   0.00000,0
1591300393.436975,437,18feee3f,8,   0.000000,0.00000000,0.00000000,  80.71875,0
1591300424.898458,440,1cfd083f,8,   7.656322,0.81873724,2.15859165,   0.00000,0
1591300424.899049,441,18feee3f,8,   0.000000,0.00000000,0.00000000,  80.75000,0
1591300456.358600,444,1cfd083f,8,   7.656322,0.81873724,2.15859165,   0.00000,0
1591300456.359151,445,18feee3f,8,   0.000000,0.00000000,0.00000000,  80.75000,0
1591300487.819891,448,1cfd083f,8,   7.656322,0.81873724,2.15859165,   0.00000,0
1591300487.820460,449,18feee3f,8,   0.000000,0.00000000,0.00000000,  80.75000,0
1591300519.281959,452,1cfd083f,8,   7.609446,0.81916456,2.15920200,   0.00000,0
1591300519.282548,453,18feee3f,8,   0.000000,0.00000000,0.00000000,  80.71875,0
1591300550.742481,456,1cfd083f,8,   7.609446,0.81916456,2.15920200,   0.00000,0
1591300550.743051,457,18feee3f,8,   0.000000,0.00000000,0.00000000,  80.71875,0
1591300582.203779,460,1cfd083f,8,   7.609446,0.81916456,2.15920200,   0.00000,0
1591300582.204375,461,18feee3f,8,   0.000000,0.00000000,0.00000000,  80.71875,0
1591300613.665079,464,1cfd083f,8,   7.593821,0.81913404,2.16066686,   0.00000,0
1591300613.665631,465,18feee3f,8,   0.000000,0.00000000,0.00000000,  80.68750,0
1591300645.126385,468,1cfd083f,8,   7.593821,0.81913404,2.16066686,   0.00000,0
1591300645.126938,469,18feee3f,8,   0.000000,0.00000000,0.00000000,  80.68750,0
1591300676.587643,472,1cfd083f,8,   7.593821,0.81913404,2.16066686,   0.00000,0
1591300676.588233,473,18feee3f,8,   0.000000,0.00000000,0.00000000,  80.68750,0
1591300708.048958,476,1cfd083f,8,   7.609446,0.81830993,2.16030065,   0.00000,0
1591300708.049541,477,18feee3f,8,   0.000000,0.00000000,0.00000000,  80.62500,0
1591300739.510257,480,1cfd083f,8,   7.609446,0.81830993,2.16030065,   0.00000,0
1591300739.510812,481,18feee3f,8,   0.000000,0.00000000,0.00000000,  80.65625,0
1591300770.971551,484,1cfd083f,8,   7.609446,0.81830993,2.16030065,   0.00000,0
1591300770.972106,485,18feee3f,8,   0.000000,0.00000000,0.00000000,  80.65625,0
1591300802.432854,488,1cfd083f,8,   7.609446,0.81830993,2.16030065,   0.00000,0
1591300802.433402,489,18feee3f,8,   0.000000,0.00000000,0.00000000,  80.65625,0
1591300833.894134,492,1cfd083f,8,   7.593821,0.81870672,2.16005651,   0.00000,0
1591300833.894686,493,18feee3f,8,   0.000000,0.00000000,0.00000000,  80.59375,0
1591300865.355448,496,1cfd083f,8,   7.593821,0.81870672,2.16005651,   0.00000,0
1591300865.355990,497,18feee3f,8,   0.000000,0.00000000,0.00000000,  80.59375,0
1591300896.816693,500,1cfd083f,8,   7.593821,0.81870672,2.16005651,   0.00000,0
1591300896.817256,501,18feee3f,8,   0.000000,0.00000000,0.00000000,  80.59375,0
1591300928.277999,504,1cfd083f,8,   7.593821,0.81870672,2.16005651,   0.00000,0
1591300928.278556,505,18feee3f,8,   0.000000,0.00000000,0.00000000,  80.59375,0
1591300959.739290,508,1cfd083f,8,   7.687572,0.81876777,2.15981236,   0.00000,0
1591300959.739831,509,18feee3f,8,   0.000000,0.00000000,0.00000000,  80.56250,0
1591300991.200554,512,1cfd083f,8,   7.687572,0.81876777,2.15981236,   0.00000,0
1591300991.201137,513,18feee3f,8,   0.000000,0.00000000,0.00000000,  80.56250,0
1591301022.663811,516,1cfd083f,8,   7.687572,0.81876777,2.15981236,   0.00000,0
1591301022.664380,517,18feee3f,8,   0.000000,0.00000000,0.00000000,  80.56250,0
1591301054.123151,520,1cfd083f,8,   7.625071,0.81919508,2.16091101,   0.00000,0
1591301054.123753,521,18feee3f,8,   0.000000,0.00000000,0.00000000,  80.53125,0
1591301085.584440,524,1cfd083f,8,   7.625071,0.81919508,2.16091101,   0.00000,0
1591301085.585004,525,18feee3f,8,   0.000000,0.00000000,0.00000000,  80.53125,0
1591301117.047266,528,1cfd083f,8,   7.625071,0.81919508,2.16091101,   0.00000,0
1591301117.047839,529,18feee3f,8,   0.000000,0.00000000,0.00000000,  80.53125,0
1591301148.507006,532,1cfd083f,8,   7.640697,0.81858463,2.16005651,   0.00000,0
1591301148.507573,533,18feee3f,8,   0.000000,0.00000000,0.00000000,  80.50000,0
1591301179.968270,536,1cfd083f,8,   7.640697,0.81858463,2.16005651,   0.00000,0
1591301179.968872,537,18feee3f,8,   0.000000,0.00000000,0.00000000,  80.50000,0
1591301211.430750,540,1cfd083f,8,   7.640697,0.81858463,2.16005651,   0.00000,0
1591301211.431314,541,18feee3f,8,   0.000000,0.00000000,0.00000000,  80.50000,0
1591301242.890868,544,1cfd083f,8,   7.640697,0.81858463,2.16005651,   0.00000,0
1591301242.891440,545,18feee3f,8,   0.000000,0.00000000,0.00000000,  80.50000,0
1591301274.352143,548,1cfd083f,8,   7.625071,0.81928665,2.15907993,   0.00000,0
1591301274.352718,549,18feee3f,8,   0.000000,0.00000000,0.00000000,  80.46875,0
1591301305.814180,552,1cfd083f,8,   7.625071,0.81928665,2.15907993,   0.00000,0
1591301305.814792,553,18feee3f,8,   0.000000,0.00000000,0.00000000,  80.46875,0
1591301337.274722,556,1cfd083f,8,   7.625071,0.81928665,2.15907993,   0.00000,0
1591301337.275296,557,18feee3f,8,   0.000000,0.00000000,0.00000000,  80.46875,0
1591301368.735980,560,1cfd083f,8,   7.609446,0.81980553,2.16054479,   0.00000,0
1591301368.736583,561,18feee3f,8,   0.000000,0.00000000,0.00000000,  80.50000,0
1591301400.197641,564,1cfd083f,8,   7.609446,0.81980553,2.16054479,   0.00000,0
1591301400.198212,565,18feee3f,8,   0.000000,0.00000000,0.00000000,  80.50000,0
1591301431.658554,568,1cfd083f,8,   7.609446,0.81980553,2.16054479,   0.00000,0
1591301431.659120,569,18feee3f,8,   0.000000,0.00000000,0.00000000,  80.50000,0
1591301463.119836,572,1cfd083f,8,   7.671947,0.81824888,2.15969029,   0.00000,0
1591301463.120404,573,18feee3f,8,   0.000000,0.00000000,0.00000000,  80.50000,0
1591301494.581127,576,1cfd083f,8,   7.671947,0.81824888,2.15969029,   0.00000,0
1591301494.581712,577,18feee3f,8,   0.000000,0.00000000,0.00000000,  80.50000,0
1591301526.042427,580,1cfd083f,8,   7.671947,0.81824888,2.15969029,   0.00000,0
1591301526.042994,581,18feee3f,8,   0.000000,0.00000000,0.00000000,  80.50000,0
1591301557.503690,584,1cfd083f,8,   7.671947,0.81824888,2.15969029,   0.00000,0
1591301557.504290,585,18feee3f,8,   0.000000,0.00000000,0.00000000,  80.50000,0
1591301588.965091,588,1cfd083f,8,   7.609446,0.81940874,2.16005651,   0.00000,0
1591301588.965630,589,18feee3f,8,   0.000000,0.00000000,0.00000000,  80.50000,0
1591301620.426432,592,1cfd083f,8,   7.609446,0.81940874,2.16005651,   0.00000,0
1591301620.427007,593,18feee3f,8,   0.000000,0.00000000,0.00000000,  80.50000,0
1591301651.887774,596,1cfd083f,8,   7.609446,0.81940874,2.16005651,   0.00000,0
1591301651.888375,597,18feee3f,8,   0.000000,0.00000000,0.00000000,  80.50000,0
1591301683.350700,600,1cfd083f,8,   7.656322,0.81846254,2.16030065,   0.00000,0
1591301683.351264,601,18feee3f,8,   0.000000,0.00000000,0.00000000,  80.46875,0
1591301714.810476,604,1cfd083f,8,   7.656322,0.81846254,2.16030065,   0.00000,0
1591301714.811050,605,18feee3f,8,   0.000000,0.00000000,0.00000000,  80.46875,0
1591301746.271854,608,1cfd083f,8,   7.656322,0.81846254,2.16030065,   0.00000,0
1591301746.272393,609,18feee3f,8,   0.000000,0.00000000,0.00000000,  80.46875,0
1591301777.734346,612,1cfd083f,8,   7.656322,0.81864567,2.15981236,   0.00000,0
1591301777.734910,613,18feee3f,8,   0.000000,0.00000000,0.00000000,  80.46875,0
1591301809.196502,616,1cfd083f,8,   7.656322,0.81864567,2.15981236,   0.00000,0
1591301809.197072,617,18feee3f,8,   0.000000,0.00000000,0.00000000,  80.46875,0
1591301840.655872,620,1cfd083f,8,   7.656322,0.81864567,2.15981236,   0.00000,0
1591301840.656425,621,18feee3f,8,   0.000000,0.00000000,0.00000000,  80.46875,0
1591301872.117966,624,1cfd083f,8,   7.625071,0.81946978,2.16030065,   0.00000,0
1591301872.118549,625,18feee3f,8,   0.000000,0.00000000,0.00000000,  80.50000,0
1591301903.580118,628,1cfd083f,8,   7.625071,0.81946978,2.16030065,   0.00000,0
1591301903.580669,629,18feee3f,8,   0.000000,0.00000000,0.00000000,  80.50000,0
1591301935.039885,632,1cfd083f,8,   7.625071,0.81946978,2.16030065,   0.00000,0
1591301935.040439,633,18feee3f,8,   0.000000,0.00000000,0.00000000,  80.50000,0
1591301966.501201,636,1cfd083f,8,   7.625071,0.81946978,2.16030065,   0.00000,0
1591301966.501756,637,18feee3f,8,   0.000000,0.00000000,0.00000000,  80.50000,0
1591301997.962495,640,1cfd083f,8,   7.656322,0.81867620,2.16054479,   0.00000,0
1591301997.963076,641,18feee3f,8,   0.000000,0.00000000,0.00000000,  80.50000,0
1591302029.423820,644,1cfd083f,8,   7.656322,0.81867620,2.16054479,   0.00000,0
1591302029.424405,645,18feee3f,8,   0.000000,0.00000000,0.00000000,  80.50000,0
1591302060.885154,648,1cfd083f,8,   7.656322,0.81867620,2.16054479,   0.00000,0
1591302060.885742,649,18feee3f,8,   0.000000,0.00000000,0.00000000,  80.50000,0
1591302092.347259,652,1cfd083f,8,   7.656322,0.81867620,2.16054479,   0.00000,0
1591302092.347813,653,18feee3f,8,   0.000000,0.00000000,0.00000000,  80.50000,0
1591302123.807813,656,1cfd083f,8,   7.625071,0.81901195,2.15944615,   0.00000,0
1591302123.808378,657,18feee3f,8,   0.000000,0.00000000,0.00000000,  80.50000,0
1591302155.269108,660,1cfd083f,8,   7.625071,0.81901195,2.15944615,   0.00000,0
1591302155.269728,661,18feee3f,8,   0.000000,0.00000000,0.00000000,  80.50000,0
1591302186.730796,664,1cfd083f,8,   7.625071,0.81901195,2.15944615,   0.00000,0
1591302186.731393,665,18feee3f,8,   0.000000,0.00000000,0.00000000,  80.50000,0
1591302218.191767,668,1cfd083f,8,   7.656322,0.82001919,2.15956822,   0.00000,0
1591302218.192317,669,18feee3f,8,   0.000000,0.00000000,0.00000000,  80.53125,0
1591302249.653071,672,1cfd083f,8,   7.656322,0.82001919,2.15956822,   0.00000,0
1591302249.653624,673,18feee3f,8,   0.000000,0.00000000,0.00000000,  80.53125,0
1591302281.114385,676,1cfd083f,8,   7.656322,0.82001919,2.15956822,   0.00000,0
1591302281.114940,677,18feee3f,8,   0.000000,0.00000000,0.00000000,  80.53125,0
1591302312.575684,680,1cfd083f,8,   7.687572,0.81870672,2.15895786,   0.00000,0
1591302312.576270,681,18feee3f,8,   0.000000,0.00000000,0.00000000,  80.53125,0
1591302344.037011,684,1cfd083f,8,   7.687572,0.81870672,2.15895786,   0.00000,0
1591302344.037553,685,18feee3f,8,   0.000000,0.00000000,0.00000000,  80.53125,0
1591302375.498379,688,1cfd083f,8,   7.687572,0.81870672,2.15895786,   0.00000,0
1591302375.498889,689,18feee3f,8,   0.000000,0.00000000,0.00000000,  80.53125,0
1591302406.959607,692,1cfd083f,8,   7.687572,0.81870672,2.15895786,   0.00000,0
1591302406.960208,693,18feee3f,8,   0.000000,0.00000000,0.00000000,  80.53125,0
1591302438.420947,696,1cfd083f,8,   7.625071,0.81937822,2.16030065,   0.00000,0
1591302438.421516,697,18feee3f,8,   0.000000,0.00000000,0.00000000,  80.50000,0
1591302469.882256,700,1cfd083f,8,   7.625071,0.81937822,2.16030065,   0.00000,0
1591302469.882825,701,18feee3f,8,   0.000000,0.00000000,0.00000000,  80.50000,0
1591302501.343565,704,1cfd083f,8,   7.625071,0.81937822,2.16030065,   0.00000,0
1591302501.344145,705,18feee3f,8,   0.000000,0.00000000,0.00000000,  80.50000,0
1591302532.804843,708,1cfd083f,8,   7.656322,0.81925613,2.15981236,   0.00000,0
1591302532.805444,709,18feee3f,8,   0.000000,0.00000000,0.00000000,  80.53125,0
1591302564.266169,712,1cfd083f,8,   7.656322,0.81925613,2.15981236,   0.00000,0
1591302564.266790,713,18feee3f,8,   0.000000,0.00000000,0.00000000,  80.56250,0
1591302595.729449,716,1cfd083f,8,   7.656322,0.81925613,2.15981236,   0.00000,0
1591302595.729999,717,18feee3f,8,   0.000000,0.00000000,0.00000000,  80.56250,0
1591302627.188759,720,1cfd083f,8,   7.656322,0.81925613,2.15981236,   0.00000,0
1591302627.189359,721,18feee3f,8,   0.000000,0.00000000,0.00000000,  80.56250,0
1591302658.650856,724,1cfd083f,8,   7.625071,0.81959187,2.15993443,   0.00000,0
1591302658.651421,725,18feee3f,8,   0.000000,0.00000000,0.00000000,  80.56250,0
1591302690.112958,728,1cfd083f,8,   7.625071,0.81959187,2.15993443,   0.00000,0
1591302690.113525,729,18feee3f,8,   0.000000,0.00000000,0.00000000,  80.56250,0
1591302721.572703,732,1cfd083f,8,   7.625071,0.81959187,2.15993443,   0.00000,0
1591302721.573267,733,18feee3f,8,   0.000000,0.00000000,0.00000000,  80.56250,0
1591302753.034009,736,1cfd083f,8,   7.625071,0.81959187,2.15993443,   0.00000,0
1591302753.034566,737,18feee3f,8,   0.000000,0.00000000,0.00000000,  80.56250,0
1591302784.496468,740,1cfd083f,8,   7.703197,0.81879829,2.15883579,   0.00000,0
1591302784.497031,741,18feee3f,8,   0.000000,0.00000000,0.00000000,  80.56250,0
1591302815.956601,744,1cfd083f,8,   7.703197,0.81879829,2.15883579,   0.00000,0
1591302815.957171,745,18feee3f,8,   0.000000,0.00000000,0.00000000,  80.56250,0
1591302847.417894,748,1cfd083f,8,   7.703197,0.81879829,2.15883579,   0.00000,0
1591302847.418460,749,18feee3f,8,   0.000000,0.00000000,0.00000000,  80.56250,0
1591302878.879973,752,1cfd083f,8,   7.640697,0.81898142,2.15859165,   0.00000,0
1591302878.880534,753,18feee3f,8,   0.000000,0.00000000,0.00000000,  80.59375,0
1591302910.340521,756,1cfd083f,8,   7.640697,0.81898142,2.15859165,   0.00000,0
1591302910.341061,757,18feee3f,8,   0.000000,0.00000000,0.00000000,  80.59375,0
1591302941.801790,760,1cfd083f,8,   7.640697,0.81898142,2.15859165,   0.00000,0
1591302941.802355,761,18feee3f,8,   0.000000,0.00000000,0.00000000,  80.59375,0
1591302973.263470,764,1cfd083f,8,   0.546880,0.81840149,2.15981236,   0.00000,0
1591302973.264035,765,18feee3f,8,   0.000000,0.00000000,0.00000000,  80.56250,0
1591303004.724392,768,1cfd083f,8,   0.546880,0.81840149,2.15981236,   0.00000,0
1591303004.724956,769,18feee3f,8,   0.000000,0.00000000,0.00000000,  80.56250,0
1591303036.185698,772,1cfd083f,8,   0.546880,0.81840149,2.15981236,   0.00000,0
1591303036.186280,773,18feee3f,8,   0.000000,0.00000000,0.00000000,  80.56250,0
1591303067.647003,776,1cfd083f,8,   7.671947,0.81843202,2.15981236,   0.00000,0
1591303067.647574,777,18feee3f,8,   0.000000,0.00000000,0.00000000,  80.53125,0
1591303099.108326,780,1cfd083f,8,   7.671947,0.81843202,2.15981236,   0.00000,0
1591303099.108867,781,18feee3f,8,   0.000000,0.00000000,0.00000000,  80.56250,0
1591303130.569579,784,1cfd083f,8,   7.671947,0.81843202,2.15981236,   0.00000,0
1591303130.570153,785,18feee3f,8,   0.000000,0.00000000,0.00000000,  80.56250,0
1591303162.030930,788,1cfd083f,8,   7.671947,0.81843202,2.15981236,   0.00000,0
1591303162.031442,789,18feee3f,8,   0.000000,0.00000000,0.00000000,  80.56250,0
1591303193.492177,792,1cfd083f,8,   7.625071,0.81916456,2.16017858,   0.00000,0
1591303193.492744,793,18feee3f,8,   0.000000,0.00000000,0.00000000,  80.68750,0
1591303224.953456,796,1cfd083f,8,   7.625071,0.81916456,2.16017858,   0.00000,0
1591303224.954042,797,18feee3f,8,   0.000000,0.00000000,0.00000000,  80.68750,0
1591303256.414787,800,1cfd083f,8,   7.625071,0.81916456,2.16017858,   0.00000,0
1591303256.415320,801,18feee3f,8,   0.000000,0.00000000,0.00000000,  80.68750,0
1591303287.876047,804,1cfd083f,8,   7.687572,0.81837097,2.15993443,   0.00000,0
1591303287.876647,805,18feee3f,8,   0.000000,0.00000000,0.00000000,  80.62500,0
1591303319.337329,808,1cfd083f,8,   7.687572,0.81837097,2.15993443,   0.00000,0
1591303319.337901,809,18feee3f,8,   0.000000,0.00000000,0.00000000,  80.62500,0
1591303350.798632,812,1cfd083f,8,   7.687572,0.81837097,2.15993443,   0.00000,0
1591303350.799200,813,18feee3f,8,   0.000000,0.00000000,0.00000000,  80.62500,0
1591303382.261900,816,1cfd083f,8,   7.687572,0.81837097,2.15993443,   0.00000,0
1591303382.262472,817,18feee3f,8,   0.000000,0.00000000,0.00000000,  80.62500,0
1591303413.721229,820,1cfd083f,8,   7.687572,0.81812679,2.15956822,   0.00000,0
1591303413.721806,821,18feee3f,8,   0.000000,0.00000000,0.00000000,  80.65625,0
1591303445.182511,824,1cfd083f,8,   7.687572,0.81812679,2.15956822,   0.00000,0
1591303445.183086,825,18feee3f,8,   0.000000,0.00000000,0.00000000,  80.65625,0
1591303476.645354,828,1cfd083f,8,   7.687572,0.81812679,2.15956822,   0.00000,0
1591303476.645936,829,18feee3f,8,   0.000000,0.00000000,0.00000000,  80.65625,0
1591303508.105100,832,1cfd083f,8,   7.609446,0.81934769,2.15981236,   0.00000,0
1591303508.105670,833,18feee3f,8,   0.000000,0.00000000,0.00000000,  80.68750,0
1591303539.566385,836,1cfd083f,8,   7.609446,0.81934769,2.15981236,   0.00000,0
1591303539.566944,837,18feee3f,8,   0.000000,0.00000000,0.00000000,  80.68750,0
1591303571.028843,840,1cfd083f,8,   7.609446,0.81934769,2.15981236,   0.00000,0
1591303571.029410,841,18feee3f,8,   0.000000,0.00000000,0.00000000,  80.68750,0
1591303602.488975,844,1cfd083f,8,   7.609446,0.81934769,2.15981236,   0.00000,0
1591303602.489543,845,18feee3f,8,   0.000000,0.00000000,0.00000000,  80.68750,0
1591303633.950222,848,1cfd083f,8,   7.625071,0.81870672,2.15895786,   0.00000,0
1591303633.950788,849,18feee3f,8,   0.000000,0.00000000,0.00000000,  80.65625,0
1591303665.412253,852,1cfd083f,8,   7.625071,0.81870672,2.15895786,   0.00000,0
1591303665.412786,853,18feee3f,8,   0.000000,0.00000000,0.00000000,  80.65625,0
1591303696.872720,856,1cfd083f,8,   7.625071,0.81870672,2.15895786,   0.00000,0
1591303696.873283,857,18feee3f,8,   0.000000,0.00000000,0.00000000,  80.65625,0
1591303728.333986,860,1cfd083f,8,   7.609446,0.81901195,2.15956822,   0.00000,0
1591303728.334553,861,18feee3f,8,   0.000000,0.00000000,0.00000000,  80.65625,0
1591303759.795616,864,1cfd083f,8,   7.609446,0.81901195,2.15956822,   0.00000,0
1591303759.796177,865,18feee3f,8,   0.000000,0.00000000,0.00000000,  80.65625,0
1591303791.256496,868,1cfd083f,8,   7.609446,0.81901195,2.15956822,   0.00000,0
1591303791.257061,869,18feee3f,8,   0.000000,0.00000000,0.00000000,  80.65625,0
1591303822.717782,872,1cfd083f,8,   7.609446,0.81901195,2.15956822,   0.00000,0
1591303822.718340,873,18feee3f,8,   0.000000,0.00000000,0.00000000,  80.65625,0
1591303854.179048,876,1cfd083f,8,   7.656322,0.81849306,2.15895786,   0.00000,0
1591303854.179634,877,18feee3f,8,   0.000000,0.00000000,0.00000000,  80.68750,0
1591303885.640311,880,1cfd083f,8,   7.656322,0.81849306,2.15895786,   0.00000,0
1591303885.640873,881,18feee3f,8,   0.000000,0.00000000,0.00000000,  80.68750,0
1591303917.101567,884,1cfd083f,8,   7.656322,0.81849306,2.15895786,   0.00000,0
1591303917.102137,885,18feee3f,8,   0.000000,0.00000000,0.00000000,  80.68750,0
1591303948.564772,888,1cfd083f,8,   7.609446,0.81861515,2.16103308,   0.00000,0
1591303948.565350,889,18feee3f,8,   0.000000,0.00000000,0.00000000,  80.68750,0
1591303980.024086,892,1cfd083f,8,   7.609446,0.81861515,2.16103308,   0.00000,0
1591303980.024659,893,18feee3f,8,   0.000000,0.00000000,0.00000000,  80.68750,0
1591304011.485341,896,1cfd083f,8,   7.609446,0.81861515,2.16103308,   0.00000,0
1591304011.485960,897,18feee3f,8,   0.000000,0.00000000,0.00000000,  80.68750,0
1591304042.946635,900,1cfd083f,8,   7.609446,0.81861515,2.16103308,   0.00000,0
1591304042.947207,901,18feee3f,8,   0.000000,0.00000000,0.00000000,  80.68750,0
1591304074.407885,904,1cfd083f,8,   7.625071,0.81885933,2.15981236,   0.00000,0
1591304074.408461,905,18feee3f,8,   0.000000,0.00000000,0.00000000,  80.68750,0
1591304105.869163,908,1cfd083f,8,   7.625071,0.81885933,2.15981236,   0.00000,0
1591304105.869752,909,18feee3f,8,   0.000000,0.00000000,0.00000000,  80.68750,0
1591304137.330440,912,1cfd083f,8,   7.625071,0.81885933,2.15981236,   0.00000,0
1591304137.331003,913,18feee3f,8,   0.000000,0.00000000,0.00000000,  80.68750,0
