timestamp,count,id,dlc,Viscosity (cp),Density (gm/cc),Dielectric constant (-),Temperature (C), Status
1593464651.908747,0,1cfd083f,8,  26.047119,0.83680660,2.35585931,   0.00000,0
1593464651.910367,1,18feee3f,8,   0.000000,0.00000000,0.00000000,  95.87500,0
1593464683.371018,4,1cfd083f,8,  17.531414,0.82700886,2.32680628,   0.00000,0
1593464683.371561,5,18feee3f,8,   0.000000,0.00000000,0.00000000, 102.90625,0
1593464714.833058,8,1cfd083f,8,  17.531414,0.82700886,2.32680628,   0.00000,0
1593464714.833627,9,18feee3f,8,   0.000000,0.00000000,0.00000000,-249.25000,0
1593464746.292340,12,1cfd083f,8,  17.531414,0.82700886,2.32680628,   0.00000,0
1593464746.292909,13,18feee3f,8,   0.000000,0.00000000,0.00000000,-249.25000,0
1593464777.753578,16,1cfd083f,8,  17.531414,0.82700886,2.32680628,   0.00000,0
1593464777.754151,17,18feee3f,8,   0.000000,0.00000000,0.00000000,-249.25000,0
1593464809.214751,20,1cfd083f,8,  11.718860,0.81449461,2.33486300,   0.00000,0
1593464809.215351,21,18feee3f,8,   0.000000,0.00000000,0.00000000, 106.53125,0
1593464840.675951,24,1cfd083f,8,  11.718860,0.81449461,2.33486300,   0.00000,0
1593464840.676527,25,18feee3f,8,   0.000000,0.00000000,0.00000000, 106.56250,0
1593464872.137137,28,1cfd083f,8,  11.718860,0.81449461,2.33486300,   0.00000,0
1593464872.137703,29,18feee3f,8,   0.000000,0.00000000,0.00000000, 106.56250,0
1593464903.599444,32,1cfd083f,8,  11.718860,0.81449461,2.33486300,   0.00000,0
1593464903.600049,33,18feee3f,8,   0.000000,0.00000000,0.00000000, 106.56250,0
1593464935.059462,36,1cfd083f,8,  10.234471,0.81019092,2.30715275,   0.00000,0
1593464935.060036,37,18feee3f,8,   0.000000,0.00000000,0.00000000, 106.06250,0
1593464966.520597,40,1cfd083f,8,  10.234471,0.81019092,2.30715275,   0.00000,0
1593464966.521169,41,18feee3f,8,   0.000000,0.00000000,0.00000000, 106.06250,0
1593464997.982476,44,1cfd083f,8,  10.234471,0.81019092,2.30715275,   0.00000,0
1593464997.983039,45,18feee3f,8,   0.000000,0.00000000,0.00000000, 106.06250,0
1593465029.442835,48,1cfd083f,8,  10.421973,0.80103416,2.29299245,   0.00000,0
1593465029.443392,49,18feee3f,8,   0.000000,0.00000000,0.00000000, 104.34375,0
1593465060.903971,52,1cfd083f,8,  10.421973,0.80103416,2.29299245,   0.00000,0
1593465060.904541,53,18feee3f,8,   0.000000,0.00000000,0.00000000, 104.34375,0
1593465092.365424,56,1cfd083f,8,  10.421973,0.80103416,2.29299245,   0.00000,0
1593465092.366003,57,18feee3f,8,   0.000000,0.00000000,0.00000000, 104.34375,0
1593465123.826184,60,1cfd083f,8,   9.890718,0.80866480,2.29116138,   0.00000,0
1593465123.826773,61,18feee3f,8,   0.000000,0.00000000,0.00000000, 101.50000,0
1593465155.287305,64,1cfd083f,8,   9.890718,0.80866480,2.29116138,   0.00000,0
1593465155.287907,65,18feee3f,8,   0.000000,0.00000000,0.00000000, 101.25000,0
1593465186.748455,68,1cfd083f,8,   9.890718,0.80866480,2.29116138,   0.00000,0
1593465186.749016,69,18feee3f,8,   0.000000,0.00000000,0.00000000, 101.25000,0
1593465218.209444,72,1cfd083f,8,   9.890718,0.80866480,2.29116138,   0.00000,0
1593465218.210008,73,18feee3f,8,   0.000000,0.00000000,0.00000000, 101.25000,0
1593465249.670405,76,1cfd083f,8,  10.171970,0.81074033,2.29250416,   0.00000,0
1593465249.670968,77,18feee3f,8,   0.000000,0.00000000,0.00000000,  97.93750,0
1593465281.131372,80,1cfd083f,8,  10.171970,0.81074033,2.29250416,   0.00000,0
1593465281.131971,81,18feee3f,8,   0.000000,0.00000000,0.00000000,  97.93750,0
1593465312.592398,84,1cfd083f,8,  10.171970,0.81074033,2.29250416,   0.00000,0
1593465312.592968,85,18feee3f,8,   0.000000,0.00000000,0.00000000,  97.93750,0
1593465344.053386,88,1cfd083f,8,  10.921977,0.81186967,2.29457938,   0.00000,0
1593465344.053980,89,18feee3f,8,   0.000000,0.00000000,0.00000000,  95.62500,0
1593465375.514435,92,1cfd083f,8,  10.921977,0.81186967,2.29457938,   0.00000,0
1593465375.515006,93,18feee3f,8,   0.000000,0.00000000,0.00000000,  95.59375,0
1593465406.975467,96,1cfd083f,8,  10.921977,0.81186967,2.29457938,   0.00000,0
1593465406.976063,97,18feee3f,8,   0.000000,0.00000000,0.00000000,  95.59375,0
1593465438.436517,100,1cfd083f,8,  11.765735,0.81434199,2.30043882,   0.00000,0
1593465438.437101,101,18feee3f,8,   0.000000,0.00000000,0.00000000,  95.59375,0
1593465469.897580,104,1cfd083f,8,  11.765735,0.81434199,2.30043882,   0.00000,0
1593465469.898180,105,18feee3f,8,   0.000000,0.00000000,0.00000000,  94.96875,0
1593465501.360638,108,1cfd083f,8,  11.765735,0.81434199,2.30043882,   0.00000,0
1593465501.361231,109,18feee3f,8,   0.000000,0.00000000,0.00000000,  94.96875,0
1593465532.819765,112,1cfd083f,8,  11.765735,0.81434199,2.30043882,   0.00000,0
1593465532.820351,113,18feee3f,8,   0.000000,0.00000000,0.00000000,  94.96875,0
1593465564.281640,116,1cfd083f,8,  12.390741,0.81571551,2.30507754,   0.00000,0
1593465564.282201,117,18feee3f,8,   0.000000,0.00000000,0.00000000,  95.84375,0
1593465595.743508,120,1cfd083f,8,  12.390741,0.81571551,2.30507754,   0.00000,0
1593465595.744098,121,18feee3f,8,   0.000000,0.00000000,0.00000000,  95.84375,0
1593465627.203073,124,1cfd083f,8,  12.390741,0.81571551,2.30507754,   0.00000,0
1593465627.203641,125,18feee3f,8,   0.000000,0.00000000,0.00000000,  95.84375,0
1593465658.664524,128,1cfd083f,8,  12.500117,0.81666171,2.30751897,   0.00000,0
1593465658.665079,129,18feee3f,8,   0.000000,0.00000000,0.00000000,  97.21875,0
1593465690.126449,132,1cfd083f,8,  12.500117,0.81666171,2.30751897,   0.00000,0
1593465690.127006,133,18feee3f,8,   0.000000,0.00000000,0.00000000,  97.43750,0
1593465721.586399,136,1cfd083f,8,  12.500117,0.81666171,2.30751897,   0.00000,0
1593465721.586970,137,18feee3f,8,   0.000000,0.00000000,0.00000000,  97.43750,0
1593465753.047509,140,1cfd083f,8,  12.500117,0.81666171,2.30751897,   0.00000,0
1593465753.048071,141,18feee3f,8,   0.000000,0.00000000,0.00000000,  97.43750,0
1593465784.509371,144,1cfd083f,8,  12.265740,0.81544081,2.30776311,   0.00000,0
1593465784.509951,145,18feee3f,8,   0.000000,0.00000000,0.00000000,  98.65625,0
1593465815.969736,148,1cfd083f,8,  12.265740,0.81544081,2.30776311,   0.00000,0
1593465815.970289,149,18feee3f,8,   0.000000,0.00000000,0.00000000,  98.65625,0
1593465847.430856,152,1cfd083f,8,  12.265740,0.81544081,2.30776311,   0.00000,0
1593465847.431405,153,18feee3f,8,   0.000000,0.00000000,0.00000000,  98.65625,0
1593465878.891959,156,1cfd083f,8,  11.765735,0.81440304,2.30580997,   0.00000,0
1593465878.892547,157,18feee3f,8,   0.000000,0.00000000,0.00000000,  99.12500,0
1593465910.353066,160,1cfd083f,8,  11.765735,0.81440304,2.30580997,   0.00000,0
1593465910.353659,161,18feee3f,8,   0.000000,0.00000000,0.00000000,  99.12500,0
1593465941.814209,164,1cfd083f,8,  11.765735,0.81440304,2.30580997,   0.00000,0
1593465941.814770,165,18feee3f,8,   0.000000,0.00000000,0.00000000,  99.12500,0
1593465973.275311,168,1cfd083f,8,  11.765735,0.81440304,2.30580997,   0.00000,0
1593465973.275903,169,18feee3f,8,   0.000000,0.00000000,0.00000000,  99.12500,0
1593466004.736445,172,1cfd083f,8,  11.343856,0.81534924,2.30507754,   0.00000,0
1593466004.737003,173,18feee3f,8,   0.000000,0.00000000,0.00000000,  99.00000,0
1593466036.197573,176,1cfd083f,8,  11.343856,0.81534924,2.30507754,   0.00000,0
1593466036.198121,177,18feee3f,8,   0.000000,0.00000000,0.00000000,  99.00000,0
1593466067.658684,180,1cfd083f,8,  11.343856,0.81534924,2.30507754,   0.00000,0
1593466067.659247,181,18feee3f,8,   0.000000,0.00000000,0.00000000,  99.00000,0
1593466099.119801,184,1cfd083f,8,  11.343856,0.81534924,2.30507754,   0.00000,0
1593466099.120398,185,18feee3f,8,   0.000000,0.00000000,0.00000000,  99.00000,0
1593466130.580921,188,1cfd083f,8,  11.343856,0.81367050,2.30288025,   0.00000,0
1593466130.581512,189,18feee3f,8,   0.000000,0.00000000,0.00000000,  98.56250,0
1593466162.042049,192,1cfd083f,8,  11.343856,0.81367050,2.30288025,   0.00000,0
1593466162.042642,193,18feee3f,8,   0.000000,0.00000000,0.00000000,  98.56250,0
1593466193.503196,196,1cfd083f,8,  11.343856,0.81367050,2.30288025,   0.00000,0
1593466193.503772,197,18feee3f,8,   0.000000,0.00000000,0.00000000,  98.56250,0
1593466224.964317,200,1cfd083f,8,  11.343856,0.81367050,2.30288025,   0.00000,0
1593466224.964898,201,18feee3f,8,   0.000000,0.00000000,0.00000000,  98.56250,0
1593466256.425467,204,1cfd083f,8,  11.343856,0.81501349,2.30129332,   0.00000,0
1593466256.426027,205,18feee3f,8,   0.000000,0.00000000,0.00000000,  98.53125,0
1593466287.888573,208,1cfd083f,8,  11.343856,0.81501349,2.30129332,   0.00000,0
1593466287.889134,209,18feee3f,8,   0.000000,0.00000000,0.00000000,  98.53125,0
1593466319.347758,212,1cfd083f,8,  11.343856,0.81501349,2.30129332,   0.00000,0
1593466319.348317,213,18feee3f,8,   0.000000,0.00000000,0.00000000,  98.53125,0
1593466350.808884,216,1cfd083f,8,  11.343856,0.81501349,2.30129332,   0.00000,0
1593466350.809445,217,18feee3f,8,   0.000000,0.00000000,0.00000000,  98.53125,0
1593466382.271620,220,1cfd083f,8,  11.515733,0.81397572,2.30239196,   0.00000,0
1593466382.272178,221,18feee3f,8,   0.000000,0.00000000,0.00000000,  98.87500,0
1593466413.731170,224,1cfd083f,8,  11.515733,0.81397572,2.30239196,   0.00000,0
1593466413.731768,225,18feee3f,8,   0.000000,0.00000000,0.00000000,  98.87500,0
1593466445.192312,228,1cfd083f,8,  11.515733,0.81397572,2.30239196,   0.00000,0
1593466445.192905,229,18feee3f,8,   0.000000,0.00000000,0.00000000,  98.87500,0
1593466476.654647,232,1cfd083f,8,  11.515733,0.81397572,2.30239196,   0.00000,0
1593466476.655200,233,18feee3f,8,   0.000000,0.00000000,0.00000000,  98.87500,0
1593466508.114614,236,1cfd083f,8,  11.531358,0.81409781,2.30434511,   0.00000,0
1593466508.115165,237,18feee3f,8,   0.000000,0.00000000,0.00000000,  99.62500,0
1593466539.575733,240,1cfd083f,8,  11.531358,0.81409781,2.30434511,   0.00000,0
1593466539.576302,241,18feee3f,8,   0.000000,0.00000000,0.00000000,  99.62500,0
1593466571.037645,244,1cfd083f,8,  11.531358,0.81409781,2.30434511,   0.00000,0
1593466571.038215,245,18feee3f,8,   0.000000,0.00000000,0.00000000,  99.62500,0
1593466602.498036,248,1cfd083f,8,  11.390732,0.81418938,2.30263610,   0.00000,0
1593466602.498588,249,18feee3f,8,   0.000000,0.00000000,0.00000000, 100.21875,0
1593466633.959174,252,1cfd083f,8,  11.390732,0.81418938,2.30263610,   0.00000,0
1593466633.959724,253,18feee3f,8,   0.000000,0.00000000,0.00000000, 100.28125,0
1593466665.420659,256,1cfd083f,8,  11.390732,0.81418938,2.30263610,   0.00000,0
1593466665.421234,257,18feee3f,8,   0.000000,0.00000000,0.00000000, 100.28125,0
1593466696.881426,260,1cfd083f,8,  11.187605,0.81330423,2.30251403,   0.00000,0
1593466696.882017,261,18feee3f,8,   0.000000,0.00000000,0.00000000, 100.43750,0
1593466728.342563,264,1cfd083f,8,  11.187605,0.81330423,2.30251403,   0.00000,0
1593466728.343156,265,18feee3f,8,   0.000000,0.00000000,0.00000000, 100.50000,0
1593466759.803714,268,1cfd083f,8,  11.187605,0.81330423,2.30251403,   0.00000,0
1593466759.804275,269,18feee3f,8,   0.000000,0.00000000,0.00000000, 100.50000,0
1593466791.264852,272,1cfd083f,8,  11.187605,0.81330423,2.30251403,   0.00000,0
1593466791.265411,273,18feee3f,8,   0.000000,0.00000000,0.00000000, 100.50000,0
1593466822.725976,276,1cfd083f,8,  11.015728,0.81379259,2.30153746,   0.00000,0
1593466822.726533,277,18feee3f,8,   0.000000,0.00000000,0.00000000, 100.56250,0
1593466854.187107,280,1cfd083f,8,  11.015728,0.81379259,2.30153746,   0.00000,0
1593466854.187697,281,18feee3f,8,   0.000000,0.00000000,0.00000000, 100.56250,0
1593466885.648262,284,1cfd083f,8,  11.015728,0.81379259,2.30153746,   0.00000,0
1593466885.648830,285,18feee3f,8,   0.000000,0.00000000,0.00000000, 100.56250,0
1593466917.109369,288,1cfd083f,8,  11.015728,0.81379259,2.30153746,   0.00000,0
1593466917.109961,289,18feee3f,8,   0.000000,0.00000000,0.00000000, 100.56250,0
1593466948.570521,292,1cfd083f,8,  11.250105,0.81138130,2.30080503,   0.00000,0
1593466948.571085,293,18feee3f,8,   0.000000,0.00000000,0.00000000, 100.40625,0
1593466980.031673,296,1cfd083f,8,  11.250105,0.81138130,2.30080503,   0.00000,0
1593466980.032223,297,18feee3f,8,   0.000000,0.00000000,0.00000000, 100.40625,0
1593467011.492805,300,1cfd083f,8,  11.250105,0.81138130,2.30080503,   0.00000,0
1593467011.493370,301,18feee3f,8,   0.000000,0.00000000,0.00000000, 100.40625,0
1593467042.955077,304,1cfd083f,8,  11.390732,0.81016040,2.29958432,   0.00000,0
1593467042.955663,305,18feee3f,8,   0.000000,0.00000000,0.00000000, 100.31250,0
1593467074.417040,308,1cfd083f,8,  11.390732,0.81016040,2.29958432,   0.00000,0
1593467074.417589,309,18feee3f,8,   0.000000,0.00000000,0.00000000, 100.31250,0
1593467105.876206,312,1cfd083f,8,  11.390732,0.81016040,2.29958432,   0.00000,0
1593467105.876762,313,18feee3f,8,   0.000000,0.00000000,0.00000000, 100.31250,0
1593467137.337335,316,1cfd083f,8,  11.390732,0.81016040,2.29958432,   0.00000,0
1593467137.337900,317,18feee3f,8,   0.000000,0.00000000,0.00000000, 100.31250,0
1593467168.798492,320,1cfd083f,8,  11.343856,0.81052667,2.30031674,   0.00000,0
1593467168.799055,321,18feee3f,8,   0.000000,0.00000000,0.00000000, 100.34375,0
1593467200.259606,324,1cfd083f,8,  11.343856,0.81052667,2.30031674,   0.00000,0
1593467200.260163,325,18feee3f,8,   0.000000,0.00000000,0.00000000, 100.34375,0
1593467231.720749,328,1cfd083f,8,  11.343856,0.81052667,2.30031674,   0.00000,0
1593467231.721308,329,18feee3f,8,   0.000000,0.00000000,0.00000000, 100.34375,0
1593467263.183132,332,1cfd083f,8,  11.343856,0.81052667,2.30031674,   0.00000,0
1593467263.183711,333,18feee3f,8,   0.000000,0.00000000,0.00000000, 100.34375,0
1593467294.643219,336,1cfd083f,8,  11.437607,0.81009936,2.30068296,   0.00000,0
1593467294.643776,337,18feee3f,8,   0.000000,0.00000000,0.00000000, 100.53125,0
1593467326.104487,340,1cfd083f,8,  11.437607,0.81009936,2.30068296,   0.00000,0
1593467326.105060,341,18feee3f,8,   0.000000,0.00000000,0.00000000, 100.53125,0
1593467357.566480,344,1cfd083f,8,  11.437607,0.81009936,2.30068296,   0.00000,0
1593467357.567062,345,18feee3f,8,   0.000000,0.00000000,0.00000000, 100.53125,0
1593467389.026956,348,1cfd083f,8,  11.437607,0.81009936,2.30068296,   0.00000,0
1593467389.027532,349,18feee3f,8,   0.000000,0.00000000,0.00000000, 100.53125,0
1593467420.488166,352,1cfd083f,8,  11.453232,0.81006883,2.30031674,   0.00000,0
1593467420.488766,353,18feee3f,8,   0.000000,0.00000000,0.00000000, 100.84375,0
1593467451.949763,356,1cfd083f,8,  11.453232,0.81006883,2.30031674,   0.00000,0
1593467451.950331,357,18feee3f,8,   0.000000,0.00000000,0.00000000, 100.84375,0
1593467483.410638,360,1cfd083f,8,  11.453232,0.81006883,2.30031674,   0.00000,0
1593467483.411212,361,18feee3f,8,   0.000000,0.00000000,0.00000000, 100.84375,0
1593467514.871854,364,1cfd083f,8,  11.375107,0.80954995,2.30080503,   0.00000,0
1593467514.872418,365,18feee3f,8,   0.000000,0.00000000,0.00000000, 101.00000,0
1593467546.333069,368,1cfd083f,8,  11.375107,0.80954995,2.30080503,   0.00000,0
1593467546.333661,369,18feee3f,8,   0.000000,0.00000000,0.00000000, 101.00000,0
1593467577.794271,372,1cfd083f,8,  11.375107,0.80954995,2.30080503,   0.00000,0
1593467577.794869,373,18feee3f,8,   0.000000,0.00000000,0.00000000, 101.00000,0
1593467609.255474,376,1cfd083f,8,  11.343856,0.80942786,2.30056089,   0.00000,0
1593467609.256025,377,18feee3f,8,   0.000000,0.00000000,0.00000000, 101.06250,0
1593467640.716690,380,1cfd083f,8,  11.343856,0.80942786,2.30056089,   0.00000,0
1593467640.717262,381,18feee3f,8,   0.000000,0.00000000,0.00000000, 101.06250,0
1593467672.177877,384,1cfd083f,8,  11.343856,0.80942786,2.30056089,   0.00000,0
1593467672.178431,385,18feee3f,8,   0.000000,0.00000000,0.00000000, 101.06250,0
1593467703.639105,388,1cfd083f,8,  11.250105,0.81019092,2.30019467,   0.00000,0
1593467703.639671,389,18feee3f,8,   0.000000,0.00000000,0.00000000, 101.09375,0
1593467735.100279,392,1cfd083f,8,  11.250105,0.81019092,2.30019467,   0.00000,0
1593467735.100857,393,18feee3f,8,   0.000000,0.00000000,0.00000000, 101.09375,0
1593467766.561488,396,1cfd083f,8,  11.250105,0.81019092,2.30019467,   0.00000,0
1593467766.562050,397,18feee3f,8,   0.000000,0.00000000,0.00000000, 101.09375,0
1593467798.022657,400,1cfd083f,8,  11.250105,0.81019092,2.30019467,   0.00000,0
1593467798.023217,401,18feee3f,8,   0.000000,0.00000000,0.00000000, 101.09375,0
1593467829.483840,404,1cfd083f,8,  11.265731,0.80994674,2.29982846,   0.00000,0
1593467829.484391,405,18feee3f,8,   0.000000,0.00000000,0.00000000, 101.09375,0
1593467860.946991,408,1cfd083f,8,  11.265731,0.80994674,2.29982846,   0.00000,0
1593467860.947578,409,18feee3f,8,   0.000000,0.00000000,0.00000000, 101.09375,0
1593467892.406210,412,1cfd083f,8,  11.265731,0.80994674,2.29982846,   0.00000,0
1593467892.406780,413,18feee3f,8,   0.000000,0.00000000,0.00000000, 101.09375,0
1593467923.867393,416,1cfd083f,8,  11.265731,0.80994674,2.29982846,   0.00000,0
1593467923.867954,417,18feee3f,8,   0.000000,0.00000000,0.00000000, 101.09375,0
1593467955.330132,420,1cfd083f,8,  11.312606,0.80954995,2.29934017,   0.00000,0
1593467955.330691,421,18feee3f,8,   0.000000,0.00000000,0.00000000, 100.96875,0
1593467986.789736,424,1cfd083f,8,  11.312606,0.80954995,2.29934017,   0.00000,0
1593467986.790332,425,18feee3f,8,   0.000000,0.00000000,0.00000000, 100.96875,0
1593468018.250902,428,1cfd083f,8,  11.312606,0.80954995,2.29934017,   0.00000,0
1593468018.251509,429,18feee3f,8,   0.000000,0.00000000,0.00000000, 100.96875,0
1593468049.712125,432,1cfd083f,8,  11.250105,0.80994674,2.29885189,   0.00000,0
1593468049.712686,433,18feee3f,8,   0.000000,0.00000000,0.00000000, 100.90625,0
1593468081.173273,436,1cfd083f,8,  11.250105,0.80994674,2.29885189,   0.00000,0
1593468081.173859,437,18feee3f,8,   0.000000,0.00000000,0.00000000, 100.90625,0
1593468112.634439,440,1cfd083f,8,  11.250105,0.80994674,2.29885189,   0.00000,0
1593468112.635029,441,18feee3f,8,   0.000000,0.00000000,0.00000000, 100.90625,0
1593468144.096412,444,1cfd083f,8,  11.250105,0.80994674,2.29885189,   0.00000,0
1593468144.096970,445,18feee3f,8,   0.000000,0.00000000,0.00000000, 100.90625,0
1593468175.556796,448,1cfd083f,8,  11.156355,0.81110660,2.29677667,   0.00000,0
1593468175.557361,449,18feee3f,8,   0.000000,0.00000000,0.00000000, 100.90625,0
1593468207.017961,452,1cfd083f,8,  11.156355,0.81110660,2.29677667,   0.00000,0
1593468207.018524,453,18feee3f,8,   0.000000,0.00000000,0.00000000, 100.93750,0
