timestamp,count,id,dlc,Viscosity (cp),Density (gm/cc),Dielectric constant (-),Temperature (C), Status
1592844263.036623,0,1cfd083f,8,  10.375097,0.83173985,2.38137227,   0.00000,0
1592844263.036994,1,18feee3f,8,   0.000000,0.00000000,0.00000000,  77.25000,0
1592844294.497523,4,1cfd083f,8,  10.375097,0.83173985,2.38137227,   0.00000,0
1592844294.498082,5,18feee3f,8,   0.000000,0.00000000,0.00000000,  77.25000,0
1592844325.958647,8,1cfd083f,8,  10.375097,0.83173985,2.38137227,   0.00000,0
1592844325.959219,9,18feee3f,8,   0.000000,0.00000000,0.00000000,  77.25000,0
1592844357.419757,12,1cfd083f,8,   7.546946,0.82325458,2.33779272,   0.00000,0
1592844357.420328,13,18feee3f,8,   0.000000,0.00000000,0.00000000,  86.06250,0
1592844388.880946,16,1cfd083f,8,   7.546946,0.82325458,2.33779272,   0.00000,0
1592844388.881487,17,18feee3f,8,   0.000000,0.00000000,0.00000000,  86.12500,0
1592844420.342101,20,1cfd083f,8,   7.546946,0.82325458,2.33779272,   0.00000,0
1592844420.342663,21,18feee3f,8,   0.000000,0.00000000,0.00000000,  86.12500,0
1592844451.803303,24,1cfd083f,8,   6.031307,0.81400625,2.29909603,   0.00000,0
1592844451.803945,25,18feee3f,8,   0.000000,0.00000000,0.00000000,  89.28125,0
1592844483.264526,28,1cfd083f,8,   6.031307,0.81400625,2.29909603,   0.00000,0
1592844483.265101,29,18feee3f,8,   0.000000,0.00000000,0.00000000,  89.31250,0
1592844514.725710,32,1cfd083f,8,   6.031307,0.81400625,2.29909603,   0.00000,0
1592844514.726288,33,18feee3f,8,   0.000000,0.00000000,0.00000000,  89.31250,0
1592844546.186944,36,1cfd083f,8,   5.453176,0.80945838,2.27162992,   0.00000,0
1592844546.187511,37,18feee3f,8,   0.000000,0.00000000,0.00000000,  90.15625,0
1592844577.648155,40,1cfd083f,8,   5.453176,0.80945838,2.27162992,   0.00000,0
1592844577.648723,41,18feee3f,8,   0.000000,0.00000000,0.00000000,  90.15625,0
1592844609.109357,44,1cfd083f,8,   5.453176,0.80945838,2.27162992,   0.00000,0
1592844609.109924,45,18feee3f,8,   0.000000,0.00000000,0.00000000,  90.15625,0
1592844640.572152,48,1cfd083f,8,   5.453176,0.80945838,2.27162992,   0.00000,0
1592844640.572713,49,18feee3f,8,   0.000000,0.00000000,0.00000000,  90.15625,0
1592844672.031787,52,1cfd083f,8,   5.250049,0.80765755,2.25905655,   0.00000,0
1592844672.032346,53,18feee3f,8,   0.000000,0.00000000,0.00000000,  89.56250,0
1592844703.492996,56,1cfd083f,8,   5.250049,0.80765755,2.25905655,   0.00000,0
1592844703.493571,57,18feee3f,8,   0.000000,0.00000000,0.00000000,  89.56250,0
1592844734.955372,60,1cfd083f,8,   5.250049,0.80765755,2.25905655,   0.00000,0
1592844734.955925,61,18feee3f,8,   0.000000,0.00000000,0.00000000,  89.56250,0
1592844766.415391,64,1cfd083f,8,   5.234424,0.80756598,2.25246469,   0.00000,0
1592844766.415964,65,18feee3f,8,   0.000000,0.00000000,0.00000000,  88.31250,0
1592844797.876600,68,1cfd083f,8,   5.234424,0.80756598,2.25246469,   0.00000,0
1592844797.877172,69,18feee3f,8,   0.000000,0.00000000,0.00000000,  88.31250,0
1592844829.338583,72,1cfd083f,8,   5.234424,0.80756598,2.25246469,   0.00000,0
1592844829.339151,73,18feee3f,8,   0.000000,0.00000000,0.00000000,  88.31250,0
1592844860.799072,76,1cfd083f,8,   5.312550,0.80781016,0.14111474,   0.00000,0
1592844860.799624,77,18feee3f,8,   0.000000,0.00000000,0.00000000,  86.34375,0
1592844892.260249,80,1cfd083f,8,   5.312550,0.80781016,0.14111474,   0.00000,0
1592844892.260832,81,18feee3f,8,   0.000000,0.00000000,0.00000000,  86.31250,0
1592844923.721844,84,1cfd083f,8,   5.312550,0.80781016,0.14111474,   0.00000,0
1592844923.722371,85,18feee3f,8,   0.000000,0.00000000,0.00000000,  86.31250,0
1592844955.182662,88,1cfd083f,8,   5.421926,0.80906159,2.24501832,   0.00000,0
1592844955.183246,89,18feee3f,8,   0.000000,0.00000000,0.00000000,  84.06250,0
1592844986.643874,92,1cfd083f,8,   5.421926,0.80906159,2.24501832,   0.00000,0
1592844986.644517,93,18feee3f,8,   0.000000,0.00000000,0.00000000,  83.90625,0
1592845018.105072,96,1cfd083f,8,   5.421926,0.80906159,2.24501832,   0.00000,0
1592845018.105669,97,18feee3f,8,   0.000000,0.00000000,0.00000000,  83.90625,0
1592845049.566289,100,1cfd083f,8,   5.421926,0.80906159,2.24501832,   0.00000,0
1592845049.566861,101,18feee3f,8,   0.000000,0.00000000,0.00000000,  83.90625,0
1592845081.027523,104,1cfd083f,8,   5.625053,0.81016040,2.24916876,   0.00000,0
1592845081.028095,105,18feee3f,8,   0.000000,0.00000000,0.00000000,  81.34375,0
1592845112.488697,108,1cfd083f,8,   5.625053,0.81016040,2.24916876,   0.00000,0
1592845112.489276,109,18feee3f,8,   0.000000,0.00000000,0.00000000,  81.34375,0
1592845143.949908,112,1cfd083f,8,   5.625053,0.81016040,2.24916876,   0.00000,0
1592845143.950492,113,18feee3f,8,   0.000000,0.00000000,0.00000000,  81.34375,0
1592845175.411102,116,1cfd083f,8,   5.781304,0.81168653,2.25673719,   0.00000,0
1592845175.411694,117,18feee3f,8,   0.000000,0.00000000,0.00000000,  78.87500,0
1592845206.872316,120,1cfd083f,8,   5.781304,0.81168653,2.25673719,   0.00000,0
1592845206.872889,121,18feee3f,8,   0.000000,0.00000000,0.00000000,  78.87500,0
1592845238.333528,124,1cfd083f,8,   5.781304,0.81168653,2.25673719,   0.00000,0
1592845238.334105,125,18feee3f,8,   0.000000,0.00000000,0.00000000,  78.87500,0
1592845269.794732,128,1cfd083f,8,   6.062557,0.81348736,2.26259663,   0.00000,0
1592845269.795287,129,18feee3f,8,   0.000000,0.00000000,0.00000000,  76.56250,0
1592845301.255908,132,1cfd083f,8,   6.062557,0.81348736,2.26259663,   0.00000,0
1592845301.256487,133,18feee3f,8,   0.000000,0.00000000,0.00000000,  76.56250,0
1592845332.719092,136,1cfd083f,8,   6.062557,0.81348736,2.26259663,   0.00000,0
1592845332.719642,137,18feee3f,8,   0.000000,0.00000000,0.00000000,  76.56250,0
1592845364.178293,140,1cfd083f,8,   6.250059,0.81583760,2.27016507,   0.00000,0
1592845364.178889,141,18feee3f,8,   0.000000,0.00000000,0.00000000,  75.65625,0
1592845395.639510,144,1cfd083f,8,   6.250059,0.81583760,2.27016507,   0.00000,0
1592845395.640079,145,18feee3f,8,   0.000000,0.00000000,0.00000000,  75.65625,0
1592845427.102245,148,1cfd083f,8,   6.250059,0.81583760,2.27016507,   0.00000,0
1592845427.102820,149,18feee3f,8,   0.000000,0.00000000,0.00000000,  75.65625,0
1592845458.561891,152,1cfd083f,8,   6.515686,0.81611230,2.27553622,   0.00000,0
1592845458.562466,153,18feee3f,8,   0.000000,0.00000000,0.00000000,  76.00000,0
1592845490.023061,156,1cfd083f,8,   6.515686,0.81611230,2.27553622,   0.00000,0
1592845490.023645,157,18feee3f,8,   0.000000,0.00000000,0.00000000,  76.00000,0
1592845521.485414,160,1cfd083f,8,   6.515686,0.81611230,2.27553622,   0.00000,0
1592845521.485979,161,18feee3f,8,   0.000000,0.00000000,0.00000000,  76.00000,0
1592845552.945447,164,1cfd083f,8,   6.531311,0.81736373,2.27944251,   0.00000,0
1592845552.946016,165,18feee3f,8,   0.000000,0.00000000,0.00000000,  77.18750,0
1592845584.406628,168,1cfd083f,8,   6.531311,0.81736373,2.27944251,   0.00000,0
1592845584.407204,169,18feee3f,8,   0.000000,0.00000000,0.00000000,  77.18750,0
1592845615.868564,172,1cfd083f,8,   6.531311,0.81736373,2.27944251,   0.00000,0
1592845615.869141,173,18feee3f,8,   0.000000,0.00000000,0.00000000,  77.18750,0
1592845647.329011,176,1cfd083f,8,   6.515686,0.81605126,2.27846593,   0.00000,0
1592845647.329577,177,18feee3f,8,   0.000000,0.00000000,0.00000000,  78.75000,0
1592845678.790286,180,1cfd083f,8,   6.515686,0.81605126,2.27846593,   0.00000,0
1592845678.790840,181,18feee3f,8,   0.000000,0.00000000,0.00000000,  78.75000,0
1592845710.251895,184,1cfd083f,8,   6.515686,0.81605126,2.27846593,   0.00000,0
1592845710.252474,185,18feee3f,8,   0.000000,0.00000000,0.00000000,  78.75000,0
1592845741.712806,188,1cfd083f,8,   6.375060,0.81522715,2.27578036,   0.00000,0
1592845741.713373,189,18feee3f,8,   0.000000,0.00000000,0.00000000,  79.90625,0
1592845773.174066,192,1cfd083f,8,   6.375060,0.81522715,2.27578036,   0.00000,0
1592845773.174640,193,18feee3f,8,   0.000000,0.00000000,0.00000000,  79.90625,0
1592845804.635343,196,1cfd083f,8,   6.375060,0.81522715,2.27578036,   0.00000,0
1592845804.635911,197,18feee3f,8,   0.000000,0.00000000,0.00000000,  79.90625,0
1592845836.096592,200,1cfd083f,8,   6.234433,0.81446408,2.27199614,   0.00000,0
1592845836.097149,201,18feee3f,8,   0.000000,0.00000000,0.00000000,  80.34375,0
1592845867.557905,204,1cfd083f,8,   6.234433,0.81446408,2.27199614,   0.00000,0
1592845867.558433,205,18feee3f,8,   0.000000,0.00000000,0.00000000,  80.34375,0
1592845899.019117,208,1cfd083f,8,   6.234433,0.81446408,2.27199614,   0.00000,0
1592845899.019701,209,18feee3f,8,   0.000000,0.00000000,0.00000000,  80.34375,0
1592845930.480375,212,1cfd083f,8,   6.125057,0.81415886,2.26894435,   0.00000,0
1592845930.480938,213,18feee3f,8,   0.000000,0.00000000,0.00000000,  80.31250,0
1592845961.941630,216,1cfd083f,8,   6.125057,0.81415886,2.26894435,   0.00000,0
1592845961.942194,217,18feee3f,8,   0.000000,0.00000000,0.00000000,  80.31250,0
1592845993.402868,220,1cfd083f,8,   6.125057,0.81415886,2.26894435,   0.00000,0
1592845993.403466,221,18feee3f,8,   0.000000,0.00000000,0.00000000,  80.31250,0
1592846024.864127,224,1cfd083f,8,   6.078182,0.81418938,2.26735742,   0.00000,0
1592846024.864686,225,18feee3f,8,   0.000000,0.00000000,0.00000000,  79.90625,0
1592846056.325368,228,1cfd083f,8,   6.078182,0.81418938,2.26735742,   0.00000,0
1592846056.325934,229,18feee3f,8,   0.000000,0.00000000,0.00000000,  79.87500,0
1592846087.786613,232,1cfd083f,8,   6.078182,0.81418938,2.26735742,   0.00000,0
1592846087.787188,233,18feee3f,8,   0.000000,0.00000000,0.00000000,  79.87500,0
1592846119.249833,236,1cfd083f,8,   6.078182,0.81418938,2.26735742,   0.00000,0
1592846119.250387,237,18feee3f,8,   0.000000,0.00000000,0.00000000,  79.87500,0
1592846150.709120,240,1cfd083f,8,   6.109432,0.81339579,2.26808985,   0.00000,0
1592846150.709688,241,18feee3f,8,   0.000000,0.00000000,0.00000000,-250.84375,0
1592846182.170346,244,1cfd083f,8,   6.109432,0.81339579,2.26808985,   0.00000,0
1592846182.170939,245,18feee3f,8,   0.000000,0.00000000,0.00000000,-250.84375,0
1592846213.633177,248,1cfd083f,8,   6.109432,0.81339579,2.26808985,   0.00000,0
1592846213.633734,249,18feee3f,8,   0.000000,0.00000000,0.00000000,-250.84375,0
1592846245.092837,252,1cfd083f,8,   6.125057,0.81470826,2.26723535,   0.00000,0
1592846245.093416,253,18feee3f,8,   0.000000,0.00000000,0.00000000,  78.68750,0
1592846276.554071,256,1cfd083f,8,   6.125057,0.81470826,2.26723535,   0.00000,0
1592846276.554647,257,18feee3f,8,   0.000000,0.00000000,0.00000000,  78.68750,0
1592846308.016464,260,1cfd083f,8,   6.125057,0.81470826,2.26723535,   0.00000,0
1592846308.017059,261,18feee3f,8,   0.000000,0.00000000,0.00000000,  78.68750,0
1592846339.476540,264,1cfd083f,8,   6.234433,0.81489140,2.26943264,   0.00000,0
1592846339.477126,265,18feee3f,8,   0.000000,0.00000000,0.00000000,  78.43750,0
1592846370.937782,268,1cfd083f,8,   6.234433,0.81489140,2.26943264,   0.00000,0
1592846370.938327,269,18feee3f,8,   0.000000,0.00000000,0.00000000,  78.43750,0
1592846402.398991,272,1cfd083f,8,   6.265684,0.81525767,2.27065335,   0.00000,0
1592846402.399567,273,18feee3f,8,   0.000000,0.00000000,0.00000000,  78.65625,0
1592846433.860219,276,1cfd083f,8,   6.265684,0.81525767,2.27065335,   0.00000,0
1592846433.860798,277,18feee3f,8,   0.000000,0.00000000,0.00000000,  78.65625,0
1592846465.321473,280,1cfd083f,8,   6.265684,0.81525767,2.27065335,   0.00000,0
1592846465.322053,281,18feee3f,8,   0.000000,0.00000000,0.00000000,  78.65625,0
1592846496.782680,284,1cfd083f,8,   6.281309,0.81476931,2.27162992,   0.00000,0
1592846496.783251,285,18feee3f,8,   0.000000,0.00000000,0.00000000,-250.81250,0
1592846528.243902,288,1cfd083f,8,   6.281309,0.81476931,2.27162992,   0.00000,0
1592846528.244487,289,18feee3f,8,   0.000000,0.00000000,0.00000000,-250.78125,0
1592846559.705143,292,1cfd083f,8,   6.281309,0.81476931,2.27162992,   0.00000,0
1592846559.705700,293,18feee3f,8,   0.000000,0.00000000,0.00000000,-250.78125,0
1592846591.166373,296,1cfd083f,8,   6.281309,0.81476931,2.27162992,   0.00000,0
1592846591.166962,297,18feee3f,8,   0.000000,0.00000000,0.00000000,-250.78125,0
1592846622.627604,300,1cfd083f,8,   6.265684,0.81483035,2.26992092,   0.00000,0
1592846622.628170,301,18feee3f,8,   0.000000,0.00000000,0.00000000,  79.87500,0
1592846654.088828,304,1cfd083f,8,   6.265684,0.81483035,2.26992092,   0.00000,0
1592846654.089387,305,18feee3f,8,   0.000000,0.00000000,0.00000000,  79.87500,0
1592846685.550065,308,1cfd083f,8,   6.265684,0.81483035,2.26992092,   0.00000,0
1592846685.550621,309,18feee3f,8,   0.000000,0.00000000,0.00000000,  79.87500,0
1592846717.011290,312,1cfd083f,8,   6.234433,0.81446408,2.26979885,   0.00000,0
1592846717.011831,313,18feee3f,8,   0.000000,0.00000000,0.00000000,  80.15625,0
1592846748.472511,316,1cfd083f,8,   6.234433,0.81446408,2.26979885,   0.00000,0
1592846748.473068,317,18feee3f,8,   0.000000,0.00000000,0.00000000,  80.15625,0
1592846779.933711,320,1cfd083f,8,   6.234433,0.81446408,2.26979885,   0.00000,0
1592846779.934306,321,18feee3f,8,   0.000000,0.00000000,0.00000000,  80.15625,0
1592846811.394954,324,1cfd083f,8,   6.109432,0.81483035,2.26857814,   0.00000,0
1592846811.395549,325,18feee3f,8,   0.000000,0.00000000,0.00000000,  80.25000,0
1592846842.856176,328,1cfd083f,8,   6.109432,0.81483035,2.26857814,   0.00000,0
1592846842.856756,329,18feee3f,8,   0.000000,0.00000000,0.00000000,  80.25000,0
1592846874.317422,332,1cfd083f,8,   6.109432,0.81483035,2.26857814,   0.00000,0
1592846874.317979,333,18feee3f,8,   0.000000,0.00000000,0.00000000,  80.25000,0
1592846905.780603,336,1cfd083f,8,   6.109432,0.81376206,2.26735742,   0.00000,0
1592846905.781213,337,18feee3f,8,   0.000000,0.00000000,0.00000000,  80.21875,0
1592846937.239831,340,1cfd083f,8,   6.109432,0.81376206,2.26735742,   0.00000,0
1592846937.240410,341,18feee3f,8,   0.000000,0.00000000,0.00000000,  80.21875,0
1592846968.701069,344,1cfd083f,8,   6.109432,0.81376206,2.26735742,   0.00000,0
1592846968.701645,345,18feee3f,8,   0.000000,0.00000000,0.00000000,  80.21875,0
1592847000.163877,348,1cfd083f,8,   6.125057,0.81351788,2.26821192,   0.00000,0
1592847000.164450,349,18feee3f,8,   0.000000,0.00000000,0.00000000,  80.12500,0
1592847031.623510,352,1cfd083f,8,   6.125057,0.81351788,2.26821192,   0.00000,0
1592847031.624086,353,18feee3f,8,   0.000000,0.00000000,0.00000000,  80.12500,0
1592847063.084751,356,1cfd083f,8,   6.125057,0.81351788,2.26821192,   0.00000,0
1592847063.085299,357,18feee3f,8,   0.000000,0.00000000,0.00000000,  80.12500,0
1592847094.547146,360,1cfd083f,8,   6.078182,0.81391468,2.26552635,   0.00000,0
1592847094.547736,361,18feee3f,8,   0.000000,0.00000000,0.00000000,  79.90625,0
1592847126.007203,364,1cfd083f,8,   6.078182,0.81391468,2.26552635,   0.00000,0
1592847126.007788,365,18feee3f,8,   0.000000,0.00000000,0.00000000,  79.90625,0
1592847157.468400,368,1cfd083f,8,   6.156308,0.81394520,2.26821192,   0.00000,0
1592847157.468987,369,18feee3f,8,   0.000000,0.00000000,0.00000000,  79.75000,0
1592847188.930379,372,1cfd083f,8,   6.156308,0.81394520,2.26821192,   0.00000,0
1592847188.931017,373,18feee3f,8,   0.000000,0.00000000,0.00000000,  79.75000,0
1592847220.390857,376,1cfd083f,8,   6.156308,0.81394520,2.26821192,   0.00000,0
1592847220.391421,377,18feee3f,8,   0.000000,0.00000000,0.00000000,  79.75000,0
1592847251.852060,380,1cfd083f,8,   6.156308,0.81394520,2.26821192,   0.00000,0
1592847251.852658,381,18feee3f,8,   0.000000,0.00000000,0.00000000,  79.75000,0
1592847283.313663,384,1cfd083f,8,   6.156308,0.81406729,2.26821192,   0.00000,0
1592847283.314222,385,18feee3f,8,   0.000000,0.00000000,0.00000000,  79.62500,0
1592847314.774510,388,1cfd083f,8,   6.156308,0.81406729,2.26821192,   0.00000,0
1592847314.775081,389,18feee3f,8,   0.000000,0.00000000,0.00000000,  79.62500,0
1592847346.235740,392,1cfd083f,8,   6.156308,0.81406729,2.26821192,   0.00000,0
1592847346.236304,393,18feee3f,8,   0.000000,0.00000000,0.00000000,  79.62500,0
1592847377.696983,396,1cfd083f,8,   6.156308,0.81486088,2.26943264,   0.00000,0
1592847377.697536,397,18feee3f,8,   0.000000,0.00000000,0.00000000,  79.65625,0
1592847409.158235,400,1cfd083f,8,   6.156308,0.81486088,2.26943264,   0.00000,0
1592847409.158747,401,18feee3f,8,   0.000000,0.00000000,0.00000000,  79.65625,0
1592847440.619380,404,1cfd083f,8,   6.187558,0.81376206,2.26967678,   0.00000,0
1592847440.619977,405,18feee3f,8,   0.000000,0.00000000,0.00000000,  79.71875,0
1592847472.080622,408,1cfd083f,8,   6.187558,0.81376206,2.26967678,   0.00000,0
1592847472.081172,409,18feee3f,8,   0.000000,0.00000000,0.00000000,  79.75000,0
1592847503.541836,412,1cfd083f,8,   6.187558,0.81376206,2.26967678,   0.00000,0
1592847503.542393,413,18feee3f,8,   0.000000,0.00000000,0.00000000,  79.75000,0
1592847535.003068,416,1cfd083f,8,   6.187558,0.81376206,2.26967678,   0.00000,0
1592847535.003697,417,18feee3f,8,   0.000000,0.00000000,0.00000000,  79.75000,0
1592847566.464273,420,1cfd083f,8,   6.187558,0.81473879,2.26796778,   0.00000,0
1592847566.464855,421,18feee3f,8,   0.000000,0.00000000,0.00000000,  79.93750,0
1592847597.925495,424,1cfd083f,8,   6.187558,0.81473879,2.26796778,   0.00000,0
1592847597.926047,425,18feee3f,8,   0.000000,0.00000000,0.00000000,  79.93750,0
1592847629.386706,428,1cfd083f,8,   6.187558,0.81473879,2.26796778,   0.00000,0
1592847629.387293,429,18feee3f,8,   0.000000,0.00000000,0.00000000,  79.93750,0
1592847660.847946,432,1cfd083f,8,   6.156308,0.81373154,2.26894435,   0.00000,0
1592847660.848511,433,18feee3f,8,   0.000000,0.00000000,0.00000000,  80.12500,0
1592847692.311130,436,1cfd083f,8,   6.156308,0.81373154,2.26894435,   0.00000,0
1592847692.311694,437,18feee3f,8,   0.000000,0.00000000,0.00000000,  80.12500,0
1592847723.770361,440,1cfd083f,8,   6.156308,0.81373154,2.26894435,   0.00000,0
1592847723.770944,441,18feee3f,8,   0.000000,0.00000000,0.00000000,  80.12500,0
1592847755.231572,444,1cfd083f,8,   6.140683,0.81415886,2.26833399,   0.00000,0
1592847755.232164,445,18feee3f,8,   0.000000,0.00000000,0.00000000,  80.25000,0
1592847786.694381,448,1cfd083f,8,   6.140683,0.81415886,2.26833399,   0.00000,0
1592847786.694967,449,18feee3f,8,   0.000000,0.00000000,0.00000000,  80.25000,0
1592847818.154005,452,1cfd083f,8,   6.140683,0.81415886,2.26833399,   0.00000,0
1592847818.154593,453,18feee3f,8,   0.000000,0.00000000,0.00000000,  80.25000,0
1592847849.615616,456,1cfd083f,8,   6.125057,0.81397572,2.26796778,   0.00000,0
1592847849.616200,457,18feee3f,8,   0.000000,0.00000000,0.00000000,  80.31250,0
1592847881.077648,460,1cfd083f,8,   6.125057,0.81397572,2.26796778,   0.00000,0
1592847881.078219,461,18feee3f,8,   0.000000,0.00000000,0.00000000,  80.31250,0
1592847912.537695,464,1cfd083f,8,   6.125057,0.81397572,2.26796778,   0.00000,0
1592847912.538240,465,18feee3f,8,   0.000000,0.00000000,0.00000000,  80.31250,0
1592847943.998957,468,1cfd083f,8,   6.125057,0.81397572,2.26796778,   0.00000,0
1592847943.999467,469,18feee3f,8,   0.000000,0.00000000,0.00000000,  80.31250,0
1592847975.460895,472,1cfd083f,8,   6.125057,0.81360945,2.26662499,   0.00000,0
1592847975.461469,473,18feee3f,8,   0.000000,0.00000000,0.00000000,  80.43750,0
1592848006.921362,476,1cfd083f,8,   6.125057,0.81360945,2.26662499,   0.00000,0
1592848006.921920,477,18feee3f,8,   0.000000,0.00000000,0.00000000,  80.43750,0
1592848038.382575,480,1cfd083f,8,   6.125057,0.81360945,2.26662499,   0.00000,0
1592848038.383144,481,18feee3f,8,   0.000000,0.00000000,0.00000000,  80.43750,0
1592848069.844141,484,1cfd083f,8,   6.125057,0.81367050,2.26699120,   0.00000,0
1592848069.844736,485,18feee3f,8,   0.000000,0.00000000,0.00000000,  80.50000,0
1592848101.305008,488,1cfd083f,8,   6.125057,0.81367050,2.26699120,   0.00000,0
1592848101.305575,489,18feee3f,8,   0.000000,0.00000000,0.00000000,  80.50000,0
1592848132.766244,492,1cfd083f,8,   6.125057,0.81367050,2.26699120,   0.00000,0
1592848132.766818,493,18feee3f,8,   0.000000,0.00000000,0.00000000,  80.50000,0
1592848164.227460,496,1cfd083f,8,   6.093807,0.81363997,2.26613670,   0.00000,0
1592848164.228026,497,18feee3f,8,   0.000000,0.00000000,0.00000000,  80.40625,0
1592848195.688656,500,1cfd083f,8,   6.093807,0.81363997,2.26613670,   0.00000,0
1592848195.689228,501,18feee3f,8,   0.000000,0.00000000,0.00000000,  80.40625,0
1592848227.149891,504,1cfd083f,8,   6.093807,0.81376206,2.26747949,   0.00000,0
1592848227.150460,505,18feee3f,8,   0.000000,0.00000000,0.00000000,  80.40625,0
1592848258.611106,508,1cfd083f,8,   6.093807,0.81376206,2.26747949,   0.00000,0
1592848258.611659,509,18feee3f,8,   0.000000,0.00000000,0.00000000,  80.43750,0
1592848290.072317,512,1cfd083f,8,   6.093807,0.81376206,2.26747949,   0.00000,0
1592848290.072912,513,18feee3f,8,   0.000000,0.00000000,0.00000000,  80.43750,0
1592848321.533564,516,1cfd083f,8,   6.093807,0.81376206,2.26747949,   0.00000,0
1592848321.534116,517,18feee3f,8,   0.000000,0.00000000,0.00000000,  80.43750,0
1592848352.996347,520,1cfd083f,8,   6.109432,0.81428095,2.26625878,   0.00000,0
1592848352.996897,521,18feee3f,8,   0.000000,0.00000000,0.00000000,  80.37500,0
1592848384.456005,524,1cfd083f,8,   6.109432,0.81428095,2.26625878,   0.00000,0
1592848384.456567,525,18feee3f,8,   0.000000,0.00000000,0.00000000,  80.37500,0
1592848415.917231,528,1cfd083f,8,   6.109432,0.81428095,2.26625878,   0.00000,0
1592848415.917773,529,18feee3f,8,   0.000000,0.00000000,0.00000000,  80.37500,0
1592848447.378433,532,1cfd083f,8,   6.109432,0.81428095,2.26625878,   0.00000,0
1592848447.379012,533,18feee3f,8,   0.000000,0.00000000,0.00000000,  80.37500,0
1592848478.841628,536,1cfd083f,8,   6.093807,0.81385363,2.26613670,   0.00000,0
1592848478.842172,537,18feee3f,8,   0.000000,0.00000000,0.00000000,  80.21875,0
1592848510.300859,540,1cfd083f,8,   6.093807,0.81385363,2.26613670,   0.00000,0
1592848510.301455,541,18feee3f,8,   0.000000,0.00000000,0.00000000,  80.21875,0
1592848541.762070,544,1cfd083f,8,   6.093807,0.81385363,2.26613670,   0.00000,0
1592848541.762656,545,18feee3f,8,   0.000000,0.00000000,0.00000000,  80.21875,0
1592848573.223325,548,1cfd083f,8,   6.109432,0.81425043,2.26589256,   0.00000,0
1592848573.223891,549,18feee3f,8,   0.000000,0.00000000,0.00000000,  80.12500,0
1592848604.684535,552,1cfd083f,8,   6.109432,0.81425043,2.26589256,   0.00000,0
1592848604.685136,553,18feee3f,8,   0.000000,0.00000000,0.00000000,  80.12500,0
1592848636.145749,556,1cfd083f,8,   6.109432,0.81425043,2.26589256,   0.00000,0
1592848636.146331,557,18feee3f,8,   0.000000,0.00000000,0.00000000,  80.12500,0
1592848667.606953,560,1cfd083f,8,   6.109432,0.81437252,2.26674706,   0.00000,0
1592848667.607528,561,18feee3f,8,   0.000000,0.00000000,0.00000000,  79.96875,0
1592848699.068194,564,1cfd083f,8,   6.109432,0.81437252,2.26674706,   0.00000,0
1592848699.068776,565,18feee3f,8,   0.000000,0.00000000,0.00000000,  79.93750,0
1592848730.529425,568,1cfd083f,8,   6.109432,0.81437252,2.26674706,   0.00000,0
1592848730.529998,569,18feee3f,8,   0.000000,0.00000000,0.00000000,  79.93750,0
1592848761.990640,572,1cfd083f,8,   6.140683,0.81391468,2.26772363,   0.00000,0
1592848761.991190,573,18feee3f,8,   0.000000,0.00000000,0.00000000,  79.87500,0
1592848793.451824,576,1cfd083f,8,   6.140683,0.81391468,2.26772363,   0.00000,0
1592848793.452433,577,18feee3f,8,   0.000000,0.00000000,0.00000000,  79.87500,0
1592848824.913065,580,1cfd083f,8,   6.140683,0.81391468,2.26772363,   0.00000,0
1592848824.913623,581,18feee3f,8,   0.000000,0.00000000,0.00000000,  79.87500,0
1592848856.374633,584,1cfd083f,8,   6.140683,0.81391468,2.26772363,   0.00000,0
1592848856.375225,585,18feee3f,8,   0.000000,0.00000000,0.00000000,  79.87500,0
1592848887.835505,588,1cfd083f,8,   6.140683,0.81409781,2.26784571,   0.00000,0
1592848887.836064,589,18feee3f,8,   0.000000,0.00000000,0.00000000,  79.84375,0
1592848919.296727,592,1cfd083f,8,   6.140683,0.81409781,2.26784571,   0.00000,0
1592848919.297277,593,18feee3f,8,   0.000000,0.00000000,0.00000000,  79.84375,0
1592848950.757948,596,1cfd083f,8,   6.140683,0.81409781,2.26784571,   0.00000,0
1592848950.758507,597,18feee3f,8,   0.000000,0.00000000,0.00000000,  79.84375,0
1592848982.219168,600,1cfd083f,8,   6.171933,0.81409781,2.26760156,   0.00000,0
1592848982.219751,601,18feee3f,8,   0.000000,0.00000000,0.00000000,  79.93750,0
1592849013.680358,604,1cfd083f,8,   6.171933,0.81409781,2.26760156,   0.00000,0
1592849013.680939,605,18feee3f,8,   0.000000,0.00000000,0.00000000,  79.93750,0
1592849045.141604,608,1cfd083f,8,   6.171933,0.81409781,2.26760156,   0.00000,0
1592849045.142157,609,18feee3f,8,   0.000000,0.00000000,0.00000000,  79.93750,0
1592849076.602828,612,1cfd083f,8,   6.171933,0.81409781,2.26760156,   0.00000,0
1592849076.603363,613,18feee3f,8,   0.000000,0.00000000,0.00000000,  79.93750,0
1592849108.064056,616,1cfd083f,8,   6.218808,0.81449461,2.26772363,   0.00000,0
1592849108.064614,617,18feee3f,8,   0.000000,0.00000000,0.00000000,  79.87500,0
1592849139.525249,620,1cfd083f,8,   6.218808,0.81449461,2.26772363,   0.00000,0
1592849139.525826,621,18feee3f,8,   0.000000,0.00000000,0.00000000,  79.87500,0
1592849170.986468,624,1cfd083f,8,   6.218808,0.81449461,2.26772363,   0.00000,0
1592849170.987009,625,18feee3f,8,   0.000000,0.00000000,0.00000000,  79.87500,0
1592849202.447674,628,1cfd083f,8,   6.171933,0.81415886,2.26821192,   0.00000,0
1592849202.448228,629,18feee3f,8,   0.000000,0.00000000,0.00000000,  79.87500,0
1592849233.908884,632,1cfd083f,8,   6.171933,0.81415886,2.26821192,   0.00000,0
1592849233.909462,633,18feee3f,8,   0.000000,0.00000000,0.00000000,  79.87500,0
1592849265.372055,636,1cfd083f,8,   6.171933,0.81415886,2.26821192,   0.00000,0
1592849265.372636,637,18feee3f,8,   0.000000,0.00000000,0.00000000,  79.87500,0
1592849296.831307,640,1cfd083f,8,   6.171933,0.81388415,2.26808985,   0.00000,0
1592849296.831883,641,18feee3f,8,   0.000000,0.00000000,0.00000000,  79.90625,0
1592849328.292520,644,1cfd083f,8,   6.171933,0.81388415,2.26808985,   0.00000,0
1592849328.293083,645,18feee3f,8,   0.000000,0.00000000,0.00000000,  79.90625,0
1592849359.755304,648,1cfd083f,8,   6.171933,0.81388415,2.26808985,   0.00000,0
1592849359.755864,649,18feee3f,8,   0.000000,0.00000000,0.00000000,  79.90625,0
1592849391.214935,652,1cfd083f,8,   6.171933,0.81370102,2.26735742,   0.00000,0
1592849391.215495,653,18feee3f,8,   0.000000,0.00000000,0.00000000,  79.93750,0
1592849422.676146,656,1cfd083f,8,   6.171933,0.81370102,2.26735742,   0.00000,0
1592849422.676743,657,18feee3f,8,   0.000000,0.00000000,0.00000000,  79.93750,0
1592849454.138550,660,1cfd083f,8,   6.171933,0.81370102,2.26735742,   0.00000,0
1592849454.139116,661,18feee3f,8,   0.000000,0.00000000,0.00000000,  79.93750,0
1592849485.598611,664,1cfd083f,8,   6.171933,0.81403677,2.26674706,   0.00000,0
1592849485.599148,665,18feee3f,8,   0.000000,0.00000000,0.00000000,  79.93750,0
1592849517.059793,668,1cfd083f,8,   6.171933,0.81403677,2.26674706,   0.00000,0
1592849517.060368,669,18feee3f,8,   0.000000,0.00000000,0.00000000,  79.93750,0
1592849548.521771,672,1cfd083f,8,   6.171933,0.81403677,2.26674706,   0.00000,0
1592849548.522344,673,18feee3f,8,   0.000000,0.00000000,0.00000000,  79.93750,0
1592849579.982220,676,1cfd083f,8,   6.171933,0.81403677,2.26674706,   0.00000,0
1592849579.982794,677,18feee3f,8,   0.000000,0.00000000,0.00000000,  79.93750,0
1592849611.443432,680,1cfd083f,8,   6.140683,0.81467774,2.26711328,   0.00000,0
1592849611.444073,681,18feee3f,8,   0.000000,0.00000000,0.00000000,  79.96875,0
1592849642.904995,684,1cfd083f,8,   6.140683,0.81467774,2.26711328,   0.00000,0
1592849642.905565,685,18feee3f,8,   0.000000,0.00000000,0.00000000,  79.96875,0
1592849674.365850,688,1cfd083f,8,   6.140683,0.81467774,2.26711328,   0.00000,0
1592849674.366439,689,18feee3f,8,   0.000000,0.00000000,0.00000000,  79.96875,0
1592849705.827044,692,1cfd083f,8,   6.140683,0.81440304,2.26821192,   0.00000,0
1592849705.827639,693,18feee3f,8,   0.000000,0.00000000,0.00000000,  79.93750,0
1592849737.288299,696,1cfd083f,8,   6.140683,0.81440304,2.26821192,   0.00000,0
1592849737.288849,697,18feee3f,8,   0.000000,0.00000000,0.00000000,  79.93750,0
1592849768.749657,700,1cfd083f,8,   6.140683,0.81440304,2.26821192,   0.00000,0
1592849768.750215,701,18feee3f,8,   0.000000,0.00000000,0.00000000,  79.93750,0
1592849800.211025,704,1cfd083f,8,   6.140683,0.81412834,2.26735742,   0.00000,0
1592849800.211617,705,18feee3f,8,   0.000000,0.00000000,0.00000000,  79.90625,0
1592849831.672392,708,1cfd083f,8,   6.140683,0.81412834,2.26735742,   0.00000,0
1592849831.672991,709,18feee3f,8,   0.000000,0.00000000,0.00000000,  79.90625,0
1592849863.133793,712,1cfd083f,8,   6.140683,0.81412834,2.26735742,   0.00000,0
1592849863.134347,713,18feee3f,8,   0.000000,0.00000000,0.00000000,  79.90625,0
1592849894.595144,716,1cfd083f,8,   6.140683,0.81412834,2.26735742,   0.00000,0
1592849894.595699,717,18feee3f,8,   0.000000,0.00000000,0.00000000,  79.90625,0
1592849926.056510,720,1cfd083f,8,   6.156308,0.81360945,2.26723535,   0.00000,0
1592849926.057067,721,18feee3f,8,   0.000000,0.00000000,0.00000000,  79.84375,0
1592849957.517826,724,1cfd083f,8,   6.156308,0.81360945,2.26723535,   0.00000,0
1592849957.518427,725,18feee3f,8,   0.000000,0.00000000,0.00000000,  79.84375,0
1592849988.979203,728,1cfd083f,8,   6.156308,0.81360945,2.26723535,   0.00000,0
1592849988.979767,729,18feee3f,8,   0.000000,0.00000000,0.00000000,  79.84375,0
1592850020.440544,732,1cfd083f,8,   6.171933,0.81391468,2.26699120,   0.00000,0
1592850020.441103,733,18feee3f,8,   0.000000,0.00000000,0.00000000,  79.78125,0
1592850051.903829,736,1cfd083f,8,   6.171933,0.81391468,2.26699120,   0.00000,0
1592850051.904402,737,18feee3f,8,   0.000000,0.00000000,0.00000000,  79.78125,0
1592850083.363168,740,1cfd083f,8,   6.171933,0.81391468,2.26699120,   0.00000,0
1592850083.363753,741,18feee3f,8,   0.000000,0.00000000,0.00000000,  79.78125,0
1592850114.825256,744,1cfd083f,8,   6.171933,0.81379259,2.26711328,   0.00000,0
1592850114.825835,745,18feee3f,8,   0.000000,0.00000000,0.00000000,  79.87500,0
1592850146.287405,748,1cfd083f,8,   6.171933,0.81379259,2.26711328,   0.00000,0
1592850146.287956,749,18feee3f,8,   0.000000,0.00000000,0.00000000,  79.84375,0
1592850177.747113,752,1cfd083f,8,   6.171933,0.81379259,2.26711328,   0.00000,0
1592850177.747692,753,18feee3f,8,   0.000000,0.00000000,0.00000000,  79.84375,0
1592850209.208812,756,1cfd083f,8,   6.218808,0.81388415,2.26833399,   0.00000,0
1592850209.209414,757,18feee3f,8,   0.000000,0.00000000,0.00000000,  79.93750,0
1592850240.670896,760,1cfd083f,8,   6.218808,0.81388415,2.26833399,   0.00000,0
1592850240.671449,761,18feee3f,8,   0.000000,0.00000000,0.00000000,  79.93750,0
1592850272.131020,764,1cfd083f,8,   6.218808,0.81388415,2.26833399,   0.00000,0
1592850272.131597,765,18feee3f,8,   0.000000,0.00000000,0.00000000,  79.93750,0
1592850303.592344,768,1cfd083f,8,   6.140683,0.81391468,2.26796778,   0.00000,0
1592850303.592928,769,18feee3f,8,   0.000000,0.00000000,0.00000000,  80.00000,0
1592850335.054386,772,1cfd083f,8,   6.140683,0.81391468,2.26796778,   0.00000,0
1592850335.054955,773,18feee3f,8,   0.000000,0.00000000,0.00000000,  80.00000,0
1592850366.514905,776,1cfd083f,8,   6.140683,0.81391468,2.26796778,   0.00000,0
1592850366.515490,777,18feee3f,8,   0.000000,0.00000000,0.00000000,  80.00000,0
1592850397.976197,780,1cfd083f,8,   6.140683,0.81391468,2.26796778,   0.00000,0
1592850397.976792,781,18feee3f,8,   0.000000,0.00000000,0.00000000,  80.00000,0
1592850429.437862,784,1cfd083f,8,   6.140683,0.81440304,2.26650292,   0.00000,0
1592850429.438433,785,18feee3f,8,   0.000000,0.00000000,0.00000000,  79.96875,0
1592850460.898782,788,1cfd083f,8,   6.140683,0.81440304,2.26650292,   0.00000,0
1592850460.899364,789,18feee3f,8,   0.000000,0.00000000,0.00000000,  79.96875,0
1592850492.360046,792,1cfd083f,8,   6.140683,0.81440304,2.26650292,   0.00000,0
1592850492.360625,793,18feee3f,8,   0.000000,0.00000000,0.00000000,  79.96875,0
1592850523.821343,796,1cfd083f,8,   6.156308,0.81461670,2.26723535,   0.00000,0
1592850523.821915,797,18feee3f,8,   0.000000,0.00000000,0.00000000,  79.96875,0
1592850555.282608,800,1cfd083f,8,   6.156308,0.81461670,2.26723535,   0.00000,0
1592850555.283190,801,18feee3f,8,   0.000000,0.00000000,0.00000000,  79.96875,0
1592850586.743875,804,1cfd083f,8,   6.156308,0.81461670,2.26723535,   0.00000,0
1592850586.744451,805,18feee3f,8,   0.000000,0.00000000,0.00000000,  79.96875,0
1592850618.207102,808,1cfd083f,8,   6.125057,0.81425043,2.26784571,   0.00000,0
1592850618.207684,809,18feee3f,8,   0.000000,0.00000000,0.00000000,  80.00000,0
1592850649.666426,812,1cfd083f,8,   6.125057,0.81425043,2.26784571,   0.00000,0
1592850649.666995,813,18feee3f,8,   0.000000,0.00000000,0.00000000,  79.96875,0
1592850681.127670,816,1cfd083f,8,   6.125057,0.81425043,2.26784571,   0.00000,0
1592850681.128244,817,18feee3f,8,   0.000000,0.00000000,0.00000000,  79.96875,0
1592850712.590521,820,1cfd083f,8,   6.140683,0.81415886,2.26760156,   0.00000,0
1592850712.591081,821,18feee3f,8,   0.000000,0.00000000,0.00000000,  80.06250,0
1592850744.050226,824,1cfd083f,8,   6.140683,0.81415886,2.26760156,   0.00000,0
1592850744.050778,825,18feee3f,8,   0.000000,0.00000000,0.00000000,  80.06250,0
1592850775.511492,828,1cfd083f,8,   6.140683,0.81415886,2.26760156,   0.00000,0
1592850775.512040,829,18feee3f,8,   0.000000,0.00000000,0.00000000,  80.06250,0
1592850806.972760,832,1cfd083f,8,   6.125057,0.81455565,2.26699120,   0.00000,0
1592850806.973317,833,18feee3f,8,   0.000000,0.00000000,0.00000000,  80.06250,0
1592850838.435971,836,1cfd083f,8,   6.125057,0.81455565,2.26699120,   0.00000,0
1592850838.436526,837,18feee3f,8,   0.000000,0.00000000,0.00000000,  80.09375,0
1592850869.895273,840,1cfd083f,8,   6.125057,0.81455565,2.26699120,   0.00000,0
1592850869.895826,841,18feee3f,8,   0.000000,0.00000000,0.00000000,  80.09375,0
1592850901.356527,844,1cfd083f,8,   6.125057,0.81455565,2.26699120,   0.00000,0
1592850901.357084,845,18feee3f,8,   0.000000,0.00000000,0.00000000,  80.09375,0
1592850932.817790,848,1cfd083f,8,   6.156308,0.81342632,2.26723535,   0.00000,0
1592850932.818341,849,18feee3f,8,   0.000000,0.00000000,0.00000000,  80.06250,0
1592850964.279037,852,1cfd083f,8,   6.156308,0.81342632,2.26723535,   0.00000,0
1592850964.279592,853,18feee3f,8,   0.000000,0.00000000,0.00000000,  80.06250,0
1592850995.740300,856,1cfd083f,8,   6.156308,0.81342632,2.26723535,   0.00000,0
1592850995.740846,857,18feee3f,8,   0.000000,0.00000000,0.00000000,  80.06250,0
1592851027.201569,860,1cfd083f,8,   6.203183,0.81348736,2.26662499,   0.00000,0
1592851027.202118,861,18feee3f,8,   0.000000,0.00000000,0.00000000,  80.03125,0
1592851058.662798,864,1cfd083f,8,   6.203183,0.81348736,2.26662499,   0.00000,0
1592851058.663376,865,18feee3f,8,   0.000000,0.00000000,0.00000000,  80.06250,0
1592851090.124037,868,1cfd083f,8,   6.203183,0.81348736,2.26662499,   0.00000,0
1592851090.124632,869,18feee3f,8,   0.000000,0.00000000,0.00000000,  80.06250,0
1592851121.586048,872,1cfd083f,8,   6.125057,0.81415886,2.26870021,   0.00000,0
1592851121.586632,873,18feee3f,8,   0.000000,0.00000000,0.00000000,  79.96875,0
1592851153.046547,876,1cfd083f,8,   6.125057,0.81415886,2.26870021,   0.00000,0
1592851153.047163,877,18feee3f,8,   0.000000,0.00000000,0.00000000,  79.96875,0
1592851184.507773,880,1cfd083f,8,   6.125057,0.81415886,2.26870021,   0.00000,0
1592851184.508354,881,18feee3f,8,   0.000000,0.00000000,0.00000000,  79.96875,0
1592851215.969032,884,1cfd083f,8,   6.156308,0.81428095,2.26723535,   0.00000,0
1592851215.969597,885,18feee3f,8,   0.000000,0.00000000,0.00000000,  79.90625,0
1592851247.430263,888,1cfd083f,8,   6.156308,0.81428095,2.26723535,   0.00000,0
1592851247.430839,889,18feee3f,8,   0.000000,0.00000000,0.00000000,  79.93750,0
1592851278.891514,892,1cfd083f,8,   6.156308,0.81428095,2.26723535,   0.00000,0
1592851278.892071,893,18feee3f,8,   0.000000,0.00000000,0.00000000,  79.93750,0
1592851310.352755,896,1cfd083f,8,   6.156308,0.81428095,2.26723535,   0.00000,0
1592851310.353304,897,18feee3f,8,   0.000000,0.00000000,0.00000000,  79.93750,0
1592851341.813988,900,1cfd083f,8,   6.171933,0.81437252,2.26760156,   0.00000,0
1592851341.814566,901,18feee3f,8,   0.000000,0.00000000,0.00000000,  80.00000,0
1592851373.275236,904,1cfd083f,8,   6.171933,0.81437252,2.26760156,   0.00000,0
1592851373.275807,905,18feee3f,8,   0.000000,0.00000000,0.00000000,  79.93750,0
1592851404.736472,908,1cfd083f,8,   6.171933,0.81437252,2.26760156,   0.00000,0
1592851404.737054,909,18feee3f,8,   0.000000,0.00000000,0.00000000,  79.93750,0
1592851436.197733,912,1cfd083f,8,   6.171933,0.81437252,2.26760156,   0.00000,0
1592851436.198283,913,18feee3f,8,   0.000000,0.00000000,0.00000000,  79.93750,0
