timestamp,count,id,dlc,Viscosity (cp),Density (gm/cc),Dielectric constant (-),Temperature (C), Status
1593018284.884054,0,1cfd083f,8,  16.984534,0.82786349,2.44985442,   0.00000,0
1593018284.884466,1,18feee3f,8,   0.000000,0.00000000,0.00000000, 104.46875,0
1593018316.343462,4,1cfd083f,8,  16.984534,0.82786349,2.44985442,   0.00000,0
1593018316.344028,5,18feee3f,8,   0.000000,0.00000000,0.00000000, 104.90625,0
1593018347.804573,8,1cfd083f,8,  16.984534,0.82786349,2.44985442,   0.00000,0
1593018347.805167,9,18feee3f,8,   0.000000,0.00000000,0.00000000, 104.90625,0
1593018379.265738,12,1cfd083f,8,  16.984534,0.82786349,2.44985442,   0.00000,0
1593018379.266288,13,18feee3f,8,   0.000000,0.00000000,0.00000000, 104.90625,0
1593018410.728870,16,1cfd083f,8,  16.984534,0.82786349,2.44985442,   0.00000,0
1593018410.729435,17,18feee3f,8,   0.000000,0.00000000,0.00000000, 104.90625,0
1593018442.188121,20,1cfd083f,8,  11.531358,0.81702798,2.42568425,   0.00000,0
1593018442.188666,21,18feee3f,8,   0.000000,0.00000000,0.00000000, 107.62500,0
1593018473.649303,24,1cfd083f,8,  11.531358,0.81702798,2.42568425,   0.00000,0
1593018473.649865,25,18feee3f,8,   0.000000,0.00000000,0.00000000, 107.62500,0
1593018505.112075,28,1cfd083f,8,  11.531358,0.81702798,2.42568425,   0.00000,0
1593018505.112676,29,18feee3f,8,   0.000000,0.00000000,0.00000000, 107.62500,0
1593018536.571723,32,1cfd083f,8,   9.453214,0.81174758,2.40566451,   0.00000,0
1593018536.572326,33,18feee3f,8,   0.000000,0.00000000,0.00000000, 106.25000,0
1593018568.032948,36,1cfd083f,8,   9.453214,0.81174758,2.40566451,   0.00000,0
1593018568.033540,37,18feee3f,8,   0.000000,0.00000000,0.00000000, 106.03125,0
1593018599.495381,40,1cfd083f,8,   9.453214,0.81174758,2.40566451,   0.00000,0
1593018599.495947,41,18feee3f,8,   0.000000,0.00000000,0.00000000, 106.03125,0
1593018630.955479,44,1cfd083f,8,   9.453214,0.81174758,2.40566451,   0.00000,0
1593018630.956032,45,18feee3f,8,   0.000000,0.00000000,0.00000000, 106.03125,0
1593018662.416758,48,1cfd083f,8,   9.093835,0.80958047,2.38955107,   0.00000,0
1593018662.417330,49,18feee3f,8,   0.000000,0.00000000,0.00000000,-249.50000,0
1593018693.878776,52,1cfd083f,8,   9.093835,0.80958047,2.38955107,   0.00000,0
1593018693.879327,53,18feee3f,8,   0.000000,0.00000000,0.00000000, 102.90625,0
1593018725.339251,56,1cfd083f,8,   9.093835,0.80958047,2.38955107,   0.00000,0
1593018725.339850,57,18feee3f,8,   0.000000,0.00000000,0.00000000, 102.90625,0
1593018756.800517,60,1cfd083f,8,   9.546965,0.80997727,2.38173848,   0.00000,0
1593018756.801113,61,18feee3f,8,   0.000000,0.00000000,0.00000000,  99.62500,0
1593018788.262128,64,1cfd083f,8,   9.546965,0.80997727,2.38173848,   0.00000,0
1593018788.262731,65,18feee3f,8,   0.000000,0.00000000,0.00000000,  99.37500,0
1593018819.723050,68,1cfd083f,8,   9.546965,0.80997727,2.38173848,   0.00000,0
1593018819.723601,69,18feee3f,8,   0.000000,0.00000000,0.00000000,  99.37500,0
1593018851.184286,72,1cfd083f,8,   9.546965,0.80997727,2.38173848,   0.00000,0
1593018851.184854,73,18feee3f,8,   0.000000,0.00000000,0.00000000,  99.37500,0
1593018882.645552,76,1cfd083f,8,  10.171970,0.81315161,2.38173848,   0.00000,0
1593018882.646121,77,18feee3f,8,   0.000000,0.00000000,0.00000000,  96.18750,0
1593018914.106809,80,1cfd083f,8,  10.171970,0.81315161,2.38173848,   0.00000,0
1593018914.107367,81,18feee3f,8,   0.000000,0.00000000,0.00000000,  96.18750,0
1593018945.568059,84,1cfd083f,8,  10.171970,0.81315161,2.38173848,   0.00000,0
1593018945.568635,85,18feee3f,8,   0.000000,0.00000000,0.00000000,  96.18750,0
1593018977.031268,88,1cfd083f,8,  11.062604,0.81553237,2.38173848,   0.00000,0
1593018977.031867,89,18feee3f,8,   0.000000,0.00000000,0.00000000,  94.59375,0
1593019008.490553,92,1cfd083f,8,  11.062604,0.81553237,2.38173848,   0.00000,0
1593019008.491151,93,18feee3f,8,   0.000000,0.00000000,0.00000000,  94.59375,0
1593019039.951823,96,1cfd083f,8,  11.062604,0.81553237,2.38173848,   0.00000,0
1593019039.952399,97,18feee3f,8,   0.000000,0.00000000,0.00000000,  94.59375,0
1593019071.413084,100,1cfd083f,8,  11.062604,0.81553237,2.38173848,   0.00000,0
1593019071.413647,101,18feee3f,8,   0.000000,0.00000000,0.00000000,  94.59375,0
1593019102.874305,104,1cfd083f,8,  11.968862,0.81733320,2.38503442,   0.00000,0
1593019102.874896,105,18feee3f,8,   0.000000,0.00000000,0.00000000,-249.68750,0
1593019134.335574,108,1cfd083f,8,  11.968862,0.81733320,2.38503442,   0.00000,0
1593019134.336129,109,18feee3f,8,   0.000000,0.00000000,0.00000000,-249.68750,0
1593019165.796800,112,1cfd083f,8,  11.968862,0.81733320,2.38503442,   0.00000,0
1593019165.797376,113,18feee3f,8,   0.000000,0.00000000,0.00000000,-249.68750,0
1593019197.258066,116,1cfd083f,8,  12.468867,0.81800470,2.38845242,   0.00000,0
1593019197.258628,117,18feee3f,8,   0.000000,0.00000000,0.00000000,  97.18750,0
1593019228.719314,120,1cfd083f,8,  12.468867,0.81800470,2.38845242,   0.00000,0
1593019228.719913,121,18feee3f,8,   0.000000,0.00000000,0.00000000,  97.25000,0
1593019260.180590,124,1cfd083f,8,  12.468867,0.81800470,2.38845242,   0.00000,0
1593019260.181149,125,18feee3f,8,   0.000000,0.00000000,0.00000000,  97.25000,0
1593019291.643365,128,1cfd083f,8,  12.468867,0.81800470,2.38845242,   0.00000,0
1593019291.643945,129,18feee3f,8,   0.000000,0.00000000,0.00000000,  97.25000,0
1593019323.103069,132,1cfd083f,8,   0.828133,0.81916456,2.38906278,   0.00000,0
1593019323.103649,133,18feee3f,8,   0.000000,0.00000000,0.00000000,  98.96875,0
1593019354.564322,136,1cfd083f,8,   0.828133,0.81916456,2.38906278,   0.00000,0
1593019354.564874,137,18feee3f,8,   0.000000,0.00000000,0.00000000,  98.96875,0
1593019386.026719,140,1cfd083f,8,   0.828133,0.81916456,2.38906278,   0.00000,0
1593019386.027312,141,18feee3f,8,   0.000000,0.00000000,0.00000000,  98.96875,0
1593019417.486782,144,1cfd083f,8,  11.687610,0.81528819,2.38869656,   0.00000,0
1593019417.487361,145,18feee3f,8,   0.000000,0.00000000,0.00000000,  99.53125,0
1593019448.948044,148,1cfd083f,8,  11.687610,0.81528819,2.38869656,   0.00000,0
1593019448.948631,149,18feee3f,8,   0.000000,0.00000000,0.00000000,  99.53125,0
1593019480.410047,152,1cfd083f,8,  11.687610,0.81528819,2.38869656,   0.00000,0
1593019480.410608,153,18feee3f,8,   0.000000,0.00000000,0.00000000,  99.53125,0
1593019511.870524,156,1cfd083f,8,  11.687610,0.81528819,2.38869656,   0.00000,0
1593019511.871081,157,18feee3f,8,   0.000000,0.00000000,0.00000000,  99.53125,0
1593019543.331774,160,1cfd083f,8,  11.156355,0.81550185,2.38601099,   0.00000,0
1593019543.332329,161,18feee3f,8,   0.000000,0.00000000,0.00000000,  99.40625,0
1593019574.793378,164,1cfd083f,8,  11.156355,0.81550185,2.38601099,   0.00000,0
1593019574.793936,165,18feee3f,8,   0.000000,0.00000000,0.00000000,  99.40625,0
1593019606.254258,168,1cfd083f,8,  11.156355,0.81550185,2.38601099,   0.00000,0
1593019606.254817,169,18feee3f,8,   0.000000,0.00000000,0.00000000,  99.40625,0
1593019637.715491,172,1cfd083f,8,  11.031353,0.81544081,2.38503442,   0.00000,0
1593019637.716065,173,18feee3f,8,   0.000000,0.00000000,0.00000000,  98.90625,0
1593019669.176770,176,1cfd083f,8,  11.031353,0.81544081,2.38503442,   0.00000,0
1593019669.177307,177,18feee3f,8,   0.000000,0.00000000,0.00000000,  98.90625,0
1593019700.637964,180,1cfd083f,8,  11.031353,0.81544081,2.38503442,   0.00000,0
1593019700.638543,181,18feee3f,8,   0.000000,0.00000000,0.00000000,  98.90625,0
1593019732.099241,184,1cfd083f,8,  11.140729,0.81495244,2.37441419,   0.00000,0
1593019732.099780,185,18feee3f,8,   0.000000,0.00000000,0.00000000,  98.62500,0
1593019763.560477,188,1cfd083f,8,  11.140729,0.81495244,2.37441419,   0.00000,0
1593019763.561052,189,18feee3f,8,   0.000000,0.00000000,0.00000000,  98.62500,0
1593019795.021720,192,1cfd083f,8,  11.140729,0.81495244,2.37441419,   0.00000,0
1593019795.022267,193,18feee3f,8,   0.000000,0.00000000,0.00000000,  98.62500,0
1593019826.482936,196,1cfd083f,8,  11.234480,0.81562394,2.37490248,   0.00000,0
1593019826.483520,197,18feee3f,8,   0.000000,0.00000000,0.00000000,  98.78125,0
1593019857.944201,200,1cfd083f,8,  11.234480,0.81562394,2.37490248,   0.00000,0
1593019857.944761,201,18feee3f,8,   0.000000,0.00000000,0.00000000,  98.81250,0
1593019889.405418,204,1cfd083f,8,  11.234480,0.81562394,2.37490248,   0.00000,0
1593019889.406012,205,18feee3f,8,   0.000000,0.00000000,0.00000000,  98.81250,0
1593019920.866689,208,1cfd083f,8,  11.234480,0.81562394,2.37490248,   0.00000,0
1593019920.867241,209,18feee3f,8,   0.000000,0.00000000,0.00000000,  98.81250,0
1593019952.327900,212,1cfd083f,8,  11.203230,0.81681432,0.14929354,   0.00000,0
1593019952.328499,213,18feee3f,8,   0.000000,0.00000000,0.00000000,  99.34375,0
1593019983.791114,216,1cfd083f,8,  11.203230,0.81681432,0.14929354,   0.00000,0
1593019983.791670,217,18feee3f,8,   0.000000,0.00000000,0.00000000,  99.34375,0
1593020015.250398,220,1cfd083f,8,  11.187605,0.81614282,0.14917146,   0.00000,0
1593020015.250959,221,18feee3f,8,   0.000000,0.00000000,0.00000000,  99.78125,0
1593020046.711631,224,1cfd083f,8,  11.187605,0.81614282,0.14917146,   0.00000,0
1593020046.712187,225,18feee3f,8,   0.000000,0.00000000,0.00000000,  99.87500,0
1593020078.174442,228,1cfd083f,8,  11.187605,0.81614282,0.14917146,   0.00000,0
1593020078.174997,229,18feee3f,8,   0.000000,0.00000000,0.00000000,  99.87500,0
1593020109.634098,232,1cfd083f,8,  11.187605,0.81614282,0.14917146,   0.00000,0
1593020109.634655,233,18feee3f,8,   0.000000,0.00000000,0.00000000,  99.87500,0
1593020141.095723,236,1cfd083f,8,  11.125104,0.81513558,2.37404798,   0.00000,0
1593020141.096282,237,18feee3f,8,   0.000000,0.00000000,0.00000000, 100.43750,0
1593020172.557763,240,1cfd083f,8,  11.125104,0.81513558,2.37404798,   0.00000,0
1593020172.558323,241,18feee3f,8,   0.000000,0.00000000,0.00000000, 100.43750,0
1593020204.017838,244,1cfd083f,8,  11.125104,0.81513558,2.37404798,   0.00000,0
1593020204.018398,245,18feee3f,8,   0.000000,0.00000000,0.00000000, 100.43750,0
1593020235.479073,248,1cfd083f,8,  11.125104,0.81513558,2.37404798,   0.00000,0
1593020235.479628,249,18feee3f,8,   0.000000,0.00000000,0.00000000, 100.43750,0
1593020266.940274,252,1cfd083f,8,  10.921977,0.81577655,2.37392590,   0.00000,0
1593020266.940854,253,18feee3f,8,   0.000000,0.00000000,0.00000000, 100.56250,0
1593020298.401515,256,1cfd083f,8,  10.921977,0.81577655,2.37392590,   0.00000,0
1593020298.402109,257,18feee3f,8,   0.000000,0.00000000,0.00000000, 100.56250,0
1593020329.862751,260,1cfd083f,8,  10.921977,0.81577655,2.37392590,   0.00000,0
1593020329.863349,261,18feee3f,8,   0.000000,0.00000000,0.00000000, 100.56250,0
1593020361.324021,264,1cfd083f,8,  10.812601,0.81452513,2.37368176,   0.00000,0
1593020361.324572,265,18feee3f,8,   0.000000,0.00000000,0.00000000, 100.34375,0
1593020392.785257,268,1cfd083f,8,  10.812601,0.81452513,2.37368176,   0.00000,0
1593020392.785815,269,18feee3f,8,   0.000000,0.00000000,0.00000000, 100.34375,0
1593020424.246495,272,1cfd083f,8,  10.812601,0.81452513,2.37368176,   0.00000,0
1593020424.247056,273,18feee3f,8,   0.000000,0.00000000,0.00000000, 100.34375,0
1593020455.707695,276,1cfd083f,8,  10.812601,0.81452513,2.37368176,   0.00000,0
1593020455.708267,277,18feee3f,8,   0.000000,0.00000000,0.00000000, 100.34375,0
1593020487.168956,280,1cfd083f,8,  10.843852,0.81534924,2.37124033,   0.00000,0
1593020487.169529,281,18feee3f,8,   0.000000,0.00000000,0.00000000, 100.31250,0
1593020518.630173,284,1cfd083f,8,  10.843852,0.81534924,2.37124033,   0.00000,0
1593020518.630754,285,18feee3f,8,   0.000000,0.00000000,0.00000000, 100.31250,0
1593020550.091401,288,1cfd083f,8,  10.843852,0.81534924,2.37124033,   0.00000,0
1593020550.091969,289,18feee3f,8,   0.000000,0.00000000,0.00000000, 100.31250,0
1593020581.552677,292,1cfd083f,8,  10.953228,0.81397572,2.37929705,   0.00000,0
1593020581.553238,293,18feee3f,8,   0.000000,0.00000000,0.00000000, 100.21875,0
1593020613.013907,296,1cfd083f,8,  10.953228,0.81397572,2.37929705,   0.00000,0
1593020613.014469,297,18feee3f,8,   0.000000,0.00000000,0.00000000, 100.21875,0
1593020644.474981,300,1cfd083f,8,  10.953228,0.81397572,2.37929705,   0.00000,0
1593020644.475540,301,18feee3f,8,   0.000000,0.00000000,0.00000000, 100.21875,0
1593020675.935989,304,1cfd083f,8,  10.953228,0.81397572,2.37929705,   0.00000,0
1593020675.936547,305,18feee3f,8,   0.000000,0.00000000,0.00000000, 100.21875,0
1593020707.396995,308,1cfd083f,8,  10.953228,0.81409781,2.37954120,   0.00000,0
1593020707.397557,309,18feee3f,8,   0.000000,0.00000000,0.00000000, 100.37500,0
1593020738.858027,312,1cfd083f,8,  10.953228,0.81409781,2.37954120,   0.00000,0
1593020738.858572,313,18feee3f,8,   0.000000,0.00000000,0.00000000, 100.37500,0
1593020770.321028,316,1cfd083f,8,  10.953228,0.81409781,2.37954120,   0.00000,0
1593020770.321569,317,18feee3f,8,   0.000000,0.00000000,0.00000000, 100.37500,0
1593020801.780082,320,1cfd083f,8,  10.968853,0.81388415,2.37929705,   0.00000,0
1593020801.780677,321,18feee3f,8,   0.000000,0.00000000,0.00000000, 100.68750,0
1593020833.241168,324,1cfd083f,8,  10.968853,0.81388415,2.37929705,   0.00000,0
1593020833.241727,325,18feee3f,8,   0.000000,0.00000000,0.00000000, 100.68750,0
1593020864.703766,328,1cfd083f,8,  10.968853,0.81388415,2.37929705,   0.00000,0
1593020864.704359,329,18feee3f,8,   0.000000,0.00000000,0.00000000, 100.68750,0
1593020896.163269,332,1cfd083f,8,  10.906352,0.81461670,2.38002948,   0.00000,0
1593020896.163833,333,18feee3f,8,   0.000000,0.00000000,0.00000000, 100.90625,0
1593020927.624364,336,1cfd083f,8,  10.906352,0.81461670,2.38002948,   0.00000,0
1593020927.624922,337,18feee3f,8,   0.000000,0.00000000,0.00000000, 100.90625,0
1593020959.086600,340,1cfd083f,8,  10.906352,0.81461670,2.38002948,   0.00000,0
1593020959.087163,341,18feee3f,8,   0.000000,0.00000000,0.00000000, 100.90625,0
1593020990.546518,344,1cfd083f,8,  10.875102,0.81348736,2.37844255,   0.00000,0
1593020990.547086,345,18feee3f,8,   0.000000,0.00000000,0.00000000, 100.96875,0
1593021022.007620,348,1cfd083f,8,  10.875102,0.81348736,2.37844255,   0.00000,0
1593021022.008183,349,18feee3f,8,   0.000000,0.00000000,0.00000000, 100.96875,0
1593021053.469510,352,1cfd083f,8,  10.875102,0.81348736,2.37844255,   0.00000,0
1593021053.470069,353,18feee3f,8,   0.000000,0.00000000,0.00000000, 100.96875,0
1593021084.929836,356,1cfd083f,8,  10.796976,0.81357893,2.37905291,   0.00000,0
1593021084.930395,357,18feee3f,8,   0.000000,0.00000000,0.00000000, 100.96875,0
1593021116.390941,360,1cfd083f,8,  10.796976,0.81357893,2.37905291,   0.00000,0
1593021116.391541,361,18feee3f,8,   0.000000,0.00000000,0.00000000, 100.96875,0
1593021147.852460,364,1cfd083f,8,  10.796976,0.81357893,2.37905291,   0.00000,0
1593021147.853032,365,18feee3f,8,   0.000000,0.00000000,0.00000000, 100.96875,0
1593021179.313188,368,1cfd083f,8,  10.703225,0.81516610,2.37844255,   0.00000,0
1593021179.313749,369,18feee3f,8,   0.000000,0.00000000,0.00000000, 100.87500,0
1593021210.774330,372,1cfd083f,8,  10.703225,0.81516610,2.37844255,   0.00000,0
1593021210.774888,373,18feee3f,8,   0.000000,0.00000000,0.00000000, 100.87500,0
1593021242.235456,376,1cfd083f,8,  10.703225,0.81516610,2.37844255,   0.00000,0
1593021242.236014,377,18feee3f,8,   0.000000,0.00000000,0.00000000, 100.87500,0
1593021273.696594,380,1cfd083f,8,  10.781351,0.81315161,2.37856462,   0.00000,0
1593021273.697178,381,18feee3f,8,   0.000000,0.00000000,0.00000000, 100.65625,0
1593021305.157736,384,1cfd083f,8,  10.781351,0.81315161,2.37856462,   0.00000,0
1593021305.158295,385,18feee3f,8,   0.000000,0.00000000,0.00000000, 100.65625,0
1593021336.618881,388,1cfd083f,8,  10.781351,0.81315161,2.37856462,   0.00000,0
1593021336.619438,389,18feee3f,8,   0.000000,0.00000000,0.00000000, 100.65625,0
1593021368.080015,392,1cfd083f,8,  10.781351,0.81315161,2.37856462,   0.00000,0
1593021368.080579,393,18feee3f,8,   0.000000,0.00000000,0.00000000, 100.65625,0
1593021399.541184,396,1cfd083f,8,  10.703225,0.81440304,2.37856462,   0.00000,0
1593021399.541743,397,18feee3f,8,   0.000000,0.00000000,0.00000000, 100.59375,0
1593021431.002322,400,1cfd083f,8,  10.703225,0.81440304,2.37856462,   0.00000,0
1593021431.002882,401,18feee3f,8,   0.000000,0.00000000,0.00000000, 100.59375,0
1593021462.463484,404,1cfd083f,8,  10.703225,0.81440304,2.37856462,   0.00000,0
1593021462.464047,405,18feee3f,8,   0.000000,0.00000000,0.00000000, 100.59375,0
1593021493.924665,408,1cfd083f,8,  10.765726,0.81421990,2.37880877,   0.00000,0
1593021493.925220,409,18feee3f,8,   0.000000,0.00000000,0.00000000, 100.87500,0
1593021525.385818,412,1cfd083f,8,  10.765726,0.81421990,2.37880877,   0.00000,0
1593021525.386365,413,18feee3f,8,   0.000000,0.00000000,0.00000000, 100.87500,0
1593021556.848949,416,1cfd083f,8,  10.765726,0.81421990,2.37880877,   0.00000,0
1593021556.849490,417,18feee3f,8,   0.000000,0.00000000,0.00000000, 100.87500,0
1593021588.308141,420,1cfd083f,8,  10.765726,0.81421990,2.37880877,   0.00000,0
1593021588.308681,421,18feee3f,8,   0.000000,0.00000000,0.00000000, 100.87500,0
1593021619.769271,424,1cfd083f,8,  10.765726,0.81483035,2.37868670,   0.00000,0
1593021619.769871,425,18feee3f,8,   0.000000,0.00000000,0.00000000, 101.18750,0
1593021651.232040,428,1cfd083f,8,  10.765726,0.81483035,2.37868670,   0.00000,0
1593021651.232604,429,18feee3f,8,   0.000000,0.00000000,0.00000000, 101.18750,0
1593021682.691614,432,1cfd083f,8,  10.765726,0.81483035,2.37868670,   0.00000,0
1593021682.692213,433,18feee3f,8,   0.000000,0.00000000,0.00000000, 101.18750,0
1593021714.152785,436,1cfd083f,8,  10.781351,0.81394520,2.37844255,   0.00000,0
1593021714.153360,437,18feee3f,8,   0.000000,0.00000000,0.00000000, 101.40625,0
1593021745.615149,440,1cfd083f,8,  10.781351,0.81394520,2.37844255,   0.00000,0
1593021745.615714,441,18feee3f,8,   0.000000,0.00000000,0.00000000, 101.40625,0
1593021777.075134,444,1cfd083f,8,  10.781351,0.81394520,2.37844255,   0.00000,0
1593021777.075734,445,18feee3f,8,   0.000000,0.00000000,0.00000000, 101.40625,0
1593021808.536327,448,1cfd083f,8,  10.781351,0.81394520,2.37844255,   0.00000,0
1593021808.536906,449,18feee3f,8,   0.000000,0.00000000,0.00000000, 101.40625,0
1593021839.998255,452,1cfd083f,8,  10.687600,0.81437252,2.37783219,   0.00000,0
1593021839.998832,453,18feee3f,8,   0.000000,0.00000000,0.00000000, 101.65625,0
1593021871.458701,456,1cfd083f,8,  10.687600,0.81437252,2.37783219,   0.00000,0
1593021871.459236,457,18feee3f,8,   0.000000,0.00000000,0.00000000, 101.65625,0
