timestamp,count,id,dlc,Viscosity (cp),Density (gm/cc),Dielectric constant (-),Temperature (C), Status
1591200064.089892,0,1cfd083f,8,   7.718822,0.81711955,2.16188758,   0.00000,0
1591200064.090275,1,18feee3f,8,   0.000000,0.00000000,0.00000000,  80.06250,0
1591200095.551044,4,1cfd083f,8,   7.718822,0.81711955,2.16188758,   0.00000,0
1591200095.551592,5,18feee3f,8,   0.000000,0.00000000,0.00000000,  80.06250,0
1591200127.012351,8,1cfd083f,8,   7.687572,0.81849306,2.16200965,   0.00000,0
1591200127.012922,9,18feee3f,8,   0.000000,0.00000000,0.00000000,  79.62500,0
1591200158.473679,12,1cfd083f,8,   7.687572,0.81849306,2.16200965,   0.00000,0
1591200158.474243,13,18feee3f,8,   0.000000,0.00000000,0.00000000,  79.59375,0
1591200189.934980,16,1cfd083f,8,   7.687572,0.81849306,2.16200965,   0.00000,0
1591200189.935545,17,18feee3f,8,   0.000000,0.00000000,0.00000000,  79.59375,0
1591200221.396656,20,1cfd083f,8,   7.687572,0.81849306,2.16200965,   0.00000,0
1591200221.397196,21,18feee3f,8,   0.000000,0.00000000,0.00000000,  79.59375,0
1591200252.857586,24,1cfd083f,8,   7.796948,0.81840149,2.16213172,   0.00000,0
1591200252.858167,25,18feee3f,8,   0.000000,0.00000000,0.00000000,-250.78125,0
1591200284.318900,28,1cfd083f,8,   7.796948,0.81840149,2.16213172,   0.00000,0
1591200284.319477,29,18feee3f,8,   0.000000,0.00000000,0.00000000,-250.78125,0
1591200315.780193,32,1cfd083f,8,   7.796948,0.81840149,2.16213172,   0.00000,0
1591200315.780791,33,18feee3f,8,   0.000000,0.00000000,0.00000000,-250.78125,0
1591200347.241513,36,1cfd083f,8,   7.796948,0.81840149,2.16213172,   0.00000,0
1591200347.242091,37,18feee3f,8,   0.000000,0.00000000,0.00000000,-250.78125,0
1591200378.702812,40,1cfd083f,8,   7.875074,0.81882881,2.16286415,   0.00000,0
1591200378.703395,41,18feee3f,8,   0.000000,0.00000000,0.00000000,-250.75000,0
1591200410.164131,44,1cfd083f,8,   7.875074,0.81882881,2.16286415,   0.00000,0
1591200410.164702,45,18feee3f,8,   0.000000,0.00000000,0.00000000,-250.75000,0
1591200441.625426,48,1cfd083f,8,   7.875074,0.81882881,2.16286415,   0.00000,0
1591200441.626019,49,18feee3f,8,   0.000000,0.00000000,0.00000000,-250.75000,0
1591200473.086743,52,1cfd083f,8,   7.906324,0.82008024,2.16469523,   0.00000,0
1591200473.087295,53,18feee3f,8,   0.000000,0.00000000,0.00000000,  79.56250,0
1591200504.548026,56,1cfd083f,8,   7.906324,0.82008024,2.16469523,   0.00000,0
1591200504.548622,57,18feee3f,8,   0.000000,0.00000000,0.00000000,  79.59375,0
1591200536.009335,60,1cfd083f,8,   7.906324,0.82008024,2.16469523,   0.00000,0
1591200536.009921,61,18feee3f,8,   0.000000,0.00000000,0.00000000,  79.59375,0
1591200567.470648,64,1cfd083f,8,   7.906324,0.81931717,2.16396280,   0.00000,0
1591200567.471227,65,18feee3f,8,   0.000000,0.00000000,0.00000000,  79.93750,0
1591200598.931944,68,1cfd083f,8,   7.906324,0.81931717,2.16396280,   0.00000,0
1591200598.932525,69,18feee3f,8,   0.000000,0.00000000,0.00000000,  80.00000,0
1591200630.395248,72,1cfd083f,8,   7.906324,0.81931717,2.16396280,   0.00000,0
1591200630.395792,73,18feee3f,8,   0.000000,0.00000000,0.00000000,  80.00000,0
1591200661.854596,76,1cfd083f,8,   7.906324,0.81931717,2.16396280,   0.00000,0
1591200661.855155,77,18feee3f,8,   0.000000,0.00000000,0.00000000,  80.00000,0
1591200693.315857,80,1cfd083f,8,   7.828198,0.81943926,2.16384072,   0.00000,0
1591200693.316448,81,18feee3f,8,   0.000000,0.00000000,0.00000000,  80.00000,0
1591200724.778763,84,1cfd083f,8,   7.828198,0.81943926,2.16384072,   0.00000,0
1591200724.779317,85,18feee3f,8,   0.000000,0.00000000,0.00000000,  80.00000,0
1591200756.238503,88,1cfd083f,8,   7.828198,0.81943926,2.16384072,   0.00000,0
1591200756.239059,89,18feee3f,8,   0.000000,0.00000000,0.00000000,  80.00000,0
1591200787.699815,92,1cfd083f,8,   7.750073,0.81901195,2.16335244,   0.00000,0
1591200787.700375,93,18feee3f,8,   0.000000,0.00000000,0.00000000,  80.28125,0
1591200819.162264,96,1cfd083f,8,   7.750073,0.81901195,2.16335244,   0.00000,0
1591200819.162846,97,18feee3f,8,   0.000000,0.00000000,0.00000000,  80.28125,0
1591200850.622415,100,1cfd083f,8,   7.750073,0.81901195,2.16335244,   0.00000,0
1591200850.622989,101,18feee3f,8,   0.000000,0.00000000,0.00000000,  80.28125,0
1591200882.083747,104,1cfd083f,8,   7.750073,0.81901195,2.16335244,   0.00000,0
1591200882.084295,105,18feee3f,8,   0.000000,0.00000000,0.00000000,  80.28125,0
1591200913.545794,108,1cfd083f,8,   7.687572,0.81934769,2.16152136,   0.00000,0
1591200913.546374,109,18feee3f,8,   0.000000,0.00000000,0.00000000,  80.18750,0
1591200945.006352,112,1cfd083f,8,   7.687572,0.81934769,2.16152136,   0.00000,0
1591200945.006930,113,18feee3f,8,   0.000000,0.00000000,0.00000000,  80.18750,0
1591200976.467652,116,1cfd083f,8,   7.687572,0.81934769,2.16152136,   0.00000,0
1591200976.468288,117,18feee3f,8,   0.000000,0.00000000,0.00000000,  80.18750,0
1591201007.929326,120,1cfd083f,8,   7.687572,0.81934769,2.16188758,   0.00000,0
1591201007.929917,121,18feee3f,8,   0.000000,0.00000000,0.00000000,  80.06250,0
1591201039.390288,124,1cfd083f,8,   7.687572,0.81934769,2.16188758,   0.00000,0
1591201039.390890,125,18feee3f,8,   0.000000,0.00000000,0.00000000,  80.06250,0
1591201070.851600,128,1cfd083f,8,   7.687572,0.81934769,2.16188758,   0.00000,0
1591201070.852169,129,18feee3f,8,   0.000000,0.00000000,0.00000000,  80.06250,0
1591201102.312907,132,1cfd083f,8,   7.781323,0.81754686,2.16274208,   0.00000,0
1591201102.313470,133,18feee3f,8,   0.000000,0.00000000,0.00000000,  79.93750,0
1591201133.774235,136,1cfd083f,8,   7.781323,0.81754686,2.16274208,   0.00000,0
1591201133.774782,137,18feee3f,8,   0.000000,0.00000000,0.00000000,  79.93750,0
1591201165.235534,140,1cfd083f,8,   7.781323,0.81754686,2.16274208,   0.00000,0
1591201165.236107,141,18feee3f,8,   0.000000,0.00000000,0.00000000,  79.93750,0
1591201196.698812,144,1cfd083f,8,   7.750073,0.81824888,2.16237587,   0.00000,0
1591201196.699382,145,18feee3f,8,   0.000000,0.00000000,0.00000000,  79.93750,0
1591201228.158246,148,1cfd083f,8,   7.750073,0.81824888,2.16237587,   0.00000,0
1591201228.158810,149,18feee3f,8,   0.000000,0.00000000,0.00000000,  79.93750,0
1591201259.619644,152,1cfd083f,8,   7.750073,0.81824888,2.16237587,   0.00000,0
1591201259.620228,153,18feee3f,8,   0.000000,0.00000000,0.00000000,  79.93750,0
1591201291.081016,156,1cfd083f,8,   7.750073,0.81824888,2.16237587,   0.00000,0
1591201291.081615,157,18feee3f,8,   0.000000,0.00000000,0.00000000,  79.93750,0
1591201322.542407,160,1cfd083f,8,   7.765698,0.81922560,2.16249794,   0.00000,0
1591201322.542986,161,18feee3f,8,   0.000000,0.00000000,0.00000000,  80.03125,0
1591201354.003814,164,1cfd083f,8,   7.765698,0.81922560,2.16249794,   0.00000,0
1591201354.004350,165,18feee3f,8,   0.000000,0.00000000,0.00000000,  80.09375,0
1591201385.465182,168,1cfd083f,8,   7.765698,0.81922560,2.16249794,   0.00000,0
1591201385.465756,169,18feee3f,8,   0.000000,0.00000000,0.00000000,  80.09375,0
1591201416.928530,172,1cfd083f,8,   7.765698,0.81922560,2.16249794,   0.00000,0
1591201416.929069,173,18feee3f,8,   0.000000,0.00000000,0.00000000,  80.09375,0
1591201448.387936,176,1cfd083f,8,   7.765698,0.81922560,2.16249794,   0.00000,0
1591201448.388479,177,18feee3f,8,   0.000000,0.00000000,0.00000000,  80.09375,0
1591201479.849277,180,1cfd083f,8,   7.765698,0.81943926,2.16335244,   0.00000,0
1591201479.849875,181,18feee3f,8,   0.000000,0.00000000,0.00000000,  80.28125,0
1591201511.312224,184,1cfd083f,8,   7.765698,0.81943926,2.16335244,   0.00000,0
1591201511.312797,185,18feee3f,8,   0.000000,0.00000000,0.00000000,  80.28125,0
1591201542.772027,188,1cfd083f,8,   7.765698,0.81943926,2.16335244,   0.00000,0
1591201542.772574,189,18feee3f,8,   0.000000,0.00000000,0.00000000,  80.28125,0
1591201574.233717,192,1cfd083f,8,   7.718822,0.81867620,2.16237587,   0.00000,0
1591201574.234295,193,18feee3f,8,   0.000000,0.00000000,0.00000000,  80.37500,0
1591201605.695902,196,1cfd083f,8,   7.718822,0.81867620,2.16237587,   0.00000,0
1591201605.696508,197,18feee3f,8,   0.000000,0.00000000,0.00000000,  80.37500,0
1591201637.156075,200,1cfd083f,8,   7.718822,0.81867620,2.16237587,   0.00000,0
1591201637.156647,201,18feee3f,8,   0.000000,0.00000000,0.00000000,  80.37500,0
1591201668.617450,204,1cfd083f,8,   7.671947,0.81864567,2.16225379,   0.00000,0
1591201668.617987,205,18feee3f,8,   0.000000,0.00000000,0.00000000,  80.40625,0
1591201700.079560,208,1cfd083f,8,   7.671947,0.81864567,2.16225379,   0.00000,0
1591201700.080120,209,18feee3f,8,   0.000000,0.00000000,0.00000000,  80.40625,0
1591201731.540125,212,1cfd083f,8,   7.671947,0.81864567,2.16225379,   0.00000,0
1591201731.540698,213,18feee3f,8,   0.000000,0.00000000,0.00000000,  80.40625,0
1591201763.001500,216,1cfd083f,8,   7.671947,0.81864567,2.16225379,   0.00000,0
1591201763.002067,217,18feee3f,8,   0.000000,0.00000000,0.00000000,  80.40625,0
1591201794.462822,220,1cfd083f,8,   7.687572,0.81873724,2.16176551,   0.00000,0
1591201794.463387,221,18feee3f,8,   0.000000,0.00000000,0.00000000,  80.37500,0
1591201825.924177,224,1cfd083f,8,   7.687572,0.81873724,2.16176551,   0.00000,0
1591201825.924747,225,18feee3f,8,   0.000000,0.00000000,0.00000000,  80.37500,0
1591201857.385530,228,1cfd083f,8,   7.687572,0.81873724,2.16176551,   0.00000,0
1591201857.386087,229,18feee3f,8,   0.000000,0.00000000,0.00000000,  80.37500,0
1591201888.846883,232,1cfd083f,8,   7.671947,0.81858463,2.16127722,   0.00000,0
1591201888.847453,233,18feee3f,8,   0.000000,0.00000000,0.00000000,  80.40625,0
1591201920.308207,236,1cfd083f,8,   7.671947,0.81858463,2.16127722,   0.00000,0
1591201920.308782,237,18feee3f,8,   0.000000,0.00000000,0.00000000,  80.40625,0
1591201951.769554,240,1cfd083f,8,   7.671947,0.81858463,2.16127722,   0.00000,0
1591201951.770139,241,18feee3f,8,   0.000000,0.00000000,0.00000000,  80.40625,0
1591201983.232844,244,1cfd083f,8,   7.718822,0.81818784,2.16091101,   0.00000,0
1591201983.233426,245,18feee3f,8,   0.000000,0.00000000,0.00000000,  80.37500,0
1591202014.692252,248,1cfd083f,8,   7.718822,0.81818784,2.16091101,   0.00000,0
1591202014.692786,249,18feee3f,8,   0.000000,0.00000000,0.00000000,  80.37500,0
1591202046.153583,252,1cfd083f,8,   7.718822,0.81818784,2.16091101,   0.00000,0
1591202046.154157,253,18feee3f,8,   0.000000,0.00000000,0.00000000,  80.37500,0
1591202077.614909,256,1cfd083f,8,   7.718822,0.81818784,2.16091101,   0.00000,0
1591202077.615492,257,18feee3f,8,   0.000000,0.00000000,0.00000000,  80.37500,0
1591202109.076265,260,1cfd083f,8,   7.656322,0.81953083,2.16054479,   0.00000,0
1591202109.076829,261,18feee3f,8,   0.000000,0.00000000,0.00000000,  80.37500,0
1591202140.537589,264,1cfd083f,8,   7.656322,0.81953083,2.16054479,   0.00000,0
1591202140.538159,265,18feee3f,8,   0.000000,0.00000000,0.00000000,  80.37500,0
1591202171.998933,268,1cfd083f,8,   7.656322,0.81953083,2.16054479,   0.00000,0
1591202171.999502,269,18feee3f,8,   0.000000,0.00000000,0.00000000,  80.37500,0
1591202203.462222,272,1cfd083f,8,   7.656322,0.81916456,2.16200965,   0.00000,0
1591202203.462790,273,18feee3f,8,   0.000000,0.00000000,0.00000000,  80.40625,0
1591202234.921584,276,1cfd083f,8,   7.656322,0.81916456,2.16200965,   0.00000,0
1591202234.922153,277,18feee3f,8,   0.000000,0.00000000,0.00000000,  80.40625,0
1591202266.382928,280,1cfd083f,8,   7.656322,0.81916456,2.16200965,   0.00000,0
1591202266.383473,281,18feee3f,8,   0.000000,0.00000000,0.00000000,  80.40625,0
1591202297.845828,284,1cfd083f,8,   7.656322,0.81916456,2.16200965,   0.00000,0
1591202297.846392,285,18feee3f,8,   0.000000,0.00000000,0.00000000,  80.40625,0
1591202329.305584,288,1cfd083f,8,   7.703197,0.81788261,2.16188758,   0.00000,0
1591202329.306196,289,18feee3f,8,   0.000000,0.00000000,0.00000000,  80.28125,0
1591202360.766925,292,1cfd083f,8,   7.703197,0.81788261,2.16188758,   0.00000,0
1591202360.767495,293,18feee3f,8,   0.000000,0.00000000,0.00000000,  80.28125,0
1591202392.229425,296,1cfd083f,8,   7.703197,0.81788261,2.16188758,   0.00000,0
1591202392.229984,297,18feee3f,8,   0.000000,0.00000000,0.00000000,  80.28125,0
1591202423.689586,300,1cfd083f,8,   7.687572,0.81849306,2.16152136,   0.00000,0
1591202423.690181,301,18feee3f,8,   0.000000,0.00000000,0.00000000,  80.25000,0
1591202455.150911,304,1cfd083f,8,   7.687572,0.81849306,2.16152136,   0.00000,0
1591202455.151546,305,18feee3f,8,   0.000000,0.00000000,0.00000000,  80.25000,0
1591202486.613006,308,1cfd083f,8,   7.687572,0.81849306,2.16152136,   0.00000,0
1591202486.613603,309,18feee3f,8,   0.000000,0.00000000,0.00000000,  80.25000,0
1591202518.073587,312,1cfd083f,8,   7.640697,0.81998867,2.16152136,   0.00000,0
1591202518.074141,313,18feee3f,8,   0.000000,0.00000000,0.00000000,  80.18750,0
1591202549.534902,316,1cfd083f,8,   7.640697,0.81998867,2.16152136,   0.00000,0
1591202549.535499,317,18feee3f,8,   0.000000,0.00000000,0.00000000,  80.18750,0
1591202580.996615,320,1cfd083f,8,   7.640697,0.81998867,2.16152136,   0.00000,0
1591202580.997211,321,18feee3f,8,   0.000000,0.00000000,0.00000000,  80.18750,0
1591202612.457566,324,1cfd083f,8,   7.640697,0.81998867,2.16152136,   0.00000,0
1591202612.458157,325,18feee3f,8,   0.000000,0.00000000,0.00000000,  80.18750,0
1591202643.918911,328,1cfd083f,8,   7.828198,0.81876777,2.16188758,   0.00000,0
1591202643.919465,329,18feee3f,8,   0.000000,0.00000000,0.00000000,  80.15625,0
1591202675.380218,332,1cfd083f,8,   7.828198,0.81876777,2.16188758,   0.00000,0
1591202675.380810,333,18feee3f,8,   0.000000,0.00000000,0.00000000,  80.15625,0
1591202706.841563,336,1cfd083f,8,   7.828198,0.81876777,2.16188758,   0.00000,0
1591202706.842149,337,18feee3f,8,   0.000000,0.00000000,0.00000000,  80.15625,0
1591202738.302881,340,1cfd083f,8,   7.656322,0.81971396,2.16188758,   0.00000,0
1591202738.303456,341,18feee3f,8,   0.000000,0.00000000,0.00000000,  80.15625,0
1591202769.764209,344,1cfd083f,8,   7.656322,0.81971396,2.16188758,   0.00000,0
1591202769.764783,345,18feee3f,8,   0.000000,0.00000000,0.00000000,  80.15625,0
1591202801.225539,348,1cfd083f,8,   7.656322,0.81971396,2.16188758,   0.00000,0
1591202801.226102,349,18feee3f,8,   0.000000,0.00000000,0.00000000,  80.15625,0
1591202832.686877,352,1cfd083f,8,   7.656322,0.81971396,2.16188758,   0.00000,0
1591202832.687446,353,18feee3f,8,   0.000000,0.00000000,0.00000000,  80.15625,0
1591202864.148196,356,1cfd083f,8,   7.718822,0.81837097,2.16249794,   0.00000,0
1591202864.148760,357,18feee3f,8,   0.000000,0.00000000,0.00000000,  80.18750,0
1591202895.609516,360,1cfd083f,8,   7.718822,0.81837097,2.16249794,   0.00000,0
1591202895.610096,361,18feee3f,8,   0.000000,0.00000000,0.00000000,  80.18750,0
1591202927.070855,364,1cfd083f,8,   7.718822,0.81837097,2.16249794,   0.00000,0
1591202927.071432,365,18feee3f,8,   0.000000,0.00000000,0.00000000,  80.18750,0
1591202958.533365,368,1cfd083f,8,   7.718822,0.81885933,2.16274208,   0.00000,0
1591202958.533917,369,18feee3f,8,   0.000000,0.00000000,0.00000000,  80.25000,0
1591202989.995481,372,1cfd083f,8,   7.718822,0.81885933,2.16274208,   0.00000,0
1591202989.996067,373,18feee3f,8,   0.000000,0.00000000,0.00000000,  80.21875,0
1591203021.454829,376,1cfd083f,8,   7.718822,0.81885933,2.16274208,   0.00000,0
1591203021.455397,377,18feee3f,8,   0.000000,0.00000000,0.00000000,  80.21875,0
1591203052.916923,380,1cfd083f,8,   7.781323,0.81812679,2.16335244,   0.00000,0
1591203052.917494,381,18feee3f,8,   0.000000,0.00000000,0.00000000,  80.21875,0
1591203084.379063,384,1cfd083f,8,   7.781323,0.81812679,2.16335244,   0.00000,0
1591203084.379637,385,18feee3f,8,   0.000000,0.00000000,0.00000000,  80.21875,0
1591203115.838828,388,1cfd083f,8,   7.781323,0.81812679,2.16335244,   0.00000,0
1591203115.839392,389,18feee3f,8,   0.000000,0.00000000,0.00000000,  80.21875,0
1591203147.300515,392,1cfd083f,8,   7.703197,0.81870672,2.16274208,   0.00000,0
1591203147.301082,393,18feee3f,8,   0.000000,0.00000000,0.00000000,  80.18750,0
1591203178.762633,396,1cfd083f,8,   7.703197,0.81870672,2.16274208,   0.00000,0
1591203178.763199,397,18feee3f,8,   0.000000,0.00000000,0.00000000,  80.18750,0
1591203210.222791,400,1cfd083f,8,   7.703197,0.81870672,2.16274208,   0.00000,0
1591203210.223372,401,18feee3f,8,   0.000000,0.00000000,0.00000000,  80.18750,0
1591203241.684098,404,1cfd083f,8,   7.718822,0.81870672,2.16347451,   0.00000,0
1591203241.684668,405,18feee3f,8,   0.000000,0.00000000,0.00000000,  80.15625,0
1591203273.146219,408,1cfd083f,8,   7.718822,0.81870672,2.16347451,   0.00000,0
1591203273.146771,409,18feee3f,8,   0.000000,0.00000000,0.00000000,  80.15625,0
1591203304.606804,412,1cfd083f,8,   7.718822,0.81870672,2.16347451,   0.00000,0
1591203304.607349,413,18feee3f,8,   0.000000,0.00000000,0.00000000,  80.15625,0
1591203336.068122,416,1cfd083f,8,   7.718822,0.81870672,2.16347451,   0.00000,0
1591203336.068717,417,18feee3f,8,   0.000000,0.00000000,0.00000000,  80.15625,0
1591203367.529490,420,1cfd083f,8,   7.718822,0.81925613,2.16066686,   0.00000,0
1591203367.530042,421,18feee3f,8,   0.000000,0.00000000,0.00000000,  80.15625,0
1591203398.990829,424,1cfd083f,8,   7.718822,0.81925613,2.16066686,   0.00000,0
1591203398.991413,425,18feee3f,8,   0.000000,0.00000000,0.00000000,  80.15625,0
1591203430.452193,428,1cfd083f,8,   7.718822,0.81925613,2.16066686,   0.00000,0
1591203430.452728,429,18feee3f,8,   0.000000,0.00000000,0.00000000,  80.15625,0
1591203461.913500,432,1cfd083f,8,   7.718822,0.81925613,2.16066686,   0.00000,0
1591203461.914072,433,18feee3f,8,   0.000000,0.00000000,0.00000000,  80.15625,0
1591203493.374842,436,1cfd083f,8,   7.671947,0.81879829,2.16249794,   0.00000,0
1591203493.375407,437,18feee3f,8,   0.000000,0.00000000,0.00000000,  80.25000,0
1591203524.836155,440,1cfd083f,8,   7.671947,0.81879829,2.16249794,   0.00000,0
1591203524.836737,441,18feee3f,8,   0.000000,0.00000000,0.00000000,  80.25000,0
1591203556.297507,444,1cfd083f,8,   7.671947,0.81879829,2.16249794,   0.00000,0
1591203556.298089,445,18feee3f,8,   0.000000,0.00000000,0.00000000,  80.25000,0
1591203587.758831,448,1cfd083f,8,   7.734448,0.81904247,2.16188758,   0.00000,0
1591203587.759401,449,18feee3f,8,   0.000000,0.00000000,0.00000000,  80.34375,0
1591203619.220183,452,1cfd083f,8,   7.734448,0.81904247,2.16188758,   0.00000,0
1591203619.220719,453,18feee3f,8,   0.000000,0.00000000,0.00000000,  80.34375,0
1591203650.681517,456,1cfd083f,8,   7.734448,0.81904247,2.16188758,   0.00000,0
1591203650.682060,457,18feee3f,8,   0.000000,0.00000000,0.00000000,  80.34375,0
1591203682.142832,460,1cfd083f,8,   7.734448,0.81904247,2.16188758,   0.00000,0
1591203682.143425,461,18feee3f,8,   0.000000,0.00000000,0.00000000,  80.34375,0
1591203713.604174,464,1cfd083f,8,   7.703197,0.81892038,2.16103308,   0.00000,0
1591203713.604744,465,18feee3f,8,   0.000000,0.00000000,0.00000000,  80.37500,0
1591203745.065504,468,1cfd083f,8,   7.703197,0.81892038,2.16103308,   0.00000,0
1591203745.066144,469,18feee3f,8,   0.000000,0.00000000,0.00000000,  80.37500,0
1591203776.528793,472,1cfd083f,8,   7.703197,0.81892038,2.16103308,   0.00000,0
1591203776.529357,473,18feee3f,8,   0.000000,0.00000000,0.00000000,  80.37500,0
1591203807.988135,476,1cfd083f,8,   7.703197,0.81873724,2.16115515,   0.00000,0
1591203807.988722,477,18feee3f,8,   0.000000,0.00000000,0.00000000,  80.40625,0
1591203839.449481,480,1cfd083f,8,   7.703197,0.81873724,2.16115515,   0.00000,0
1591203839.450054,481,18feee3f,8,   0.000000,0.00000000,0.00000000,  80.40625,0
1591203870.912376,484,1cfd083f,8,   7.703197,0.81873724,2.16115515,   0.00000,0
1591203870.912957,485,18feee3f,8,   0.000000,0.00000000,0.00000000,  80.40625,0
1591203902.372146,488,1cfd083f,8,   7.656322,0.81901195,2.16188758,   0.00000,0
1591203902.372719,489,18feee3f,8,   0.000000,0.00000000,0.00000000,  80.43750,0
1591203933.833498,492,1cfd083f,8,   7.656322,0.81901195,2.16188758,   0.00000,0
1591203933.834070,493,18feee3f,8,   0.000000,0.00000000,0.00000000,  80.43750,0
1591203965.295969,496,1cfd083f,8,   7.656322,0.81901195,2.16188758,   0.00000,0
1591203965.296523,497,18feee3f,8,   0.000000,0.00000000,0.00000000,  80.43750,0
1591203996.756121,500,1cfd083f,8,   7.656322,0.81873724,2.16091101,   0.00000,0
1591203996.756714,501,18feee3f,8,   0.000000,0.00000000,0.00000000,  80.46875,0
1591204028.217479,504,1cfd083f,8,   7.656322,0.81873724,2.16091101,   0.00000,0
1591204028.218034,505,18feee3f,8,   0.000000,0.00000000,0.00000000,  80.46875,0
1591204059.679545,508,1cfd083f,8,   7.656322,0.81873724,2.16091101,   0.00000,0
1591204059.680119,509,18feee3f,8,   0.000000,0.00000000,0.00000000,  80.46875,0
1591204091.140141,512,1cfd083f,8,   7.656322,0.81873724,2.16091101,   0.00000,0
1591204091.140696,513,18feee3f,8,   0.000000,0.00000000,0.00000000,  80.46875,0
1591204122.601448,516,1cfd083f,8,   7.625071,0.81910351,2.16066686,   0.00000,0
1591204122.602017,517,18feee3f,8,   0.000000,0.00000000,0.00000000,  80.43750,0
1591204154.063160,520,1cfd083f,8,   7.625071,0.81910351,2.16066686,   0.00000,0
1591204154.063728,521,18feee3f,8,   0.000000,0.00000000,0.00000000,  80.43750,0
1591204185.524109,524,1cfd083f,8,   7.625071,0.81910351,2.16066686,   0.00000,0
1591204185.524674,525,18feee3f,8,   0.000000,0.00000000,0.00000000,  80.43750,0
1591204216.985470,528,1cfd083f,8,   7.625071,0.81910351,2.16066686,   0.00000,0
1591204216.986003,529,18feee3f,8,   0.000000,0.00000000,0.00000000,  80.43750,0
1591204248.446765,532,1cfd083f,8,   7.671947,0.81861515,2.16152136,   0.00000,0
1591204248.447343,533,18feee3f,8,   0.000000,0.00000000,0.00000000,  80.46875,0
1591204279.908116,536,1cfd083f,8,   7.671947,0.81861515,2.16152136,   0.00000,0
1591204279.908659,537,18feee3f,8,   0.000000,0.00000000,0.00000000,  80.46875,0
1591204311.369427,540,1cfd083f,8,   7.671947,0.81861515,2.16152136,   0.00000,0
1591204311.370001,541,18feee3f,8,   0.000000,0.00000000,0.00000000,  80.46875,0
1591204342.832718,544,1cfd083f,8,   7.640697,0.81876777,2.16262001,   0.00000,0
1591204342.833280,545,18feee3f,8,   0.000000,0.00000000,0.00000000,  80.43750,0
1591204374.292085,548,1cfd083f,8,   7.640697,0.81876777,2.16262001,   0.00000,0
1591204374.292661,549,18feee3f,8,   0.000000,0.00000000,0.00000000,  80.43750,0
1591204405.753419,552,1cfd083f,8,   7.640697,0.81876777,2.16262001,   0.00000,0
1591204405.753992,553,18feee3f,8,   0.000000,0.00000000,0.00000000,  80.43750,0
1591204437.216313,556,1cfd083f,8,   7.687572,0.81861515,2.16176551,   0.00000,0
1591204437.216888,557,18feee3f,8,   0.000000,0.00000000,0.00000000,  80.40625,0
1591204468.676091,560,1cfd083f,8,   7.687572,0.81861515,2.16176551,   0.00000,0
1591204468.676652,561,18feee3f,8,   0.000000,0.00000000,0.00000000,  80.43750,0
1591204500.137402,564,1cfd083f,8,   7.687572,0.81861515,2.16176551,   0.00000,0
1591204500.137978,565,18feee3f,8,   0.000000,0.00000000,0.00000000,  80.43750,0
1591204531.598731,568,1cfd083f,8,   7.687572,0.81861515,2.16176551,   0.00000,0
1591204531.599313,569,18feee3f,8,   0.000000,0.00000000,0.00000000,  80.43750,0
1591204563.062047,572,1cfd083f,8,   7.656322,0.81834045,2.16139929,   0.00000,0
1591204563.062588,573,18feee3f,8,   0.000000,0.00000000,0.00000000,  80.46875,0
1591204594.521396,576,1cfd083f,8,   7.656322,0.81834045,2.16139929,   0.00000,0
1591204594.521962,577,18feee3f,8,   0.000000,0.00000000,0.00000000,  80.46875,0
1591204625.982722,580,1cfd083f,8,   7.656322,0.81834045,2.16139929,   0.00000,0
1591204625.983274,581,18feee3f,8,   0.000000,0.00000000,0.00000000,  80.46875,0
1591204657.444040,584,1cfd083f,8,   7.671947,0.81898142,2.16225379,   0.00000,0
1591204657.444610,585,18feee3f,8,   0.000000,0.00000000,0.00000000,  80.50000,0
1591204688.905392,588,1cfd083f,8,   7.671947,0.81898142,2.16225379,   0.00000,0
1591204688.905965,589,18feee3f,8,   0.000000,0.00000000,0.00000000,  80.50000,0
1591204720.366712,592,1cfd083f,8,   7.671947,0.81898142,2.16225379,   0.00000,0
1591204720.367270,593,18feee3f,8,   0.000000,0.00000000,0.00000000,  80.50000,0
1591204751.828039,596,1cfd083f,8,   7.671947,0.81910351,2.16078894,   0.00000,0
1591204751.828597,597,18feee3f,8,   0.000000,0.00000000,0.00000000,  80.50000,0
1591204783.289382,600,1cfd083f,8,   7.671947,0.81910351,2.16078894,   0.00000,0
1591204783.289928,601,18feee3f,8,   0.000000,0.00000000,0.00000000,  80.50000,0
1591204814.750693,604,1cfd083f,8,   7.671947,0.81910351,2.16078894,   0.00000,0
1591204814.751258,605,18feee3f,8,   0.000000,0.00000000,0.00000000,  80.50000,0
1591204846.212024,608,1cfd083f,8,   7.656322,0.81885933,2.16066686,   0.00000,0
1591204846.212566,609,18feee3f,8,   0.000000,0.00000000,0.00000000,  80.50000,0
1591204877.673346,612,1cfd083f,8,   7.656322,0.81885933,2.16066686,   0.00000,0
1591204877.673907,613,18feee3f,8,   0.000000,0.00000000,0.00000000,  80.50000,0
1591204909.134680,616,1cfd083f,8,   7.656322,0.81885933,2.16066686,   0.00000,0
1591204909.135220,617,18feee3f,8,   0.000000,0.00000000,0.00000000,  80.50000,0
1591204940.596368,620,1cfd083f,8,   7.656322,0.81885933,2.16066686,   0.00000,0
1591204940.596932,621,18feee3f,8,   0.000000,0.00000000,0.00000000,  80.50000,0
1591204972.057327,624,1cfd083f,8,   7.656322,0.81879829,2.16139929,   0.00000,0
1591204972.057897,625,18feee3f,8,   0.000000,0.00000000,0.00000000,  80.56250,0
1591205003.518669,628,1cfd083f,8,   7.656322,0.81879829,2.16139929,   0.00000,0
1591205003.519208,629,18feee3f,8,   0.000000,0.00000000,0.00000000,  80.56250,0
1591205034.979976,632,1cfd083f,8,   7.656322,0.81879829,2.16139929,   0.00000,0
1591205034.980554,633,18feee3f,8,   0.000000,0.00000000,0.00000000,  80.56250,0
1591205066.441323,636,1cfd083f,8,   7.656322,0.81824888,2.16237587,   0.00000,0
1591205066.441878,637,18feee3f,8,   0.000000,0.00000000,0.00000000,  80.68750,0
1591205097.902619,640,1cfd083f,8,   7.656322,0.81824888,2.16237587,   0.00000,0
1591205097.903217,641,18feee3f,8,   0.000000,0.00000000,0.00000000,  80.65625,0
1591205129.363986,644,1cfd083f,8,   7.656322,0.81824888,2.16237587,   0.00000,0
1591205129.364527,645,18feee3f,8,   0.000000,0.00000000,0.00000000,  80.65625,0
1591205160.825320,648,1cfd083f,8,   7.656322,0.81824888,2.16237587,   0.00000,0
1591205160.825879,649,18feee3f,8,   0.000000,0.00000000,0.00000000,  80.65625,0
1591205192.286647,652,1cfd083f,8,   7.593821,0.81870672,2.16164344,   0.00000,0
1591205192.287186,653,18feee3f,8,   0.000000,0.00000000,0.00000000,  80.71875,0
1591205223.747960,656,1cfd083f,8,   7.593821,0.81870672,2.16164344,   0.00000,0
1591205223.748511,657,18feee3f,8,   0.000000,0.00000000,0.00000000,  80.68750,0
1591205255.209291,660,1cfd083f,8,   7.593821,0.81870672,2.16164344,   0.00000,0
1591205255.209870,661,18feee3f,8,   0.000000,0.00000000,0.00000000,  80.68750,0
1591205286.670613,664,1cfd083f,8,   7.593821,0.81870672,2.16164344,   0.00000,0
1591205286.671188,665,18feee3f,8,   0.000000,0.00000000,0.00000000,  80.68750,0
1591205318.132017,668,1cfd083f,8,   7.609446,0.81907299,2.16115515,   0.00000,0
1591205318.132553,669,18feee3f,8,   0.000000,0.00000000,0.00000000,  80.65625,0
1591205349.595366,672,1cfd083f,8,   7.609446,0.81907299,2.16115515,   0.00000,0
1591205349.595939,673,18feee3f,8,   0.000000,0.00000000,0.00000000,  80.65625,0
1591205381.054803,676,1cfd083f,8,   7.609446,0.81907299,2.16115515,   0.00000,0
1591205381.055360,677,18feee3f,8,   0.000000,0.00000000,0.00000000,  80.65625,0
1591205412.516943,680,1cfd083f,8,   7.640697,0.81834045,2.16139929,   0.00000,0
1591205412.517517,681,18feee3f,8,   0.000000,0.00000000,0.00000000,  80.62500,0
1591205443.979122,684,1cfd083f,8,   7.640697,0.81834045,2.16139929,   0.00000,0
1591205443.979724,685,18feee3f,8,   0.000000,0.00000000,0.00000000,  80.59375,0
1591205475.438968,688,1cfd083f,8,   7.640697,0.81834045,2.16139929,   0.00000,0
1591205475.439502,689,18feee3f,8,   0.000000,0.00000000,0.00000000,  80.59375,0
1591205506.900337,692,1cfd083f,8,   7.640697,0.81834045,2.16139929,   0.00000,0
1591205506.900910,693,18feee3f,8,   0.000000,0.00000000,0.00000000,  80.59375,0
1591205538.361706,696,1cfd083f,8,   7.546946,0.81943926,2.16200965,   0.00000,0
1591205538.362297,697,18feee3f,8,   0.000000,0.00000000,0.00000000,  80.50000,0
1591205569.823103,700,1cfd083f,8,   7.546946,0.81943926,2.16200965,   0.00000,0
1591205569.823656,701,18feee3f,8,   0.000000,0.00000000,0.00000000,  80.50000,0
1591205601.284480,704,1cfd083f,8,   7.546946,0.81943926,2.16200965,   0.00000,0
1591205601.285038,705,18feee3f,8,   0.000000,0.00000000,0.00000000,  80.50000,0
1591205632.745844,708,1cfd083f,8,   7.625071,0.81910351,2.16054479,   0.00000,0
1591205632.746395,709,18feee3f,8,   0.000000,0.00000000,0.00000000,  80.37500,0
1591205664.207208,712,1cfd083f,8,   7.625071,0.81910351,2.16054479,   0.00000,0
1591205664.207796,713,18feee3f,8,   0.000000,0.00000000,0.00000000,  80.37500,0
1591205695.668592,716,1cfd083f,8,   7.625071,0.81910351,2.16054479,   0.00000,0
1591205695.669152,717,18feee3f,8,   0.000000,0.00000000,0.00000000,  80.37500,0
1591205727.130301,720,1cfd083f,8,   7.625071,0.81910351,2.16054479,   0.00000,0
1591205727.130875,721,18feee3f,8,   0.000000,0.00000000,0.00000000,  80.37500,0
1591205758.591311,724,1cfd083f,8,   7.625071,0.81895090,2.16152136,   0.00000,0
1591205758.591880,725,18feee3f,8,   0.000000,0.00000000,0.00000000,  80.25000,0
1591205790.052676,728,1cfd083f,8,   7.625071,0.81895090,2.16152136,   0.00000,0
1591205790.053253,729,18feee3f,8,   0.000000,0.00000000,0.00000000,  80.25000,0
1591205821.514039,732,1cfd083f,8,   7.625071,0.81895090,2.16152136,   0.00000,0
1591205821.514605,733,18feee3f,8,   0.000000,0.00000000,0.00000000,  80.25000,0
1591205852.975379,736,1cfd083f,8,   7.718822,0.81821836,2.16249794,   0.00000,0
1591205852.975985,737,18feee3f,8,   0.000000,0.00000000,0.00000000,  80.15625,0
1591205884.436743,740,1cfd083f,8,   7.718822,0.81821836,2.16249794,   0.00000,0
1591205884.437307,741,18feee3f,8,   0.000000,0.00000000,0.00000000,  80.15625,0
1591205915.898101,744,1cfd083f,8,   7.718822,0.81821836,2.16249794,   0.00000,0
1591205915.898674,745,18feee3f,8,   0.000000,0.00000000,0.00000000,  80.15625,0
1591205947.359481,748,1cfd083f,8,   7.718822,0.81821836,2.16249794,   0.00000,0
1591205947.360053,749,18feee3f,8,   0.000000,0.00000000,0.00000000,  80.15625,0
1591205978.820840,752,1cfd083f,8,   7.687572,0.81882881,2.16200965,   0.00000,0
1591205978.821403,753,18feee3f,8,   0.000000,0.00000000,0.00000000,  80.09375,0
1591206010.282180,756,1cfd083f,8,   7.687572,0.81882881,2.16200965,   0.00000,0
1591206010.282737,757,18feee3f,8,   0.000000,0.00000000,0.00000000,  80.09375,0
1591206041.743539,760,1cfd083f,8,   7.687572,0.81882881,2.16200965,   0.00000,0
1591206041.744095,761,18feee3f,8,   0.000000,0.00000000,0.00000000,  80.09375,0
1591206073.204891,764,1cfd083f,8,   7.765698,0.81803522,2.16262001,   0.00000,0
1591206073.205465,765,18feee3f,8,   0.000000,0.00000000,0.00000000,  80.06250,0
1591206104.666256,768,1cfd083f,8,   7.765698,0.81803522,2.16262001,   0.00000,0
1591206104.666820,769,18feee3f,8,   0.000000,0.00000000,0.00000000,  80.06250,0
1591206136.129580,772,1cfd083f,8,   7.765698,0.81803522,2.16262001,   0.00000,0
1591206136.130133,773,18feee3f,8,   0.000000,0.00000000,0.00000000,  80.06250,0
1591206167.588927,776,1cfd083f,8,   7.765698,0.81803522,2.16262001,   0.00000,0
1591206167.589537,777,18feee3f,8,   0.000000,0.00000000,0.00000000,  80.06250,0
1591206199.051070,780,1cfd083f,8,   7.718822,0.81928665,2.16200965,   0.00000,0
1591206199.051644,781,18feee3f,8,   0.000000,0.00000000,0.00000000,  80.09375,0
1591206230.513209,784,1cfd083f,8,   7.718822,0.81928665,2.16200965,   0.00000,0
1591206230.513786,785,18feee3f,8,   0.000000,0.00000000,0.00000000,  80.09375,0
1591206261.973024,788,1cfd083f,8,   7.718822,0.81928665,2.16200965,   0.00000,0
1591206261.973564,789,18feee3f,8,   0.000000,0.00000000,0.00000000,  80.09375,0
1591206293.434323,792,1cfd083f,8,   7.718822,0.81928665,2.16200965,   0.00000,0
1591206293.434912,793,18feee3f,8,   0.000000,0.00000000,0.00000000,  80.09375,0
1591206324.896857,796,1cfd083f,8,   7.750073,0.81937822,2.16139929,   0.00000,0
1591206324.897433,797,18feee3f,8,   0.000000,0.00000000,0.00000000,  80.18750,0
1591206356.357021,800,1cfd083f,8,   7.750073,0.81937822,2.16139929,   0.00000,0
1591206356.357594,801,18feee3f,8,   0.000000,0.00000000,0.00000000,  80.18750,0
1591206387.818387,804,1cfd083f,8,   7.750073,0.81937822,2.16139929,   0.00000,0
1591206387.818930,805,18feee3f,8,   0.000000,0.00000000,0.00000000,  80.18750,0
1591206419.279726,808,1cfd083f,8,   7.765698,0.81855411,2.16225379,   0.00000,0
1591206419.280303,809,18feee3f,8,   0.000000,0.00000000,0.00000000,  80.18750,0
1591206450.741079,812,1cfd083f,8,   7.765698,0.81855411,2.16225379,   0.00000,0
1591206450.741625,813,18feee3f,8,   0.000000,0.00000000,0.00000000,  80.18750,0
1591206482.202403,816,1cfd083f,8,   7.765698,0.81855411,2.16225379,   0.00000,0
1591206482.202986,817,18feee3f,8,   0.000000,0.00000000,0.00000000,  80.18750,0
1591206513.664099,820,1cfd083f,8,   7.765698,0.81855411,2.16225379,   0.00000,0
1591206513.664689,821,18feee3f,8,   0.000000,0.00000000,0.00000000,  80.18750,0
1591206545.125105,824,1cfd083f,8,   7.734448,0.81885933,2.16115515,   0.00000,0
1591206545.125649,825,18feee3f,8,   0.000000,0.00000000,0.00000000,  80.21875,0
1591206576.586410,828,1cfd083f,8,   7.734448,0.81885933,2.16115515,   0.00000,0
1591206576.587029,829,18feee3f,8,   0.000000,0.00000000,0.00000000,  80.21875,0
1591206608.047753,832,1cfd083f,8,   7.734448,0.81885933,2.16115515,   0.00000,0
1591206608.048332,833,18feee3f,8,   0.000000,0.00000000,0.00000000,  80.21875,0
1591206639.509084,836,1cfd083f,8,   7.718822,0.81800470,2.16286415,   0.00000,0
1591206639.509668,837,18feee3f,8,   0.000000,0.00000000,0.00000000,  80.15625,0
1591206670.970425,840,1cfd083f,8,   7.718822,0.81800470,2.16286415,   0.00000,0
1591206670.971001,841,18feee3f,8,   0.000000,0.00000000,0.00000000,  80.15625,0
1591206702.431762,844,1cfd083f,8,   7.718822,0.81800470,2.16286415,   0.00000,0
1591206702.432337,845,18feee3f,8,   0.000000,0.00000000,0.00000000,  80.15625,0
1591206733.893115,848,1cfd083f,8,   7.703197,0.81870672,2.16139929,   0.00000,0
1591206733.893684,849,18feee3f,8,   0.000000,0.00000000,0.00000000,  80.12500,0
1591206765.354472,852,1cfd083f,8,   7.703197,0.81870672,2.16139929,   0.00000,0
1591206765.355014,853,18feee3f,8,   0.000000,0.00000000,0.00000000,  80.12500,0
1591206796.815778,856,1cfd083f,8,   7.703197,0.81870672,2.16139929,   0.00000,0
1591206796.816368,857,18feee3f,8,   0.000000,0.00000000,0.00000000,  80.12500,0
1591206828.277104,860,1cfd083f,8,   7.734448,0.81885933,2.16249794,   0.00000,0
1591206828.277713,861,18feee3f,8,   0.000000,0.00000000,0.00000000,  80.00000,0
1591206859.738475,864,1cfd083f,8,   7.734448,0.81885933,2.16249794,   0.00000,0
1591206859.739014,865,18feee3f,8,   0.000000,0.00000000,0.00000000,  80.00000,0
1591206891.199798,868,1cfd083f,8,   7.734448,0.81885933,2.16249794,   0.00000,0
1591206891.200363,869,18feee3f,8,   0.000000,0.00000000,0.00000000,  80.00000,0
1591206922.661119,872,1cfd083f,8,   7.718822,0.81922560,2.16139929,   0.00000,0
1591206922.661696,873,18feee3f,8,   0.000000,0.00000000,0.00000000,  80.03125,0
1591206954.122455,876,1cfd083f,8,   7.718822,0.81922560,2.16139929,   0.00000,0
1591206954.123025,877,18feee3f,8,   0.000000,0.00000000,0.00000000,  80.03125,0
1591206985.583796,880,1cfd083f,8,   7.718822,0.81922560,2.16139929,   0.00000,0
1591206985.584363,881,18feee3f,8,   0.000000,0.00000000,0.00000000,  80.03125,0
1591207017.046693,884,1cfd083f,8,   7.718822,0.81922560,2.16139929,   0.00000,0
1591207017.047246,885,18feee3f,8,   0.000000,0.00000000,0.00000000,  80.03125,0
1591207048.506450,888,1cfd083f,8,   7.718822,0.81965292,2.16164344,   0.00000,0
1591207048.507037,889,18feee3f,8,   0.000000,0.00000000,0.00000000,  80.25000,0
1591207079.967795,892,1cfd083f,8,   7.718822,0.81965292,2.16164344,   0.00000,0
1591207079.968351,893,18feee3f,8,   0.000000,0.00000000,0.00000000,  80.25000,0
1591207111.430298,896,1cfd083f,8,   7.718822,0.81965292,2.16164344,   0.00000,0
1591207111.430853,897,18feee3f,8,   0.000000,0.00000000,0.00000000,  80.25000,0
1591207142.890474,900,1cfd083f,8,   7.750073,0.81913404,2.16200965,   0.00000,0
1591207142.891030,901,18feee3f,8,   0.000000,0.00000000,0.00000000,  80.56250,0
1591207174.351778,904,1cfd083f,8,   7.750073,0.81913404,2.16200965,   0.00000,0
1591207174.352353,905,18feee3f,8,   0.000000,0.00000000,0.00000000,  80.59375,0
1591207205.813878,908,1cfd083f,8,   7.750073,0.81913404,2.16200965,   0.00000,0
1591207205.814447,909,18feee3f,8,   0.000000,0.00000000,0.00000000,  80.59375,0
1591207237.274427,912,1cfd083f,8,   7.718822,0.81925613,2.16225379,   0.00000,0
1591207237.275000,913,18feee3f,8,   0.000000,0.00000000,0.00000000,  80.75000,0
1591207268.735766,916,1cfd083f,8,   7.718822,0.81925613,2.16225379,   0.00000,0
1591207268.736334,917,18feee3f,8,   0.000000,0.00000000,0.00000000,  80.75000,0
1591207300.197466,920,1cfd083f,8,   7.718822,0.81925613,2.16225379,   0.00000,0
1591207300.198017,921,18feee3f,8,   0.000000,0.00000000,0.00000000,  80.75000,0
1591207331.658397,924,1cfd083f,8,   7.609446,0.81892038,2.16127722,   0.00000,0
1591207331.658972,925,18feee3f,8,   0.000000,0.00000000,0.00000000,  80.84375,0
1591207363.119639,928,1cfd083f,8,   7.609446,0.81892038,2.16127722,   0.00000,0
1591207363.120213,929,18feee3f,8,   0.000000,0.00000000,0.00000000,  80.84375,0
1591207394.580854,932,1cfd083f,8,   7.609446,0.81892038,2.16127722,   0.00000,0
1591207394.581435,933,18feee3f,8,   0.000000,0.00000000,0.00000000,  80.84375,0
1591207426.042127,936,1cfd083f,8,   7.609446,0.81892038,2.16127722,   0.00000,0
1591207426.042665,937,18feee3f,8,   0.000000,0.00000000,0.00000000,  80.84375,0
1591207457.503323,940,1cfd083f,8,   7.609446,0.81809627,2.16054479,   0.00000,0
1591207457.503909,941,18feee3f,8,   0.000000,0.00000000,0.00000000,  81.00000,0
1591207488.964609,944,1cfd083f,8,   7.609446,0.81809627,2.16054479,   0.00000,0
1591207488.965144,945,18feee3f,8,   0.000000,0.00000000,0.00000000,  81.00000,0
1591207520.425809,948,1cfd083f,8,   7.609446,0.81809627,2.16054479,   0.00000,0
1591207520.426389,949,18feee3f,8,   0.000000,0.00000000,0.00000000,  81.00000,0
1591207551.887075,952,1cfd083f,8,   7.593821,0.81837097,2.16017858,   0.00000,0
1591207551.887648,953,18feee3f,8,   0.000000,0.00000000,0.00000000,  80.93750,0
1591207583.348317,956,1cfd083f,8,   7.593821,0.81837097,2.16017858,   0.00000,0
1591207583.348897,957,18feee3f,8,   0.000000,0.00000000,0.00000000,  80.96875,0
1591207614.809552,960,1cfd083f,8,   7.593821,0.81837097,2.16017858,   0.00000,0
1591207614.810143,961,18feee3f,8,   0.000000,0.00000000,0.00000000,  80.96875,0
1591207646.270810,964,1cfd083f,8,   7.593821,0.81812679,2.15932408,   0.00000,0
1591207646.271401,965,18feee3f,8,   0.000000,0.00000000,0.00000000,  80.93750,0
1591207677.732075,968,1cfd083f,8,   7.593821,0.81812679,2.15932408,   0.00000,0
1591207677.732689,969,18feee3f,8,   0.000000,0.00000000,0.00000000,  80.90625,0
1591207709.195312,972,1cfd083f,8,   7.593821,0.81812679,2.15932408,   0.00000,0
1591207709.195869,973,18feee3f,8,   0.000000,0.00000000,0.00000000,  80.90625,0
1591207740.654608,976,1cfd083f,8,   7.593821,0.81812679,2.15932408,   0.00000,0
1591207740.655230,977,18feee3f,8,   0.000000,0.00000000,0.00000000,  80.90625,0
1591207772.115860,980,1cfd083f,8,   7.562571,0.81925613,2.15822543,   0.00000,0
1591207772.116438,981,18feee3f,8,   0.000000,0.00000000,0.00000000,  80.78125,0
1591207803.578705,984,1cfd083f,8,   7.562571,0.81925613,2.15822543,   0.00000,0
1591207803.579279,985,18feee3f,8,   0.000000,0.00000000,0.00000000,  80.78125,0
1591207835.038422,988,1cfd083f,8,   7.562571,0.81925613,2.15822543,   0.00000,0
1591207835.038996,989,18feee3f,8,   0.000000,0.00000000,0.00000000,  80.78125,0
1591207866.500042,992,1cfd083f,8,   7.609446,0.81812679,2.15920200,   0.00000,0
1591207866.500666,993,18feee3f,8,   0.000000,0.00000000,0.00000000,  80.78125,0
1591207897.962138,996,1cfd083f,8,   7.609446,0.81812679,2.15920200,   0.00000,0
1591207897.962700,997,18feee3f,8,   0.000000,0.00000000,0.00000000,  80.78125,0
1591207929.422232,1000,1cfd083f,8,   7.609446,0.81812679,2.15920200,   0.00000,0
1591207929.422796,1001,18feee3f,8,   0.000000,0.00000000,0.00000000,  80.78125,0
1591207960.883535,1004,1cfd083f,8,   7.640697,0.81830993,2.16091101,   0.00000,0
1591207960.884106,1005,18feee3f,8,   0.000000,0.00000000,0.00000000,  80.34375,0
1591207992.345561,1008,1cfd083f,8,   7.640697,0.81830993,2.16091101,   0.00000,0
1591207992.346142,1009,18feee3f,8,   0.000000,0.00000000,0.00000000,  80.34375,0
1591208023.806116,1012,1cfd083f,8,   7.640697,0.81830993,2.16091101,   0.00000,0
1591208023.806683,1013,18feee3f,8,   0.000000,0.00000000,0.00000000,  80.34375,0
1591208055.267378,1016,1cfd083f,8,   7.640697,0.81830993,2.16091101,   0.00000,0
1591208055.267957,1017,18feee3f,8,   0.000000,0.00000000,0.00000000,  80.34375,0
1591208086.729054,1020,1cfd083f,8,   7.640697,0.81864567,2.16078894,   0.00000,0
1591208086.729634,1021,18feee3f,8,   0.000000,0.00000000,0.00000000,  80.18750,0
1591208118.189985,1024,1cfd083f,8,   7.640697,0.81864567,2.16078894,   0.00000,0
1591208118.190526,1025,18feee3f,8,   0.000000,0.00000000,0.00000000,  80.18750,0
1591208149.651267,1028,1cfd083f,8,   7.640697,0.81864567,2.16078894,   0.00000,0
1591208149.651840,1029,18feee3f,8,   0.000000,0.00000000,0.00000000,  80.18750,0
1591208181.112533,1032,1cfd083f,8,   7.687572,0.81946978,2.16103308,   0.00000,0
1591208181.113113,1033,18feee3f,8,   0.000000,0.00000000,0.00000000,  80.21875,0
1591208212.573849,1036,1cfd083f,8,   7.687572,0.81946978,2.16103308,   0.00000,0
1591208212.574422,1037,18feee3f,8,   0.000000,0.00000000,0.00000000,  80.21875,0
1591208244.035137,1040,1cfd083f,8,   7.687572,0.81946978,2.16103308,   0.00000,0
1591208244.035711,1041,18feee3f,8,   0.000000,0.00000000,0.00000000,  80.21875,0
1591208275.496440,1044,1cfd083f,8,   7.687572,0.81946978,2.16103308,   0.00000,0
1591208275.497004,1045,18feee3f,8,   0.000000,0.00000000,0.00000000,  80.21875,0
1591208306.957742,1048,1cfd083f,8,   7.718822,0.81888986,2.16176551,   0.00000,0
1591208306.958306,1049,18feee3f,8,   0.000000,0.00000000,0.00000000,  80.50000,0
1591208338.419040,1052,1cfd083f,8,   7.718822,0.81888986,2.16176551,   0.00000,0
1591208338.419593,1053,18feee3f,8,   0.000000,0.00000000,0.00000000,  80.50000,0
1591208369.880335,1056,1cfd083f,8,   7.718822,0.81888986,2.16176551,   0.00000,0
1591208369.880895,1057,18feee3f,8,   0.000000,0.00000000,0.00000000,  80.50000,0
1591208401.341616,1060,1cfd083f,8,   7.718822,0.81888986,2.16176551,   0.00000,0
1591208401.342182,1061,18feee3f,8,   0.000000,0.00000000,0.00000000,  80.50000,0
1591208432.802903,1064,1cfd083f,8,   7.671947,0.81922560,2.16225379,   0.00000,0
1591208432.803476,1065,18feee3f,8,   0.000000,0.00000000,0.00000000,  80.71875,0
1591208464.264230,1068,1cfd083f,8,   7.671947,0.81922560,2.16225379,   0.00000,0
1591208464.264799,1069,18feee3f,8,   0.000000,0.00000000,0.00000000,  80.71875,0
1591208495.727496,1072,1cfd083f,8,   7.671947,0.81922560,2.16225379,   0.00000,0
1591208495.728073,1073,18feee3f,8,   0.000000,0.00000000,0.00000000,  80.71875,0
1591208527.186848,1076,1cfd083f,8,   7.703197,0.81824888,2.16139929,   0.00000,0
1591208527.187407,1077,18feee3f,8,   0.000000,0.00000000,0.00000000,  80.84375,0
1591208558.648139,1080,1cfd083f,8,   7.703197,0.81824888,2.16139929,   0.00000,0
1591208558.648695,1081,18feee3f,8,   0.000000,0.00000000,0.00000000,  80.84375,0
1591208590.110996,1084,1cfd083f,8,   7.703197,0.81824888,2.16139929,   0.00000,0
1591208590.111569,1085,18feee3f,8,   0.000000,0.00000000,0.00000000,  80.84375,0
1591208621.570749,1088,1cfd083f,8,   7.609446,0.81885933,2.16115515,   0.00000,0
1591208621.571287,1089,18feee3f,8,   0.000000,0.00000000,0.00000000,  80.84375,0
1591208653.032027,1092,1cfd083f,8,   7.609446,0.81885933,2.16115515,   0.00000,0
1591208653.032619,1093,18feee3f,8,   0.000000,0.00000000,0.00000000,  80.93750,0
1591208684.494512,1096,1cfd083f,8,   7.609446,0.81885933,2.16115515,   0.00000,0
1591208684.495088,1097,18feee3f,8,   0.000000,0.00000000,0.00000000,  80.93750,0
1591208715.954638,1100,1cfd083f,8,   7.609446,0.81885933,2.16115515,   0.00000,0
1591208715.955242,1101,18feee3f,8,   0.000000,0.00000000,0.00000000,  80.93750,0
1591208747.415974,1104,1cfd083f,8,   7.593821,0.81867620,2.16066686,   0.00000,0
1591208747.416538,1105,18feee3f,8,   0.000000,0.00000000,0.00000000,  81.03125,0
1591208778.878043,1108,1cfd083f,8,   7.593821,0.81867620,2.16066686,   0.00000,0
1591208778.878626,1109,18feee3f,8,   0.000000,0.00000000,0.00000000,  81.03125,0
1591208810.338566,1112,1cfd083f,8,   7.593821,0.81867620,2.16066686,   0.00000,0
1591208810.339145,1113,18feee3f,8,   0.000000,0.00000000,0.00000000,  81.03125,0
1591208841.799886,1116,1cfd083f,8,   7.593821,0.81867620,2.16066686,   0.00000,0
1591208841.800546,1117,18feee3f,8,   0.000000,0.00000000,0.00000000,  81.03125,0
1591208873.261539,1120,1cfd083f,8,   7.609446,0.81788261,2.16066686,   0.00000,0
1591208873.262119,1121,18feee3f,8,   0.000000,0.00000000,0.00000000,  81.03125,0
1591208904.722508,1124,1cfd083f,8,   7.609446,0.81788261,2.16066686,   0.00000,0
1591208904.723076,1125,18feee3f,8,   0.000000,0.00000000,0.00000000,  81.03125,0
1591208936.183833,1128,1cfd083f,8,   7.609446,0.81788261,2.16066686,   0.00000,0
1591208936.184404,1129,18feee3f,8,   0.000000,0.00000000,0.00000000,  81.03125,0
1591208967.645108,1132,1cfd083f,8,   7.578196,0.81776052,2.16078894,   0.00000,0
1591208967.645692,1133,18feee3f,8,   0.000000,0.00000000,0.00000000,  80.96875,0
1591208999.106447,1136,1cfd083f,8,   7.578196,0.81776052,2.16078894,   0.00000,0
1591208999.106984,1137,18feee3f,8,   0.000000,0.00000000,0.00000000,  80.96875,0
1591209030.567725,1140,1cfd083f,8,   7.578196,0.81776052,2.16078894,   0.00000,0
1591209030.568297,1141,18feee3f,8,   0.000000,0.00000000,0.00000000,  80.96875,0
1591209062.031016,1144,1cfd083f,8,   7.578196,0.81843202,2.16066686,   0.00000,0
1591209062.031583,1145,18feee3f,8,   0.000000,0.00000000,0.00000000,  80.96875,0
1591209093.490371,1148,1cfd083f,8,   7.578196,0.81843202,2.16066686,   0.00000,0
1591209093.490936,1149,18feee3f,8,   0.000000,0.00000000,0.00000000,  80.96875,0
1591209124.951662,1152,1cfd083f,8,   7.578196,0.81843202,2.16066686,   0.00000,0
1591209124.952238,1153,18feee3f,8,   0.000000,0.00000000,0.00000000,  80.96875,0
1591209156.412994,1156,1cfd083f,8,   7.578196,0.81843202,2.16066686,   0.00000,0
1591209156.413560,1157,18feee3f,8,   0.000000,0.00000000,0.00000000,  80.96875,0
1591209187.874299,1160,1cfd083f,8,   7.546946,0.81794366,2.16127722,   0.00000,0
1591209187.874842,1161,18feee3f,8,   0.000000,0.00000000,0.00000000,  80.84375,0
1591209219.335594,1164,1cfd083f,8,   7.546946,0.81794366,2.16127722,   0.00000,0
1591209219.336166,1165,18feee3f,8,   0.000000,0.00000000,0.00000000,  80.84375,0
1591209250.796923,1168,1cfd083f,8,   7.546946,0.81794366,2.16127722,   0.00000,0
1591209250.797464,1169,18feee3f,8,   0.000000,0.00000000,0.00000000,  80.84375,0
1591209282.258233,1172,1cfd083f,8,   7.546946,0.81846254,2.16152136,   0.00000,0
1591209282.258809,1173,18feee3f,8,   0.000000,0.00000000,0.00000000,  80.65625,0
1591209313.719531,1176,1cfd083f,8,   7.546946,0.81846254,2.16152136,   0.00000,0
1591209313.720114,1177,18feee3f,8,   0.000000,0.00000000,0.00000000,  80.65625,0
1591209345.180843,1180,1cfd083f,8,   7.546946,0.81846254,2.16152136,   0.00000,0
1591209345.181426,1181,18feee3f,8,   0.000000,0.00000000,0.00000000,  80.65625,0
1591209376.642144,1184,1cfd083f,8,   7.593821,0.81885933,2.16237587,   0.00000,0
1591209376.642714,1185,18feee3f,8,   0.000000,0.00000000,0.00000000,  80.46875,0
1591209408.103479,1188,1cfd083f,8,   7.593821,0.81885933,2.16237587,   0.00000,0
1591209408.104042,1189,18feee3f,8,   0.000000,0.00000000,0.00000000,  80.46875,0
1591209439.564769,1192,1cfd083f,8,   7.593821,0.81885933,2.16237587,   0.00000,0
1591209439.565336,1193,18feee3f,8,   0.000000,0.00000000,0.00000000,  80.46875,0
1591209471.027265,1196,1cfd083f,8,   7.593821,0.81885933,2.16237587,   0.00000,0
1591209471.027839,1197,18feee3f,8,   0.000000,0.00000000,0.00000000,  80.46875,0
1591209502.487396,1200,1cfd083f,8,   7.640697,0.81867620,2.16164344,   0.00000,0
1591209502.487976,1201,18feee3f,8,   0.000000,0.00000000,0.00000000,  80.28125,0
1591209533.948733,1204,1cfd083f,8,   7.640697,0.81867620,2.16164344,   0.00000,0
1591209533.949267,1205,18feee3f,8,   0.000000,0.00000000,0.00000000,  80.28125,0
1591209565.410769,1208,1cfd083f,8,   7.640697,0.81867620,2.16164344,   0.00000,0
1591209565.411353,1209,18feee3f,8,   0.000000,0.00000000,0.00000000,  80.28125,0
1591209596.871333,1212,1cfd083f,8,   7.671947,0.81934769,2.16237587,   0.00000,0
1591209596.871905,1213,18feee3f,8,   0.000000,0.00000000,0.00000000,  80.21875,0
1591209628.332633,1216,1cfd083f,8,   7.671947,0.81934769,2.16237587,   0.00000,0
1591209628.333233,1217,18feee3f,8,   0.000000,0.00000000,0.00000000,  80.21875,0
1591209659.794316,1220,1cfd083f,8,   7.671947,0.81934769,2.16237587,   0.00000,0
1591209659.794920,1221,18feee3f,8,   0.000000,0.00000000,0.00000000,  80.21875,0
1591209691.255288,1224,1cfd083f,8,   7.671947,0.81934769,2.16237587,   0.00000,0
1591209691.255858,1225,18feee3f,8,   0.000000,0.00000000,0.00000000,  80.21875,0
1591209722.716586,1228,1cfd083f,8,   7.671947,0.81968344,2.16103308,   0.00000,0
1591209722.717148,1229,18feee3f,8,   0.000000,0.00000000,0.00000000,  80.31250,0
1591209754.177919,1232,1cfd083f,8,   7.671947,0.81968344,2.16103308,   0.00000,0
1591209754.178451,1233,18feee3f,8,   0.000000,0.00000000,0.00000000,  80.31250,0
1591209785.639224,1236,1cfd083f,8,   7.671947,0.81968344,2.16103308,   0.00000,0
1591209785.639784,1237,18feee3f,8,   0.000000,0.00000000,0.00000000,  80.31250,0
1591209817.100507,1240,1cfd083f,8,   7.718822,0.81934769,2.16103308,   0.00000,0
1591209817.101067,1241,18feee3f,8,   0.000000,0.00000000,0.00000000,  80.31250,0
1591209848.561819,1244,1cfd083f,8,   7.718822,0.81934769,2.16103308,   0.00000,0
1591209848.562396,1245,18feee3f,8,   0.000000,0.00000000,0.00000000,  80.31250,0
1591209880.023148,1248,1cfd083f,8,   7.718822,0.81934769,2.16103308,   0.00000,0
1591209880.023699,1249,18feee3f,8,   0.000000,0.00000000,0.00000000,  80.31250,0
1591209911.484435,1252,1cfd083f,8,   7.671947,0.81882881,2.16164344,   0.00000,0
1591209911.485024,1253,18feee3f,8,   0.000000,0.00000000,0.00000000,  80.65625,0
1591209942.947329,1256,1cfd083f,8,   7.671947,0.81882881,2.16164344,   0.00000,0
1591209942.947885,1257,18feee3f,8,   0.000000,0.00000000,0.00000000,  80.68750,0
1591209974.407083,1260,1cfd083f,8,   7.671947,0.81882881,2.16164344,   0.00000,0
1591209974.407638,1261,18feee3f,8,   0.000000,0.00000000,0.00000000,  80.68750,0
1591210005.868401,1264,1cfd083f,8,   7.671947,0.81882881,2.16164344,   0.00000,0
1591210005.868979,1265,18feee3f,8,   0.000000,0.00000000,0.00000000,  80.68750,0
1591210037.329718,1268,1cfd083f,8,   7.671947,0.81882881,2.16164344,   0.00000,0
1591210037.330272,1269,18feee3f,8,   0.000000,0.00000000,0.00000000,  80.68750,0
1591210068.792980,1272,1cfd083f,8,   7.609446,0.81834045,2.16127722,   0.00000,0
1591210068.793573,1273,18feee3f,8,   0.000000,0.00000000,0.00000000,  80.87500,0
1591210100.252342,1276,1cfd083f,8,   7.609446,0.81834045,2.16127722,   0.00000,0
1591210100.252899,1277,18feee3f,8,   0.000000,0.00000000,0.00000000,  80.87500,0
1591210131.713637,1280,1cfd083f,8,   7.609446,0.81834045,2.16127722,   0.00000,0
1591210131.714236,1281,18feee3f,8,   0.000000,0.00000000,0.00000000,  80.87500,0
1591210163.176517,1284,1cfd083f,8,   7.609446,0.81834045,2.16127722,   0.00000,0
1591210163.177091,1285,18feee3f,8,   0.000000,0.00000000,0.00000000,  80.87500,0
1591210194.636281,1288,1cfd083f,8,   7.625071,0.81834045,2.16091101,   0.00000,0
1591210194.636855,1289,18feee3f,8,   0.000000,0.00000000,0.00000000,  81.03125,0
1591210226.097592,1292,1cfd083f,8,   7.625071,0.81834045,2.16091101,   0.00000,0
1591210226.098165,1293,18feee3f,8,   0.000000,0.00000000,0.00000000,  81.03125,0
1591210257.560117,1296,1cfd083f,8,   7.625071,0.81834045,2.16091101,   0.00000,0
1591210257.560663,1297,18feee3f,8,   0.000000,0.00000000,0.00000000,  81.03125,0
1591210289.020232,1300,1cfd083f,8,   7.562571,0.81852358,2.16066686,   0.00000,0
1591210289.020780,1301,18feee3f,8,   0.000000,0.00000000,0.00000000,  81.12500,0
1591210320.481552,1304,1cfd083f,8,   7.562571,0.81852358,2.16066686,   0.00000,0
1591210320.482116,1305,18feee3f,8,   0.000000,0.00000000,0.00000000,  81.12500,0
1591210351.943625,1308,1cfd083f,8,   7.562571,0.81852358,2.16066686,   0.00000,0
1591210351.944199,1309,18feee3f,8,   0.000000,0.00000000,0.00000000,  81.12500,0
1591210383.404169,1312,1cfd083f,8,   7.593821,0.81751634,2.16054479,   0.00000,0
1591210383.404734,1313,18feee3f,8,   0.000000,0.00000000,0.00000000,  81.12500,0
1591210414.865513,1316,1cfd083f,8,   7.593821,0.81751634,2.16054479,   0.00000,0
1591210414.866072,1317,18feee3f,8,   0.000000,0.00000000,0.00000000,  81.12500,0
1591210446.327413,1320,1cfd083f,8,   7.593821,0.81751634,2.16054479,   0.00000,0
1591210446.327969,1321,18feee3f,8,   0.000000,0.00000000,0.00000000,  81.12500,0
1591210477.788542,1324,1cfd083f,8,   7.578196,0.81806575,2.15956822,   0.00000,0
1591210477.789097,1325,18feee3f,8,   0.000000,0.00000000,0.00000000,  81.06250,0
1591210509.250035,1328,1cfd083f,8,   7.578196,0.81806575,2.15956822,   0.00000,0
1591210509.250623,1329,18feee3f,8,   0.000000,0.00000000,0.00000000,  81.09375,0
1591210540.711520,1332,1cfd083f,8,   7.578196,0.81806575,2.15956822,   0.00000,0
1591210540.712110,1333,18feee3f,8,   0.000000,0.00000000,0.00000000,  81.09375,0
1591210572.173035,1336,1cfd083f,8,   7.578196,0.81806575,2.15956822,   0.00000,0
1591210572.173579,1337,18feee3f,8,   0.000000,0.00000000,0.00000000,  81.09375,0
1591210603.634518,1340,1cfd083f,8,   7.578196,0.81739425,2.15944615,   0.00000,0
1591210603.635091,1341,18feee3f,8,   0.000000,0.00000000,0.00000000,  80.93750,0
1591210635.095959,1344,1cfd083f,8,   7.578196,0.81739425,2.15944615,   0.00000,0
1591210635.096528,1345,18feee3f,8,   0.000000,0.00000000,0.00000000,  80.93750,0
1591210666.557452,1348,1cfd083f,8,   7.578196,0.81739425,2.15944615,   0.00000,0
1591210666.558017,1349,18feee3f,8,   0.000000,0.00000000,0.00000000,  80.93750,0
1591210698.018893,1352,1cfd083f,8,   7.515695,0.81873724,2.15969029,   0.00000,0
1591210698.019458,1353,18feee3f,8,   0.000000,0.00000000,0.00000000,  80.84375,0
1591210729.480327,1356,1cfd083f,8,   7.515695,0.81873724,2.15969029,   0.00000,0
1591210729.480898,1357,18feee3f,8,   0.000000,0.00000000,0.00000000,  80.84375,0
1591210760.941754,1360,1cfd083f,8,   7.515695,0.81873724,2.15969029,   0.00000,0
1591210760.942332,1361,18feee3f,8,   0.000000,0.00000000,0.00000000,  80.84375,0
1591210792.403237,1364,1cfd083f,8,   7.609446,0.81766895,2.16030065,   0.00000,0
1591210792.403803,1365,18feee3f,8,   0.000000,0.00000000,0.00000000,  80.62500,0
1591210823.864650,1368,1cfd083f,8,   7.609446,0.81766895,2.16030065,   0.00000,0
1591210823.865219,1369,18feee3f,8,   0.000000,0.00000000,0.00000000,  80.62500,0
1591210855.328035,1372,1cfd083f,8,   7.609446,0.81766895,2.16030065,   0.00000,0
1591210855.328600,1373,18feee3f,8,   0.000000,0.00000000,0.00000000,  80.62500,0
1591210886.787486,1376,1cfd083f,8,   7.609446,0.81766895,2.16030065,   0.00000,0
1591210886.788054,1377,18feee3f,8,   0.000000,0.00000000,0.00000000,  80.62500,0
1591210918.249678,1380,1cfd083f,8,   7.609446,0.81858463,2.15969029,   0.00000,0
1591210918.250246,1381,18feee3f,8,   0.000000,0.00000000,0.00000000,  80.37500,0
1591210949.711886,1384,1cfd083f,8,   7.609446,0.81858463,2.15969029,   0.00000,0
1591210949.712463,1385,18feee3f,8,   0.000000,0.00000000,0.00000000,  80.37500,0
1591210981.171717,1388,1cfd083f,8,   7.609446,0.81858463,2.15969029,   0.00000,0
1591210981.172282,1389,18feee3f,8,   0.000000,0.00000000,0.00000000,  80.37500,0
1591211012.633126,1392,1cfd083f,8,   7.609446,0.81858463,2.15969029,   0.00000,0
1591211012.633694,1393,18feee3f,8,   0.000000,0.00000000,0.00000000,  80.37500,0
1591211044.095691,1396,1cfd083f,8,   7.625071,0.81846254,2.16017858,   0.00000,0
1591211044.096265,1397,18feee3f,8,   0.000000,0.00000000,0.00000000,  80.21875,0
1591211075.555920,1400,1cfd083f,8,   7.625071,0.81846254,2.16017858,   0.00000,0
1591211075.556517,1401,18feee3f,8,   0.000000,0.00000000,0.00000000,  80.21875,0
1591211107.017335,1404,1cfd083f,8,   7.625071,0.81846254,2.16017858,   0.00000,0
1591211107.017909,1405,18feee3f,8,   0.000000,0.00000000,0.00000000,  80.21875,0
1591211138.478712,1408,1cfd083f,8,   7.671947,0.81843202,2.16066686,   0.00000,0
1591211138.479288,1409,18feee3f,8,   0.000000,0.00000000,0.00000000,  80.15625,0
1591211169.940119,1412,1cfd083f,8,   7.671947,0.81843202,2.16066686,   0.00000,0
1591211169.940710,1413,18feee3f,8,   0.000000,0.00000000,0.00000000,  80.15625,0
1591211201.401472,1416,1cfd083f,8,   7.671947,0.81843202,2.16066686,   0.00000,0
1591211201.402062,1417,18feee3f,8,   0.000000,0.00000000,0.00000000,  80.15625,0
1591211232.862864,1420,1cfd083f,8,   7.671947,0.81916456,2.17140916,   0.00000,0
1591211232.863455,1421,18feee3f,8,   0.000000,0.00000000,0.00000000,  80.25000,0
1591211264.324254,1424,1cfd083f,8,   7.671947,0.81916456,2.17140916,   0.00000,0
1591211264.324846,1425,18feee3f,8,   0.000000,0.00000000,0.00000000,  80.25000,0
1591211295.785610,1428,1cfd083f,8,   7.671947,0.81916456,2.17140916,   0.00000,0
1591211295.786220,1429,18feee3f,8,   0.000000,0.00000000,0.00000000,  80.25000,0
1591211327.247007,1432,1cfd083f,8,   7.671947,0.81916456,2.17140916,   0.00000,0
1591211327.247576,1433,18feee3f,8,   0.000000,0.00000000,0.00000000,  80.25000,0
1591211358.708364,1436,1cfd083f,8,   7.718822,0.81846254,2.17104295,   0.00000,0
1591211358.708933,1437,18feee3f,8,   0.000000,0.00000000,0.00000000,  80.50000,0
1591211390.169742,1440,1cfd083f,8,   7.718822,0.81846254,2.17104295,   0.00000,0
1591211390.170333,1441,18feee3f,8,   0.000000,0.00000000,0.00000000,  80.50000,0
1591211421.631117,1444,1cfd083f,8,   7.718822,0.81846254,2.17104295,   0.00000,0
1591211421.631691,1445,18feee3f,8,   0.000000,0.00000000,0.00000000,  80.50000,0
1591211453.092483,1448,1cfd083f,8,   7.687572,0.81855411,2.17092088,   0.00000,0
1591211453.093067,1449,18feee3f,8,   0.000000,0.00000000,0.00000000,  80.68750,0
1591211484.553857,1452,1cfd083f,8,   7.687572,0.81855411,2.17092088,   0.00000,0
1591211484.554442,1453,18feee3f,8,   0.000000,0.00000000,0.00000000,  80.68750,0
1591211516.015224,1456,1cfd083f,8,   7.687572,0.81855411,2.17092088,   0.00000,0
1591211516.015803,1457,18feee3f,8,   0.000000,0.00000000,0.00000000,  80.68750,0
1591211547.476572,1460,1cfd083f,8,   7.687572,0.81855411,2.17092088,   0.00000,0
1591211547.477149,1461,18feee3f,8,   0.000000,0.00000000,0.00000000,  80.68750,0
1591211578.937948,1464,1cfd083f,8,   7.609446,0.81934769,2.17104295,   0.00000,0
1591211578.938525,1465,18feee3f,8,   0.000000,0.00000000,0.00000000,  80.81250,0
1591211610.399313,1468,1cfd083f,8,   7.609446,0.81934769,2.17104295,   0.00000,0
1591211610.399898,1469,18feee3f,8,   0.000000,0.00000000,0.00000000,  80.81250,0
1591211641.862652,1472,1cfd083f,8,   7.609446,0.81934769,2.17104295,   0.00000,0
1591211641.863207,1473,18feee3f,8,   0.000000,0.00000000,0.00000000,  80.81250,0
1591211673.322062,1476,1cfd083f,8,   7.656322,0.81821836,2.17031052,   0.00000,0
1591211673.322621,1477,18feee3f,8,   0.000000,0.00000000,0.00000000,  80.90625,0
1591211704.783409,1480,1cfd083f,8,   7.656322,0.81821836,2.17031052,   0.00000,0
1591211704.783953,1481,18feee3f,8,   0.000000,0.00000000,0.00000000,  80.90625,0
1591211736.246316,1484,1cfd083f,8,   7.656322,0.81821836,2.17031052,   0.00000,0
1591211736.246904,1485,18feee3f,8,   0.000000,0.00000000,0.00000000,  80.90625,0
1591211767.706133,1488,1cfd083f,8,   7.578196,0.81776052,2.17079880,   0.00000,0
1591211767.706707,1489,18feee3f,8,   0.000000,0.00000000,0.00000000,  80.96875,0
1591211799.167471,1492,1cfd083f,8,   7.578196,0.81776052,2.17079880,   0.00000,0
1591211799.168059,1493,18feee3f,8,   0.000000,0.00000000,0.00000000,  80.96875,0
1591211830.630012,1496,1cfd083f,8,   7.578196,0.81776052,2.17079880,   0.00000,0
1591211830.630553,1497,18feee3f,8,   0.000000,0.00000000,0.00000000,  80.96875,0
1591211862.090191,1500,1cfd083f,8,   7.578196,0.81776052,2.17079880,   0.00000,0
1591211862.090755,1501,18feee3f,8,   0.000000,0.00000000,0.00000000,  80.96875,0
1591211893.551541,1504,1cfd083f,8,   7.562571,0.81827940,2.17006638,   0.00000,0
1591211893.552112,1505,18feee3f,8,   0.000000,0.00000000,0.00000000,  81.06250,0
1591211925.013627,1508,1cfd083f,8,   7.562571,0.81827940,2.17006638,   0.00000,0
1591211925.014205,1509,18feee3f,8,   0.000000,0.00000000,0.00000000,  81.06250,0
1591211956.474281,1512,1cfd083f,8,   7.562571,0.81827940,2.17006638,   0.00000,0
1591211956.474794,1513,18feee3f,8,   0.000000,0.00000000,0.00000000,  81.06250,0
1591211987.935588,1516,1cfd083f,8,   7.562571,0.81763843,2.16957809,   0.00000,0
1591211987.936171,1517,18feee3f,8,   0.000000,0.00000000,0.00000000,  81.03125,0
1591212019.397283,1520,1cfd083f,8,   7.562571,0.81763843,2.16957809,   0.00000,0
1591212019.397859,1521,18feee3f,8,   0.000000,0.00000000,0.00000000,  81.03125,0
1591212050.858279,1524,1cfd083f,8,   7.562571,0.81763843,2.16957809,   0.00000,0
1591212050.858857,1525,18feee3f,8,   0.000000,0.00000000,0.00000000,  81.03125,0
1591212082.319622,1528,1cfd083f,8,   7.562571,0.81763843,2.16957809,   0.00000,0
1591212082.320193,1529,18feee3f,8,   0.000000,0.00000000,0.00000000,  81.03125,0
1591212113.780983,1532,1cfd083f,8,   7.546946,0.81745529,2.16933395,   0.00000,0
1591212113.781555,1533,18feee3f,8,   0.000000,0.00000000,0.00000000,  80.96875,0
1591212145.242321,1536,1cfd083f,8,   7.546946,0.81745529,2.16933395,   0.00000,0
1591212145.242885,1537,18feee3f,8,   0.000000,0.00000000,0.00000000,  80.96875,0
1591212176.703679,1540,1cfd083f,8,   7.546946,0.81745529,2.16933395,   0.00000,0
1591212176.704258,1541,18feee3f,8,   0.000000,0.00000000,0.00000000,  80.96875,0
1591212208.166964,1544,1cfd083f,8,   7.531321,0.81834045,2.16872359,   0.00000,0
1591212208.167553,1545,18feee3f,8,   0.000000,0.00000000,0.00000000,  80.87500,0
1591212239.626352,1548,1cfd083f,8,   7.531321,0.81834045,2.16872359,   0.00000,0
1591212239.626936,1549,18feee3f,8,   0.000000,0.00000000,0.00000000,  80.87500,0
1591212271.087709,1552,1cfd083f,8,   7.531321,0.81834045,2.16872359,   0.00000,0
1591212271.088366,1553,18feee3f,8,   0.000000,0.00000000,0.00000000,  80.87500,0
1591212302.549045,1556,1cfd083f,8,   7.531321,0.81834045,2.16872359,   0.00000,0
1591212302.549636,1557,18feee3f,8,   0.000000,0.00000000,0.00000000,  80.87500,0
1591212334.010396,1560,1cfd083f,8,   7.578196,0.81791313,2.16835737,   0.00000,0
1591212334.010993,1561,18feee3f,8,   0.000000,0.00000000,0.00000000,  80.71875,0
1591212365.471732,1564,1cfd083f,8,   7.578196,0.81791313,2.16835737,   0.00000,0
1591212365.472323,1565,18feee3f,8,   0.000000,0.00000000,0.00000000,  80.71875,0
1591212396.933099,1568,1cfd083f,8,   7.578196,0.81791313,2.16835737,   0.00000,0
1591212396.933663,1569,18feee3f,8,   0.000000,0.00000000,0.00000000,  80.71875,0
1591212428.396382,1572,1cfd083f,8,   7.546946,0.81834045,2.17006638,   0.00000,0
1591212428.396951,1573,18feee3f,8,   0.000000,0.00000000,0.00000000,  80.50000,0
1591212459.855789,1576,1cfd083f,8,   7.546946,0.81834045,2.17006638,   0.00000,0
1591212459.856359,1577,18feee3f,8,   0.000000,0.00000000,0.00000000,  80.50000,0
1591212491.317215,1580,1cfd083f,8,   7.546946,0.81834045,2.17006638,   0.00000,0
1591212491.317792,1581,18feee3f,8,   0.000000,0.00000000,0.00000000,  80.50000,0
1591212522.780192,1584,1cfd083f,8,   7.546946,0.81834045,2.17006638,   0.00000,0
1591212522.780774,1585,18feee3f,8,   0.000000,0.00000000,0.00000000,  80.50000,0
1591212554.240035,1588,1cfd083f,8,   7.625071,0.81885933,2.16994430,   0.00000,0
1591212554.240610,1589,18feee3f,8,   0.000000,0.00000000,0.00000000,  80.28125,0
1591212585.701485,1592,1cfd083f,8,   7.625071,0.81885933,2.16994430,   0.00000,0
1591212585.702042,1593,18feee3f,8,   0.000000,0.00000000,0.00000000,  80.28125,0
1591212617.164034,1596,1cfd083f,8,   7.625071,0.81885933,2.16994430,   0.00000,0
1591212617.164611,1597,18feee3f,8,   0.000000,0.00000000,0.00000000,  80.28125,0
1591212648.624280,1600,1cfd083f,8,   7.640697,0.81855411,2.16957809,   0.00000,0
1591212648.624862,1601,18feee3f,8,   0.000000,0.00000000,0.00000000,  80.06250,0
1591212680.085657,1604,1cfd083f,8,   7.640697,0.81855411,2.16957809,   0.00000,0
1591212680.086230,1605,18feee3f,8,   0.000000,0.00000000,0.00000000,  80.06250,0
1591212711.547831,1608,1cfd083f,8,   7.640697,0.81855411,2.16957809,   0.00000,0
1591212711.548395,1609,18feee3f,8,   0.000000,0.00000000,0.00000000,  80.06250,0
1591212743.008496,1612,1cfd083f,8,   7.703197,0.81846254,2.17006638,   0.00000,0
1591212743.009037,1613,18feee3f,8,   0.000000,0.00000000,0.00000000,  80.06250,0
1591212774.469854,1616,1cfd083f,8,   7.703197,0.81846254,2.17006638,   0.00000,0
1591212774.470427,1617,18feee3f,8,   0.000000,0.00000000,0.00000000,  80.09375,0
1591212805.931620,1620,1cfd083f,8,   7.703197,0.81846254,2.17006638,   0.00000,0
1591212805.932186,1621,18feee3f,8,   0.000000,0.00000000,0.00000000,  80.09375,0
1591212837.392663,1624,1cfd083f,8,   7.703197,0.81846254,2.17006638,   0.00000,0
1591212837.393232,1625,18feee3f,8,   0.000000,0.00000000,0.00000000,  80.09375,0
1591212868.854025,1628,1cfd083f,8,   7.734448,0.81885933,2.17201952,   0.00000,0
1591212868.854595,1629,18feee3f,8,   0.000000,0.00000000,0.00000000,  80.37500,0
1591212900.315430,1632,1cfd083f,8,   7.734448,0.81885933,2.17201952,   0.00000,0
1591212900.316009,1633,18feee3f,8,   0.000000,0.00000000,0.00000000,  80.37500,0
1591212931.776791,1636,1cfd083f,8,   7.734448,0.81885933,2.17201952,   0.00000,0
1591212931.777381,1637,18feee3f,8,   0.000000,0.00000000,0.00000000,  80.37500,0
1591212963.238196,1640,1cfd083f,8,   7.734448,0.81885933,2.17201952,   0.00000,0
1591212963.238739,1641,18feee3f,8,   0.000000,0.00000000,0.00000000,  80.37500,0
1591212994.699571,1644,1cfd083f,8,   7.765698,0.81849306,2.17092088,   0.00000,0
1591212994.700123,1645,18feee3f,8,   0.000000,0.00000000,0.00000000,  80.62500,0
1591213026.160954,1648,1cfd083f,8,   7.765698,0.81849306,2.17092088,   0.00000,0
1591213026.161529,1649,18feee3f,8,   0.000000,0.00000000,0.00000000,  80.62500,0
1591213057.622346,1652,1cfd083f,8,   7.765698,0.81849306,2.17092088,   0.00000,0
1591213057.622891,1653,18feee3f,8,   0.000000,0.00000000,0.00000000,  80.62500,0
1591213089.083708,1656,1cfd083f,8,   7.687572,0.81809627,2.17128709,   0.00000,0
1591213089.084283,1657,18feee3f,8,   0.000000,0.00000000,0.00000000,  80.75000,0
1591213120.545087,1660,1cfd083f,8,   7.687572,0.81809627,2.17128709,   0.00000,0
1591213120.545638,1661,18feee3f,8,   0.000000,0.00000000,0.00000000,  80.75000,0
1591213152.006454,1664,1cfd083f,8,   7.687572,0.81809627,2.17128709,   0.00000,0
1591213152.007011,1665,18feee3f,8,   0.000000,0.00000000,0.00000000,  80.75000,0
1591213183.469000,1668,1cfd083f,8,   7.671947,0.81791313,2.17055466,   0.00000,0
1591213183.469556,1669,18feee3f,8,   0.000000,0.00000000,0.00000000,  80.81250,0
1591213214.931165,1672,1cfd083f,8,   7.671947,0.81791313,2.17055466,   0.00000,0
1591213214.931722,1673,18feee3f,8,   0.000000,0.00000000,0.00000000,  80.84375,0
1591213246.390584,1676,1cfd083f,8,   7.671947,0.81791313,2.17055466,   0.00000,0
1591213246.391154,1677,18feee3f,8,   0.000000,0.00000000,0.00000000,  80.84375,0
1591213277.851954,1680,1cfd083f,8,   7.671947,0.81791313,2.17055466,   0.00000,0
1591213277.852499,1681,18feee3f,8,   0.000000,0.00000000,0.00000000,  80.84375,0
1591213309.314871,1684,1cfd083f,8,   7.609446,0.81904247,2.17092088,   0.00000,0
1591213309.315443,1685,18feee3f,8,   0.000000,0.00000000,0.00000000,  80.87500,0
1591213340.774667,1688,1cfd083f,8,   7.609446,0.81904247,2.17092088,   0.00000,0
1591213340.775273,1689,18feee3f,8,   0.000000,0.00000000,0.00000000,  80.87500,0
1591213372.236071,1692,1cfd083f,8,   7.609446,0.81904247,2.17092088,   0.00000,0
1591213372.236661,1693,18feee3f,8,   0.000000,0.00000000,0.00000000,  80.87500,0
1591213403.697420,1696,1cfd083f,8,   7.609446,0.81834045,2.17031052,   0.00000,0
1591213403.698009,1697,18feee3f,8,   0.000000,0.00000000,0.00000000,  80.90625,0
1591213435.158776,1700,1cfd083f,8,   7.609446,0.81834045,2.17031052,   0.00000,0
1591213435.159347,1701,18feee3f,8,   0.000000,0.00000000,0.00000000,  80.90625,0
1591213466.620140,1704,1cfd083f,8,   7.609446,0.81834045,2.17031052,   0.00000,0
1591213466.620740,1705,18feee3f,8,   0.000000,0.00000000,0.00000000,  80.90625,0
1591213498.081529,1708,1cfd083f,8,   7.593821,0.81815731,2.16945602,   0.00000,0
1591213498.082101,1709,18feee3f,8,   0.000000,0.00000000,0.00000000,  80.93750,0
1591213529.542870,1712,1cfd083f,8,   7.593821,0.81815731,2.16945602,   0.00000,0
1591213529.543445,1713,18feee3f,8,   0.000000,0.00000000,0.00000000,  80.93750,0
1591213561.004268,1716,1cfd083f,8,   7.593821,0.81815731,2.16945602,   0.00000,0
1591213561.004832,1717,18feee3f,8,   0.000000,0.00000000,0.00000000,  80.93750,0
1591213592.465987,1720,1cfd083f,8,   7.593821,0.81815731,2.16945602,   0.00000,0
1591213592.466551,1721,18feee3f,8,   0.000000,0.00000000,0.00000000,  80.93750,0
1591213623.927008,1724,1cfd083f,8,   7.578196,0.81776052,2.17006638,   0.00000,0
1591213623.927578,1725,18feee3f,8,   0.000000,0.00000000,0.00000000,  80.90625,0
1591213655.388351,1728,1cfd083f,8,   7.578196,0.81776052,2.17006638,   0.00000,0
1591213655.388931,1729,18feee3f,8,   0.000000,0.00000000,0.00000000,  80.90625,0
1591213686.849745,1732,1cfd083f,8,   7.578196,0.81776052,2.17006638,   0.00000,0
1591213686.850277,1733,18feee3f,8,   0.000000,0.00000000,0.00000000,  80.90625,0
1591213718.311093,1736,1cfd083f,8,   7.562571,0.81895090,2.16957809,   0.00000,0
1591213718.311631,1737,18feee3f,8,   0.000000,0.00000000,0.00000000,  80.81250,0
1591213749.772444,1740,1cfd083f,8,   7.562571,0.81895090,2.16957809,   0.00000,0
1591213749.773015,1741,18feee3f,8,   0.000000,0.00000000,0.00000000,  80.81250,0
1591213781.233821,1744,1cfd083f,8,   7.562571,0.81895090,2.16957809,   0.00000,0
1591213781.234395,1745,18feee3f,8,   0.000000,0.00000000,0.00000000,  80.81250,0
1591213812.695164,1748,1cfd083f,8,   7.562571,0.81895090,2.16957809,   0.00000,0
1591213812.695743,1749,18feee3f,8,   0.000000,0.00000000,0.00000000,  80.81250,0
1591213844.156543,1752,1cfd083f,8,   7.562571,0.81846254,2.16970016,   0.00000,0
1591213844.157122,1753,18feee3f,8,   0.000000,0.00000000,0.00000000,  80.68750,0
1591213875.617907,1756,1cfd083f,8,   7.562571,0.81846254,2.16970016,   0.00000,0
1591213875.618492,1757,18feee3f,8,   0.000000,0.00000000,0.00000000,  80.68750,0
1591213907.079256,1760,1cfd083f,8,   7.562571,0.81846254,2.16970016,   0.00000,0
1591213907.079838,1761,18feee3f,8,   0.000000,0.00000000,0.00000000,  80.68750,0
1591213938.540626,1764,1cfd083f,8,   7.593821,0.81815731,2.16896773,   0.00000,0
1591213938.541178,1765,18feee3f,8,   0.000000,0.00000000,0.00000000,  80.56250,0
1591213970.001978,1768,1cfd083f,8,   7.593821,0.81815731,2.16896773,   0.00000,0
1591213970.002532,1769,18feee3f,8,   0.000000,0.00000000,0.00000000,  80.56250,0
1591214001.465336,1772,1cfd083f,8,   7.593821,0.81815731,2.16896773,   0.00000,0
1591214001.465889,1773,18feee3f,8,   0.000000,0.00000000,0.00000000,  80.56250,0
1591214032.924712,1776,1cfd083f,8,   7.593821,0.81864567,2.17079880,   0.00000,0
1591214032.925261,1777,18feee3f,8,   0.000000,0.00000000,0.00000000,  80.43750,0
1591214064.386065,1780,1cfd083f,8,   7.593821,0.81864567,2.17079880,   0.00000,0
1591214064.386639,1781,18feee3f,8,   0.000000,0.00000000,0.00000000,  80.43750,0
1591214095.848979,1784,1cfd083f,8,   7.593821,0.81864567,2.17079880,   0.00000,0
1591214095.849548,1785,18feee3f,8,   0.000000,0.00000000,0.00000000,  80.43750,0
1591214127.308801,1788,1cfd083f,8,   7.593821,0.81864567,2.17079880,   0.00000,0
1591214127.309340,1789,18feee3f,8,   0.000000,0.00000000,0.00000000,  80.43750,0
1591214158.770517,1792,1cfd083f,8,   7.640697,0.81864567,2.16982223,   0.00000,0
1591214158.771089,1793,18feee3f,8,   0.000000,0.00000000,0.00000000,  80.37500,0
1591214190.232680,1796,1cfd083f,8,   7.640697,0.81864567,2.16982223,   0.00000,0
1591214190.233246,1797,18feee3f,8,   0.000000,0.00000000,0.00000000,  80.34375,0
1591214221.692902,1800,1cfd083f,8,   7.640697,0.81864567,2.16982223,   0.00000,0
1591214221.693429,1801,18feee3f,8,   0.000000,0.00000000,0.00000000,  80.34375,0
1591214253.154231,1804,1cfd083f,8,   7.656322,0.81861515,2.17067673,   0.00000,0
1591214253.154803,1805,18feee3f,8,   0.000000,0.00000000,0.00000000,  80.37500,0
1591214284.616331,1808,1cfd083f,8,   7.656322,0.81861515,2.17067673,   0.00000,0
1591214284.616928,1809,18feee3f,8,   0.000000,0.00000000,0.00000000,  80.34375,0
1591214316.076937,1812,1cfd083f,8,   7.656322,0.81861515,2.17067673,   0.00000,0
1591214316.077500,1813,18feee3f,8,   0.000000,0.00000000,0.00000000,  80.34375,0
1591214347.538308,1816,1cfd083f,8,   7.656322,0.81861515,2.17067673,   0.00000,0
1591214347.538879,1817,18feee3f,8,   0.000000,0.00000000,0.00000000,  80.34375,0
1591214379.000010,1820,1cfd083f,8,   7.671947,0.81803522,2.17031052,   0.00000,0
1591214379.000602,1821,18feee3f,8,   0.000000,0.00000000,0.00000000,  80.43750,0
1591214410.461007,1824,1cfd083f,8,   7.671947,0.81803522,2.17031052,   0.00000,0
1591214410.461594,1825,18feee3f,8,   0.000000,0.00000000,0.00000000,  80.43750,0
1591214441.922389,1828,1cfd083f,8,   7.671947,0.81803522,2.17031052,   0.00000,0
1591214441.922951,1829,18feee3f,8,   0.000000,0.00000000,0.00000000,  80.43750,0
