timestamp,count,id,dlc,Viscosity (cp),Density (gm/cc),Dielectric constant (-),Temperature (C), Status
1593543402.539115,0,1cfd083f,8,   6.718813,0.80597881,2.14443134,   0.00000,0
1593543402.539543,1,18feee3f,8,   0.000000,0.00000000,0.00000000,  81.71875,0
1593543434.000842,4,1cfd083f,8,   7.156317,0.80759651,2.14797142,   0.00000,0
1593543434.001406,5,18feee3f,8,   0.000000,0.00000000,0.00000000,-250.68750,0
1593543465.463030,8,1cfd083f,8,   7.156317,0.80759651,2.14797142,   0.00000,0
1593543465.463589,9,18feee3f,8,   0.000000,0.00000000,0.00000000,-250.84375,0
1593543496.924447,12,1cfd083f,8,   7.156317,0.80759651,2.14797142,   0.00000,0
1593543496.925016,13,18feee3f,8,   0.000000,0.00000000,0.00000000,-250.84375,0
1593543528.386204,16,1cfd083f,8,   7.156317,0.80759651,2.14797142,   0.00000,0
1593543528.386760,17,18feee3f,8,   0.000000,0.00000000,0.00000000,-250.84375,0
1593543559.847928,20,1cfd083f,8,   7.578196,0.81022145,2.15053492,   0.00000,0
1593543559.848502,21,18feee3f,8,   0.000000,0.00000000,0.00000000,  76.78125,0
1593543591.309600,24,1cfd083f,8,   7.578196,0.81022145,2.15053492,   0.00000,0
1593543591.310175,25,18feee3f,8,   0.000000,0.00000000,0.00000000,  76.78125,0
1593543622.771278,28,1cfd083f,8,   7.578196,0.81022145,2.15053492,   0.00000,0
1593543622.771821,29,18feee3f,8,   0.000000,0.00000000,0.00000000,  76.78125,0
1593543654.232882,32,1cfd083f,8,   7.578196,0.81022145,2.15053492,   0.00000,0
1593543654.233469,33,18feee3f,8,   0.000000,0.00000000,0.00000000,  76.78125,0
1593543685.694479,36,1cfd083f,8,   0.625006,0.81113712,2.15383086,   0.00000,0
1593543685.695057,37,18feee3f,8,   0.000000,0.00000000,0.00000000,  75.93750,0
1593543717.156064,40,1cfd083f,8,   0.625006,0.81113712,2.15383086,   0.00000,0
1593543717.156629,41,18feee3f,8,   0.000000,0.00000000,0.00000000,  75.93750,0
1593543748.617627,44,1cfd083f,8,   0.625006,0.81113712,2.15383086,   0.00000,0
1593543748.618202,45,18feee3f,8,   0.000000,0.00000000,0.00000000,  75.93750,0
1593543780.079158,48,1cfd083f,8,   8.546955,0.81385363,2.15846958,   0.00000,0
1593543780.079738,49,18feee3f,8,   0.000000,0.00000000,0.00000000,  76.71875,0
1593543811.540669,52,1cfd083f,8,   8.546955,0.81385363,2.15846958,   0.00000,0
1593543811.541239,53,18feee3f,8,   0.000000,0.00000000,0.00000000,  76.78125,0
1593543843.002162,56,1cfd083f,8,   8.546955,0.81385363,2.15846958,   0.00000,0
1593543843.002724,57,18feee3f,8,   0.000000,0.00000000,0.00000000,  76.78125,0
1593543874.465615,60,1cfd083f,8,   8.546955,0.81385363,2.15846958,   0.00000,0
1593543874.466186,61,18feee3f,8,   0.000000,0.00000000,0.00000000,  76.78125,0
1593543905.925084,64,1cfd083f,8,   8.687581,0.81382311,2.16066686,   0.00000,0
1593543905.925666,65,18feee3f,8,   0.000000,0.00000000,0.00000000,  78.50000,0
1593543937.386546,68,1cfd083f,8,   8.687581,0.81382311,2.16066686,   0.00000,0
1593543937.387117,69,18feee3f,8,   0.000000,0.00000000,0.00000000,  78.50000,0
1593543968.849543,72,1cfd083f,8,   8.687581,0.81382311,2.16066686,   0.00000,0
1593543968.850117,73,18feee3f,8,   0.000000,0.00000000,0.00000000,  78.50000,0
1593544000.309432,76,1cfd083f,8,   8.500080,0.81327370,2.15944615,   0.00000,0
1593544000.309980,77,18feee3f,8,   0.000000,0.00000000,0.00000000,  79.93750,0
1593544031.770843,80,1cfd083f,8,   8.500080,0.81327370,2.15944615,   0.00000,0
1593544031.771423,81,18feee3f,8,   0.000000,0.00000000,0.00000000,  80.00000,0
1593544063.233419,84,1cfd083f,8,   8.500080,0.81327370,2.15944615,   0.00000,0
1593544063.233981,85,18feee3f,8,   0.000000,0.00000000,0.00000000,  80.00000,0
1593544094.693654,88,1cfd083f,8,   8.500080,0.81327370,2.15944615,   0.00000,0
1593544094.694219,89,18feee3f,8,   0.000000,0.00000000,0.00000000,  80.00000,0
1593544126.155045,92,1cfd083f,8,   0.609381,0.81238855,0.13598773,   0.00000,0
1593544126.155616,93,18feee3f,8,   0.000000,0.00000000,0.00000000,  80.78125,0
1593544157.617202,96,1cfd083f,8,   0.609381,0.81238855,0.13598773,   0.00000,0
1593544157.617743,97,18feee3f,8,   0.000000,0.00000000,0.00000000,  80.78125,0
1593544189.077813,100,1cfd083f,8,   0.609381,0.81238855,0.13598773,   0.00000,0
1593544189.078359,101,18feee3f,8,   0.000000,0.00000000,0.00000000,  80.78125,0
1593544220.539170,104,1cfd083f,8,   7.843824,0.81028249,2.15419707,   0.00000,0
1593544220.539713,105,18feee3f,8,   0.000000,0.00000000,0.00000000,  80.84375,0
1593544252.000893,108,1cfd083f,8,   7.843824,0.81028249,2.15419707,   0.00000,0
1593544252.001467,109,18feee3f,8,   0.000000,0.00000000,0.00000000,  80.84375,0
1593544283.461889,112,1cfd083f,8,   7.843824,0.81028249,2.15419707,   0.00000,0
1593544283.462451,113,18feee3f,8,   0.000000,0.00000000,0.00000000,  80.84375,0
1593544314.923225,116,1cfd083f,8,   7.843824,0.81028249,2.15419707,   0.00000,0
1593544314.923805,117,18feee3f,8,   0.000000,0.00000000,0.00000000,  80.84375,0
1593544346.384587,120,1cfd083f,8,   7.765698,0.80970256,2.15297635,   0.00000,0
1593544346.385129,121,18feee3f,8,   0.000000,0.00000000,0.00000000,  80.37500,0
1593544377.845922,124,1cfd083f,8,   7.765698,0.80970256,2.15297635,   0.00000,0
1593544377.846463,125,18feee3f,8,   0.000000,0.00000000,0.00000000,  80.37500,0
1593544409.307239,128,1cfd083f,8,   7.765698,0.80970256,2.15297635,   0.00000,0
1593544409.307823,129,18feee3f,8,   0.000000,0.00000000,0.00000000,  80.37500,0
1593544440.770542,132,1cfd083f,8,   7.718822,0.81022145,2.15334257,   0.00000,0
1593544440.771079,133,18feee3f,8,   0.000000,0.00000000,0.00000000,  79.84375,0
1593544472.229871,136,1cfd083f,8,   7.718822,0.81022145,2.15334257,   0.00000,0
1593544472.230471,137,18feee3f,8,   0.000000,0.00000000,0.00000000,  79.81250,0
1593544503.691208,140,1cfd083f,8,   7.718822,0.81022145,2.15334257,   0.00000,0
1593544503.691779,141,18feee3f,8,   0.000000,0.00000000,0.00000000,  79.81250,0
1593544535.152508,144,1cfd083f,8,   7.718822,0.81022145,2.15334257,   0.00000,0
1593544535.153078,145,18feee3f,8,   0.000000,0.00000000,0.00000000,  79.81250,0
1593544566.613820,148,1cfd083f,8,   7.796948,0.81046563,2.15334257,   0.00000,0
1593544566.614396,149,18feee3f,8,   0.000000,0.00000000,0.00000000,-250.62500,0
1593544598.075106,152,1cfd083f,8,   7.796948,0.81046563,2.15334257,   0.00000,0
1593544598.075687,153,18feee3f,8,   0.000000,0.00000000,0.00000000,-250.62500,0
1593544629.536442,156,1cfd083f,8,   7.796948,0.81046563,2.15334257,   0.00000,0
1593544629.537005,157,18feee3f,8,   0.000000,0.00000000,0.00000000,-250.62500,0
1593544660.997707,160,1cfd083f,8,   7.937574,0.81107608,2.15346464,   0.00000,0
1593544660.998312,161,18feee3f,8,   0.000000,0.00000000,0.00000000,-250.78125,0
1593544692.459024,164,1cfd083f,8,   7.937574,0.81107608,2.15346464,   0.00000,0
1593544692.459596,165,18feee3f,8,   0.000000,0.00000000,0.00000000,-250.75000,0
1593544723.920293,168,1cfd083f,8,   7.937574,0.81107608,2.15346464,   0.00000,0
1593544723.920863,169,18feee3f,8,   0.000000,0.00000000,0.00000000,-250.75000,0
1593544755.383150,172,1cfd083f,8,   7.937574,0.81107608,2.15346464,   0.00000,0
1593544755.383726,173,18feee3f,8,   0.000000,0.00000000,0.00000000,-250.75000,0
1593544786.842853,176,1cfd083f,8,   0.546880,0.81125921,2.15334257,   0.00000,0
1593544786.843427,177,18feee3f,8,   0.000000,0.00000000,0.00000000,-250.62500,0
1593544818.304122,180,1cfd083f,8,   0.546880,0.81125921,2.15334257,   0.00000,0
1593544818.304704,181,18feee3f,8,   0.000000,0.00000000,0.00000000,-250.62500,0
1593544849.766590,184,1cfd083f,8,   0.546880,0.81125921,2.15334257,   0.00000,0
1593544849.767158,185,18feee3f,8,   0.000000,0.00000000,0.00000000,-250.62500,0
1593544881.226697,188,1cfd083f,8,   7.984450,0.81095399,2.15407500,   0.00000,0
1593544881.227243,189,18feee3f,8,   0.000000,0.00000000,0.00000000,-250.62500,0
1593544912.687962,192,1cfd083f,8,   7.984450,0.81095399,2.15407500,   0.00000,0
1593544912.688522,193,18feee3f,8,   0.000000,0.00000000,0.00000000,  79.75000,0
1593544944.150011,196,1cfd083f,8,   7.984450,0.81095399,2.15407500,   0.00000,0
1593544944.150558,197,18feee3f,8,   0.000000,0.00000000,0.00000000,  79.75000,0
1593544975.610478,200,1cfd083f,8,   7.984450,0.81095399,2.15407500,   0.00000,0
1593544975.611075,201,18feee3f,8,   0.000000,0.00000000,0.00000000,  79.75000,0
1593545007.071769,204,1cfd083f,8,   0.515630,0.81101503,2.15517364,   0.00000,0
1593545007.072339,205,18feee3f,8,   0.000000,0.00000000,0.00000000,  80.28125,0
1593545038.533426,208,1cfd083f,8,   0.515630,0.81101503,2.15517364,   0.00000,0
1593545038.533958,209,18feee3f,8,   0.000000,0.00000000,0.00000000,  80.28125,0
1593545069.994301,212,1cfd083f,8,   0.515630,0.81101503,2.15517364,   0.00000,0
1593545069.994888,213,18feee3f,8,   0.000000,0.00000000,0.00000000,  80.28125,0
1593545101.455556,216,1cfd083f,8,   0.515630,0.81101503,2.15517364,   0.00000,0
1593545101.456128,217,18feee3f,8,   0.000000,0.00000000,0.00000000,  80.28125,0
1593545132.916834,220,1cfd083f,8,   7.875074,0.81162549,2.15407500,   0.00000,0
1593545132.917403,221,18feee3f,8,   0.000000,0.00000000,0.00000000,  80.78125,0
1593545164.378082,224,1cfd083f,8,   7.875074,0.81162549,2.15407500,   0.00000,0
1593545164.378680,225,18feee3f,8,   0.000000,0.00000000,0.00000000,  80.78125,0
1593545195.839337,228,1cfd083f,8,   7.875074,0.81162549,2.15407500,   0.00000,0
1593545195.839942,229,18feee3f,8,   0.000000,0.00000000,0.00000000,  80.78125,0
1593545227.302574,232,1cfd083f,8,   7.828198,0.81122869,2.15309843,   0.00000,0
1593545227.303153,233,18feee3f,8,   0.000000,0.00000000,0.00000000,  80.93750,0
1593545258.761859,236,1cfd083f,8,   7.828198,0.81122869,2.15309843,   0.00000,0
1593545258.762425,237,18feee3f,8,   0.000000,0.00000000,0.00000000,  80.93750,0
1593545290.223145,240,1cfd083f,8,   7.828198,0.81122869,2.15309843,   0.00000,0
1593545290.223694,241,18feee3f,8,   0.000000,0.00000000,0.00000000,  80.93750,0
1593545321.684381,244,1cfd083f,8,   7.828198,0.81122869,2.15309843,   0.00000,0
1593545321.684966,245,18feee3f,8,   0.000000,0.00000000,0.00000000,  80.93750,0
1593545353.145441,248,1cfd083f,8,   7.656322,0.81009936,2.15285428,   0.00000,0
1593545353.146009,249,18feee3f,8,   0.000000,0.00000000,0.00000000,  81.00000,0
1593545384.606336,252,1cfd083f,8,   7.656322,0.81009936,2.15285428,   0.00000,0
1593545384.606913,253,18feee3f,8,   0.000000,0.00000000,0.00000000,  81.00000,0
1593545416.067252,256,1cfd083f,8,   7.656322,0.81009936,2.15285428,   0.00000,0
1593545416.067860,257,18feee3f,8,   0.000000,0.00000000,0.00000000,  81.00000,0
1593545447.528225,260,1cfd083f,8,   7.734448,0.80893950,2.14052505,   0.00000,0
1593545447.528788,261,18feee3f,8,   0.000000,0.00000000,0.00000000,  80.87500,0
1593545478.989173,264,1cfd083f,8,   7.734448,0.80893950,2.14052505,   0.00000,0
1593545478.989739,265,18feee3f,8,   0.000000,0.00000000,0.00000000,  80.87500,0
1593545510.450157,268,1cfd083f,8,   7.734448,0.80893950,2.14052505,   0.00000,0
1593545510.450718,269,18feee3f,8,   0.000000,0.00000000,0.00000000,  80.87500,0
1593545541.912678,272,1cfd083f,8,   7.734448,0.80893950,2.14052505,   0.00000,0
1593545541.913284,273,18feee3f,8,   0.000000,0.00000000,0.00000000,  80.87500,0
1593545573.372138,276,1cfd083f,8,   7.859449,0.80460530,2.14186784,   0.00000,0
1593545573.372709,277,18feee3f,8,   0.000000,0.00000000,0.00000000,  80.53125,0
1593545604.833134,280,1cfd083f,8,   7.859449,0.80460530,2.14186784,   0.00000,0
1593545604.833706,281,18feee3f,8,   0.000000,0.00000000,0.00000000,  80.53125,0
1593545636.295320,284,1cfd083f,8,   7.859449,0.80460530,2.14186784,   0.00000,0
1593545636.295891,285,18feee3f,8,   0.000000,0.00000000,0.00000000,  80.53125,0
1593545667.755201,288,1cfd083f,8,   7.859449,0.80460530,2.14186784,   0.00000,0
1593545667.755765,289,18feee3f,8,   0.000000,0.00000000,0.00000000,  80.53125,0
1593545699.216250,292,1cfd083f,8,   7.687572,0.81128974,2.14028091,   0.00000,0
1593545699.216814,293,18feee3f,8,   0.000000,0.00000000,0.00000000,  80.25000,0
1593545730.678067,296,1cfd083f,8,   7.687572,0.81128974,2.14028091,   0.00000,0
1593545730.678644,297,18feee3f,8,   0.000000,0.00000000,0.00000000,  80.25000,0
1593545762.138353,300,1cfd083f,8,   7.687572,0.81128974,2.14028091,   0.00000,0
1593545762.138924,301,18feee3f,8,   0.000000,0.00000000,0.00000000,  80.25000,0
1593545793.599420,304,1cfd083f,8,   7.781323,0.81064876,2.15261014,   0.00000,0
1593545793.599998,305,18feee3f,8,   0.000000,0.00000000,0.00000000,  80.18750,0
1593545825.060871,308,1cfd083f,8,   7.781323,0.81064876,2.15261014,   0.00000,0
1593545825.061413,309,18feee3f,8,   0.000000,0.00000000,0.00000000,  80.12500,0
1593545856.521585,312,1cfd083f,8,   7.781323,0.81064876,2.15261014,   0.00000,0
1593545856.522164,313,18feee3f,8,   0.000000,0.00000000,0.00000000,  80.12500,0
1593545887.982674,316,1cfd083f,8,   7.781323,0.81064876,2.15261014,   0.00000,0
1593545887.983251,317,18feee3f,8,   0.000000,0.00000000,0.00000000,  80.12500,0
1593545919.443791,320,1cfd083f,8,   7.859449,0.81086242,2.15114528,   0.00000,0
1593545919.444361,321,18feee3f,8,   0.000000,0.00000000,0.00000000,  80.09375,0
1593545950.904880,324,1cfd083f,8,   7.859449,0.81086242,2.15114528,   0.00000,0
1593545950.905454,325,18feee3f,8,   0.000000,0.00000000,0.00000000,  80.12500,0
1593545982.365995,328,1cfd083f,8,   7.859449,0.81086242,2.15114528,   0.00000,0
1593545982.366565,329,18feee3f,8,   0.000000,0.00000000,0.00000000,  80.12500,0
1593546013.827122,332,1cfd083f,8,   7.859449,0.81086242,2.15114528,   0.00000,0
1593546013.827689,333,18feee3f,8,   0.000000,0.00000000,0.00000000,  80.12500,0
1593546045.288251,336,1cfd083f,8,   7.875074,0.81070981,2.15358671,   0.00000,0
1593546045.288813,337,18feee3f,8,   0.000000,0.00000000,0.00000000,  80.28125,0
1593546076.749360,340,1cfd083f,8,   7.875074,0.81070981,2.15358671,   0.00000,0
1593546076.749931,341,18feee3f,8,   0.000000,0.00000000,0.00000000,  80.28125,0
1593546108.210496,344,1cfd083f,8,   7.875074,0.81070981,2.15358671,   0.00000,0
1593546108.211058,345,18feee3f,8,   0.000000,0.00000000,0.00000000,  80.28125,0
1593546139.671636,348,1cfd083f,8,   7.875074,0.81070981,2.15358671,   0.00000,0
1593546139.672197,349,18feee3f,8,   0.000000,0.00000000,0.00000000,  80.28125,0
1593546171.132746,352,1cfd083f,8,   7.828198,0.81101503,2.15212185,   0.00000,0
1593546171.133324,353,18feee3f,8,   0.000000,0.00000000,0.00000000,  80.46875,0
1593546202.593872,356,1cfd083f,8,   7.828198,0.81101503,2.15212185,   0.00000,0
1593546202.594478,357,18feee3f,8,   0.000000,0.00000000,0.00000000,  80.46875,0
1593546234.056980,360,1cfd083f,8,   7.828198,0.81101503,2.15212185,   0.00000,0
1593546234.057549,361,18feee3f,8,   0.000000,0.00000000,0.00000000,  80.46875,0
1593546265.516180,364,1cfd083f,8,   7.828198,0.81101503,2.15212185,   0.00000,0
1593546265.516750,365,18feee3f,8,   0.000000,0.00000000,0.00000000,  80.46875,0
1593546296.977328,368,1cfd083f,8,   7.796948,0.81101503,2.15370878,   0.00000,0
1593546296.977889,369,18feee3f,8,   0.000000,0.00000000,0.00000000,  80.46875,0
1593546328.440041,372,1cfd083f,8,   7.796948,0.81101503,2.15370878,   0.00000,0
1593546328.440616,373,18feee3f,8,   0.000000,0.00000000,0.00000000,  80.46875,0
1593546359.899631,376,1cfd083f,8,   7.796948,0.81101503,2.15370878,   0.00000,0
1593546359.900194,377,18feee3f,8,   0.000000,0.00000000,0.00000000,  80.46875,0
1593546391.361139,380,1cfd083f,8,   7.828198,0.81101503,2.15090114,   0.00000,0
1593546391.361702,381,18feee3f,8,   0.000000,0.00000000,0.00000000,  80.43750,0
1593546422.823096,384,1cfd083f,8,   7.828198,0.81101503,2.15090114,   0.00000,0
1593546422.823661,385,18feee3f,8,   0.000000,0.00000000,0.00000000,  80.43750,0
1593546454.283076,388,1cfd083f,8,   7.828198,0.81101503,2.15090114,   0.00000,0
1593546454.283624,389,18feee3f,8,   0.000000,0.00000000,0.00000000,  80.43750,0
1593546485.744217,392,1cfd083f,8,   7.828198,0.81101503,2.15090114,   0.00000,0
1593546485.744817,393,18feee3f,8,   0.000000,0.00000000,0.00000000,  80.43750,0
1593546517.206157,396,1cfd083f,8,   7.765698,0.81074033,2.15444121,   0.00000,0
1593546517.206729,397,18feee3f,8,   0.000000,0.00000000,0.00000000,  80.40625,0
1593546548.666566,400,1cfd083f,8,   7.765698,0.81074033,2.15444121,   0.00000,0
1593546548.667109,401,18feee3f,8,   0.000000,0.00000000,0.00000000,  80.40625,0
1593546580.127713,404,1cfd083f,8,   7.765698,0.81074033,2.15444121,   0.00000,0
1593546580.128293,405,18feee3f,8,   0.000000,0.00000000,0.00000000,  80.40625,0
1593546611.588879,408,1cfd083f,8,   7.890699,0.80649769,2.15346464,   0.00000,0
1593546611.589458,409,18feee3f,8,   0.000000,0.00000000,0.00000000,  80.43750,0
1593546643.050049,412,1cfd083f,8,   7.890699,0.80649769,2.15346464,   0.00000,0
1593546643.050627,413,18feee3f,8,   0.000000,0.00000000,0.00000000,  80.43750,0
1593546674.511236,416,1cfd083f,8,   7.890699,0.80649769,2.15346464,   0.00000,0
1593546674.511777,417,18feee3f,8,   0.000000,0.00000000,0.00000000,  80.43750,0
1593546705.972391,420,1cfd083f,8,   7.812573,0.80787121,2.15322050,   0.00000,0
1593546705.972974,421,18feee3f,8,   0.000000,0.00000000,0.00000000,  80.50000,0
1593546737.433565,424,1cfd083f,8,   7.812573,0.80787121,2.15322050,   0.00000,0
1593546737.434146,425,18feee3f,8,   0.000000,0.00000000,0.00000000,  80.50000,0
1593546768.894751,428,1cfd083f,8,   7.812573,0.80787121,2.15322050,   0.00000,0
1593546768.895285,429,18feee3f,8,   0.000000,0.00000000,0.00000000,  80.50000,0
1593546800.355922,432,1cfd083f,8,   7.812573,0.80787121,2.15322050,   0.00000,0
1593546800.356487,433,18feee3f,8,   0.000000,0.00000000,0.00000000,  80.50000,0
1593546831.817065,436,1cfd083f,8,   7.734448,0.81138130,2.15309843,   0.00000,0
1593546831.817668,437,18feee3f,8,   0.000000,0.00000000,0.00000000,  80.46875,0
1593546863.278248,440,1cfd083f,8,   7.734448,0.81138130,2.15309843,   0.00000,0
1593546863.278811,441,18feee3f,8,   0.000000,0.00000000,0.00000000,  80.46875,0
1593546894.739437,444,1cfd083f,8,   7.734448,0.81138130,2.15309843,   0.00000,0
1593546894.740010,445,18feee3f,8,   0.000000,0.00000000,0.00000000,  80.46875,0
1593546926.200627,448,1cfd083f,8,   7.703197,0.81135078,2.15358671,   0.00000,0
1593546926.201199,449,18feee3f,8,   0.000000,0.00000000,0.00000000,  80.46875,0
1593546957.661788,452,1cfd083f,8,   7.703197,0.81135078,2.15358671,   0.00000,0
1593546957.662363,453,18feee3f,8,   0.000000,0.00000000,0.00000000,  80.46875,0
1593546989.122969,456,1cfd083f,8,   7.703197,0.81135078,2.15358671,   0.00000,0
1593546989.123549,457,18feee3f,8,   0.000000,0.00000000,0.00000000,  80.46875,0
1593547020.584172,460,1cfd083f,8,   0.609381,0.80097311,2.14760521,   0.00000,0
1593547020.584737,461,18feee3f,8,   0.000000,0.00000000,0.00000000,  80.46875,0
1593547052.045347,464,1cfd083f,8,   0.609381,0.80097311,2.14760521,   0.00000,0
1593547052.045910,465,18feee3f,8,   0.000000,0.00000000,0.00000000,  80.46875,0
1593547083.506540,468,1cfd083f,8,   0.609381,0.80097311,2.14760521,   0.00000,0
1593547083.507105,469,18feee3f,8,   0.000000,0.00000000,0.00000000,  80.46875,0
1593547114.969274,472,1cfd083f,8,   0.609381,0.80097311,2.14760521,   0.00000,0
1593547114.969845,473,18feee3f,8,   0.000000,0.00000000,0.00000000,  80.46875,0
1593547146.428901,476,1cfd083f,8,   7.984450,0.80045423,2.14870385,   0.00000,0
1593547146.429462,477,18feee3f,8,   0.000000,0.00000000,0.00000000,  80.40625,0
1593547177.890077,480,1cfd083f,8,   7.984450,0.80045423,2.14870385,   0.00000,0
1593547177.890651,481,18feee3f,8,   0.000000,0.00000000,0.00000000,  80.40625,0
1593547209.352453,484,1cfd083f,8,   7.984450,0.80045423,2.14870385,   0.00000,0
1593547209.353019,485,18feee3f,8,   0.000000,0.00000000,0.00000000,  80.40625,0
1593547240.812471,488,1cfd083f,8,   7.750073,0.81089294,2.14797142,   0.00000,0
1593547240.813037,489,18feee3f,8,   0.000000,0.00000000,0.00000000,  80.40625,0
1593547272.273649,492,1cfd083f,8,   7.750073,0.81089294,2.14797142,   0.00000,0
1593547272.274221,493,18feee3f,8,   0.000000,0.00000000,0.00000000,  80.40625,0
1593547303.735610,496,1cfd083f,8,   7.750073,0.81089294,2.14797142,   0.00000,0
1593547303.736186,497,18feee3f,8,   0.000000,0.00000000,0.00000000,  80.40625,0
1593547335.196025,500,1cfd083f,8,   7.765698,0.81086242,2.14821556,   0.00000,0
1593547335.196594,501,18feee3f,8,   0.000000,0.00000000,0.00000000,  80.34375,0
1593547366.657234,504,1cfd083f,8,   7.765698,0.81086242,2.14821556,   0.00000,0
1593547366.657804,505,18feee3f,8,   0.000000,0.00000000,0.00000000,  80.34375,0
1593547398.119060,508,1cfd083f,8,   7.765698,0.81086242,2.14821556,   0.00000,0
1593547398.119641,509,18feee3f,8,   0.000000,0.00000000,0.00000000,  80.34375,0
1593547429.580466,512,1cfd083f,8,   7.765698,0.81086242,2.14821556,   0.00000,0
1593547429.581050,513,18feee3f,8,   0.000000,0.00000000,0.00000000,  80.34375,0
1593547461.042236,516,1cfd083f,8,   7.796948,0.81092347,2.14760521,   0.00000,0
1593547461.042812,517,18feee3f,8,   0.000000,0.00000000,0.00000000,  80.37500,0
1593547492.503967,520,1cfd083f,8,   7.796948,0.81092347,2.14760521,   0.00000,0
1593547492.504554,521,18feee3f,8,   0.000000,0.00000000,0.00000000,  80.37500,0
1593547523.965687,524,1cfd083f,8,   7.796948,0.81092347,2.14760521,   0.00000,0
1593547523.966257,525,18feee3f,8,   0.000000,0.00000000,0.00000000,  80.37500,0
1593547555.427362,528,1cfd083f,8,   7.796948,0.81092347,2.14760521,   0.00000,0
1593547555.427936,529,18feee3f,8,   0.000000,0.00000000,0.00000000,  80.37500,0
1593547586.890994,532,1cfd083f,8,   7.796948,0.80887845,2.14809349,   0.00000,0
1593547586.891560,533,18feee3f,8,   0.000000,0.00000000,0.00000000,  80.50000,0
1593547618.350650,536,1cfd083f,8,   7.796948,0.80887845,2.14809349,   0.00000,0
1593547618.351221,537,18feee3f,8,   0.000000,0.00000000,0.00000000,  80.50000,0
1593547649.812280,540,1cfd083f,8,   7.796948,0.80887845,2.14809349,   0.00000,0
1593547649.812849,541,18feee3f,8,   0.000000,0.00000000,0.00000000,  80.50000,0
1593547681.273870,544,1cfd083f,8,   7.796948,0.80887845,2.14809349,   0.00000,0
1593547681.274448,545,18feee3f,8,   0.000000,0.00000000,0.00000000,  80.50000,0
1593547712.735463,548,1cfd083f,8,   7.875074,0.81009936,2.14809349,   0.00000,0
1593547712.736034,549,18feee3f,8,   0.000000,0.00000000,0.00000000,  80.71875,0
1593547744.197037,552,1cfd083f,8,   7.875074,0.81009936,2.14809349,   0.00000,0
1593547744.197577,553,18feee3f,8,   0.000000,0.00000000,0.00000000,  80.71875,0
1593547775.658582,556,1cfd083f,8,   7.875074,0.81009936,2.14809349,   0.00000,0
1593547775.659154,557,18feee3f,8,   0.000000,0.00000000,0.00000000,  80.71875,0
1593547807.122069,560,1cfd083f,8,   7.781323,0.81012988,2.14736106,   0.00000,0
1593547807.122647,561,18feee3f,8,   0.000000,0.00000000,0.00000000,  80.71875,0
1593547838.581618,564,1cfd083f,8,   7.781323,0.81012988,2.14736106,   0.00000,0
1593547838.582189,565,18feee3f,8,   0.000000,0.00000000,0.00000000,  80.71875,0
1593547870.043122,568,1cfd083f,8,   7.781323,0.81012988,2.14736106,   0.00000,0
1593547870.043706,569,18feee3f,8,   0.000000,0.00000000,0.00000000,  80.71875,0
1593547901.506204,572,1cfd083f,8,   7.781323,0.81012988,2.14736106,   0.00000,0
1593547901.506778,573,18feee3f,8,   0.000000,0.00000000,0.00000000,  80.71875,0
1593547932.966105,576,1cfd083f,8,   7.781323,0.80964152,2.14723899,   0.00000,0
1593547932.966687,577,18feee3f,8,   0.000000,0.00000000,0.00000000,  81.21875,0
1593547964.427571,580,1cfd083f,8,   7.781323,0.80964152,2.14723899,   0.00000,0
1593547964.428140,581,18feee3f,8,   0.000000,0.00000000,0.00000000,  81.21875,0
1593547995.890207,584,1cfd083f,8,   7.781323,0.80964152,2.14723899,   0.00000,0
1593547995.890799,585,18feee3f,8,   0.000000,0.00000000,0.00000000,  81.21875,0
1593548027.350499,588,1cfd083f,8,   7.781323,0.80964152,2.14723899,   0.00000,0
1593548027.351071,589,18feee3f,8,   0.000000,0.00000000,0.00000000,  81.21875,0
1593548058.811972,592,1cfd083f,8,   7.781323,0.80964152,2.14723899,   0.00000,0
1593548058.812507,593,18feee3f,8,   0.000000,0.00000000,0.00000000,  81.21875,0
1593548090.274155,596,1cfd083f,8,   7.656322,0.81022145,2.14675070,   0.00000,0
1593548090.274732,597,18feee3f,8,   0.000000,0.00000000,0.00000000,  81.40625,0
1593548121.734841,600,1cfd083f,8,   7.656322,0.81022145,2.14675070,   0.00000,0
1593548121.735410,601,18feee3f,8,   0.000000,0.00000000,0.00000000,  81.40625,0
1593548153.196236,604,1cfd083f,8,   7.656322,0.81022145,2.14675070,   0.00000,0
1593548153.196817,605,18feee3f,8,   0.000000,0.00000000,0.00000000,  81.40625,0
1593548184.657675,608,1cfd083f,8,   7.625071,0.80991622,2.14662863,   0.00000,0
1593548184.658256,609,18feee3f,8,   0.000000,0.00000000,0.00000000,  81.46875,0
1593548216.119068,612,1cfd083f,8,   7.625071,0.80991622,2.14662863,   0.00000,0
1593548216.119675,613,18feee3f,8,   0.000000,0.00000000,0.00000000,  81.46875,0
1593548247.580482,616,1cfd083f,8,   7.625071,0.80991622,2.14662863,   0.00000,0
1593548247.581063,617,18feee3f,8,   0.000000,0.00000000,0.00000000,  81.46875,0
1593548279.041881,620,1cfd083f,8,   7.625071,0.80991622,2.14662863,   0.00000,0
1593548279.042450,621,18feee3f,8,   0.000000,0.00000000,0.00000000,  81.46875,0
1593548310.503285,624,1cfd083f,8,   7.625071,0.80991622,2.14662863,   0.00000,0
1593548310.503872,625,18feee3f,8,   0.000000,0.00000000,0.00000000,  81.46875,0
1593548341.964667,628,1cfd083f,8,   7.578196,0.80677240,2.14626242,   0.00000,0
1593548341.965251,629,18feee3f,8,   0.000000,0.00000000,0.00000000,  81.34375,0
1593548373.426044,632,1cfd083f,8,   7.578196,0.80677240,2.14626242,   0.00000,0
1593548373.426619,633,18feee3f,8,   0.000000,0.00000000,0.00000000,  81.34375,0
1593548404.887419,636,1cfd083f,8,   7.578196,0.80677240,2.14626242,   0.00000,0
1593548404.887999,637,18feee3f,8,   0.000000,0.00000000,0.00000000,  81.34375,0
1593548436.348809,640,1cfd083f,8,   7.625071,0.05048432,2.15151150,   0.00000,0
1593548436.349392,641,18feee3f,8,   0.000000,0.00000000,0.00000000,  81.34375,0
1593548467.810207,644,1cfd083f,8,   7.625071,0.05048432,2.15151150,   0.00000,0
1593548467.810752,645,18feee3f,8,   0.000000,0.00000000,0.00000000,  81.34375,0
1593548499.271566,648,1cfd083f,8,   7.625071,0.05048432,2.15151150,   0.00000,0
1593548499.272134,649,18feee3f,8,   0.000000,0.00000000,0.00000000,  81.34375,0
1593548530.732912,652,1cfd083f,8,   7.625071,0.05048432,2.15151150,   0.00000,0
1593548530.733481,653,18feee3f,8,   0.000000,0.00000000,0.00000000,  81.34375,0
1593548562.195461,656,1cfd083f,8,   7.656322,0.80964152,2.15004664,   0.00000,0
1593548562.195998,657,18feee3f,8,   0.000000,0.00000000,0.00000000,  81.31250,0
1593548593.657607,660,1cfd083f,8,   7.656322,0.80964152,2.15004664,   0.00000,0
1593548593.658176,661,18feee3f,8,   0.000000,0.00000000,0.00000000,  81.31250,0
1593548625.116993,664,1cfd083f,8,   7.656322,0.80964152,2.15004664,   0.00000,0
1593548625.117573,665,18feee3f,8,   0.000000,0.00000000,0.00000000,  81.31250,0
1593548656.578343,668,1cfd083f,8,   7.656322,0.80964152,2.15004664,   0.00000,0
1593548656.578920,669,18feee3f,8,   0.000000,0.00000000,0.00000000,  81.31250,0
1593548688.039681,672,1cfd083f,8,   7.515695,0.80948891,2.15248807,   0.00000,0
1593548688.040264,673,18feee3f,8,   0.000000,0.00000000,0.00000000,  81.15625,0
1593548719.501047,676,1cfd083f,8,   7.515695,0.80948891,2.15248807,   0.00000,0
1593548719.501617,677,18feee3f,8,   0.000000,0.00000000,0.00000000,  81.15625,0
1593548750.962363,680,1cfd083f,8,   7.515695,0.80948891,2.15248807,   0.00000,0
1593548750.962937,681,18feee3f,8,   0.000000,0.00000000,0.00000000,  81.15625,0
1593548782.424877,684,1cfd083f,8,   7.515695,0.80948891,2.15248807,   0.00000,0
1593548782.425459,685,18feee3f,8,   0.000000,0.00000000,0.00000000,  81.15625,0
1593548813.885049,688,1cfd083f,8,   7.703197,0.80912264,2.15053492,   0.00000,0
1593548813.885652,689,18feee3f,8,   0.000000,0.00000000,0.00000000,  81.03125,0
1593548845.346405,692,1cfd083f,8,   7.703197,0.80912264,2.15053492,   0.00000,0
1593548845.346981,693,18feee3f,8,   0.000000,0.00000000,0.00000000,  81.03125,0
1593548876.808521,696,1cfd083f,8,   7.703197,0.80912264,2.15053492,   0.00000,0
1593548876.809093,697,18feee3f,8,   0.000000,0.00000000,0.00000000,  81.03125,0
1593548908.269056,700,1cfd083f,8,   7.671947,0.81040458,2.15126735,   0.00000,0
1593548908.269629,701,18feee3f,8,   0.000000,0.00000000,0.00000000,  80.75000,0
1593548939.730410,704,1cfd083f,8,   7.671947,0.81040458,2.15126735,   0.00000,0
1593548939.730995,705,18feee3f,8,   0.000000,0.00000000,0.00000000,  80.75000,0
1593548971.192105,708,1cfd083f,8,   7.671947,0.81040458,2.15126735,   0.00000,0
1593548971.192676,709,18feee3f,8,   0.000000,0.00000000,0.00000000,  80.75000,0
1593549002.653063,712,1cfd083f,8,   7.671947,0.81040458,2.15126735,   0.00000,0
1593549002.653638,713,18feee3f,8,   0.000000,0.00000000,0.00000000,  80.75000,0
1593549034.114399,716,1cfd083f,8,   7.765698,0.80945838,2.15041285,   0.00000,0
1593549034.114969,717,18feee3f,8,   0.000000,0.00000000,0.00000000,  80.40625,0
1593549065.575711,720,1cfd083f,8,   7.765698,0.80945838,2.15041285,   0.00000,0
1593549065.576277,721,18feee3f,8,   0.000000,0.00000000,0.00000000,  80.40625,0
1593549097.037031,724,1cfd083f,8,   7.765698,0.80945838,2.15041285,   0.00000,0
1593549097.037601,725,18feee3f,8,   0.000000,0.00000000,0.00000000,  80.40625,0
1593549128.498370,728,1cfd083f,8,   7.765698,0.80945838,2.15041285,   0.00000,0
1593549128.498949,729,18feee3f,8,   0.000000,0.00000000,0.00000000,  80.40625,0
1593549159.959676,732,1cfd083f,8,   7.843824,0.80851218,2.15322050,   0.00000,0
1593549159.960273,733,18feee3f,8,   0.000000,0.00000000,0.00000000,  80.06250,0
1593549191.421017,736,1cfd083f,8,   7.843824,0.80851218,2.15322050,   0.00000,0
1593549191.421587,737,18feee3f,8,   0.000000,0.00000000,0.00000000,  80.06250,0
1593549222.882347,740,1cfd083f,8,   7.843824,0.80851218,2.15322050,   0.00000,0
1593549222.882909,741,18feee3f,8,   0.000000,0.00000000,0.00000000,  80.06250,0
1593549254.345210,744,1cfd083f,8,   7.843824,0.81003831,2.14797142,   0.00000,0
1593549254.345778,745,18feee3f,8,   0.000000,0.00000000,0.00000000,  79.87500,0
1593549285.804952,748,1cfd083f,8,   7.843824,0.81003831,2.14797142,   0.00000,0
1593549285.805521,749,18feee3f,8,   0.000000,0.00000000,0.00000000,  79.90625,0
1593549317.266283,752,1cfd083f,8,   7.843824,0.81003831,2.14797142,   0.00000,0
1593549317.266854,753,18feee3f,8,   0.000000,0.00000000,0.00000000,  79.90625,0
1593549348.727596,756,1cfd083f,8,   7.843824,0.81003831,2.14797142,   0.00000,0
1593549348.728138,757,18feee3f,8,   0.000000,0.00000000,0.00000000,  79.90625,0
1593549380.190875,760,1cfd083f,8,   7.828198,0.81128974,2.14699485,   0.00000,0
1593549380.191444,761,18feee3f,8,   0.000000,0.00000000,0.00000000,  79.90625,0
1593549411.650228,764,1cfd083f,8,   7.828198,0.81128974,2.14699485,   0.00000,0
1593549411.650772,765,18feee3f,8,   0.000000,0.00000000,0.00000000,  79.90625,0
1593549443.111440,768,1cfd083f,8,   7.828198,0.81128974,2.14699485,   0.00000,0
1593549443.112011,769,18feee3f,8,   0.000000,0.00000000,0.00000000,  79.90625,0
1593549474.572504,772,1cfd083f,8,   7.953200,0.80539888,2.15309843,   0.00000,0
1593549474.573074,773,18feee3f,8,   0.000000,0.00000000,0.00000000,  79.90625,0
1593549506.033578,776,1cfd083f,8,   7.953200,0.80539888,2.15309843,   0.00000,0
1593549506.034123,777,18feee3f,8,   0.000000,0.00000000,0.00000000,  80.15625,0
1593549537.494672,780,1cfd083f,8,   7.953200,0.80539888,2.15309843,   0.00000,0
1593549537.495239,781,18feee3f,8,   0.000000,0.00000000,0.00000000,  80.15625,0
1593549568.956915,784,1cfd083f,8,   7.953200,0.80539888,2.15309843,   0.00000,0
1593549568.957484,785,18feee3f,8,   0.000000,0.00000000,0.00000000,  80.15625,0
1593549600.416846,788,1cfd083f,8,   7.906324,0.81080138,2.14943628,   0.00000,0
1593549600.417423,789,18feee3f,8,   0.000000,0.00000000,0.00000000,  80.40625,0
1593549631.877984,792,1cfd083f,8,   7.906324,0.81080138,2.14943628,   0.00000,0
1593549631.878518,793,18feee3f,8,   0.000000,0.00000000,0.00000000,  80.43750,0
1593549663.339861,796,1cfd083f,8,   7.906324,0.81080138,2.14943628,   0.00000,0
1593549663.340427,797,18feee3f,8,   0.000000,0.00000000,0.00000000,  80.43750,0
1593549694.800230,800,1cfd083f,8,   7.906324,0.81080138,2.14943628,   0.00000,0
1593549694.800801,801,18feee3f,8,   0.000000,0.00000000,0.00000000,  80.43750,0
1593549726.261364,804,1cfd083f,8,   7.781323,0.81070981,2.14821556,   0.00000,0
1593549726.261933,805,18feee3f,8,   0.000000,0.00000000,0.00000000,  80.59375,0
1593549757.722896,808,1cfd083f,8,   7.781323,0.81070981,2.14821556,   0.00000,0
1593549757.723479,809,18feee3f,8,   0.000000,0.00000000,0.00000000,  80.59375,0
1593549789.183673,812,1cfd083f,8,   7.781323,0.81070981,2.14821556,   0.00000,0
1593549789.184248,813,18feee3f,8,   0.000000,0.00000000,0.00000000,  80.59375,0
1593549820.644845,816,1cfd083f,8,   7.750073,0.81208332,2.15029078,   0.00000,0
1593549820.645419,817,18feee3f,8,   0.000000,0.00000000,0.00000000,  80.75000,0
1593549852.106003,820,1cfd083f,8,   7.750073,0.81208332,2.15029078,   0.00000,0
1593549852.106574,821,18feee3f,8,   0.000000,0.00000000,0.00000000,  80.75000,0
1593549883.567212,824,1cfd083f,8,   7.750073,0.81208332,2.15029078,   0.00000,0
1593549883.567784,825,18feee3f,8,   0.000000,0.00000000,0.00000000,  80.75000,0
1593549915.028373,828,1cfd083f,8,   7.750073,0.81208332,2.15029078,   0.00000,0
1593549915.028943,829,18feee3f,8,   0.000000,0.00000000,0.00000000,  80.75000,0
1593549946.491525,832,1cfd083f,8,   7.750073,0.81098451,2.14931421,   0.00000,0
1593549946.492089,833,18feee3f,8,   0.000000,0.00000000,0.00000000,  80.84375,0
1593549977.950767,836,1cfd083f,8,   7.750073,0.81098451,2.14931421,   0.00000,0
1593549977.951330,837,18feee3f,8,   0.000000,0.00000000,0.00000000,  80.84375,0
1593550009.411960,840,1cfd083f,8,   7.750073,0.81098451,2.14931421,   0.00000,0
1593550009.412528,841,18feee3f,8,   0.000000,0.00000000,0.00000000,  80.84375,0
1593550040.873176,844,1cfd083f,8,   7.750073,0.81098451,2.14931421,   0.00000,0
1593550040.873724,845,18feee3f,8,   0.000000,0.00000000,0.00000000,  80.84375,0
1593550072.334386,848,1cfd083f,8,   7.703197,0.81003831,2.14845971,   0.00000,0
1593550072.334968,849,18feee3f,8,   0.000000,0.00000000,0.00000000,  80.84375,0
1593550103.795594,852,1cfd083f,8,   7.703197,0.81003831,2.14845971,   0.00000,0
1593550103.796164,853,18feee3f,8,   0.000000,0.00000000,0.00000000,  80.84375,0
1593550135.256821,856,1cfd083f,8,   7.703197,0.81003831,2.14845971,   0.00000,0
1593550135.257383,857,18feee3f,8,   0.000000,0.00000000,0.00000000,  80.84375,0
1593550166.719992,860,1cfd083f,8,   7.703197,0.81003831,2.14845971,   0.00000,0
1593550166.720562,861,18feee3f,8,   0.000000,0.00000000,0.00000000,  80.84375,0
1593550198.179258,864,1cfd083f,8,   7.750073,0.81028249,2.14699485,   0.00000,0
1593550198.179846,865,18feee3f,8,   0.000000,0.00000000,0.00000000,  80.84375,0
1593550229.640496,868,1cfd083f,8,   7.750073,0.81028249,2.14699485,   0.00000,0
1593550229.641065,869,18feee3f,8,   0.000000,0.00000000,0.00000000,  80.84375,0
1593550261.103289,872,1cfd083f,8,   7.750073,0.81028249,2.14699485,   0.00000,0
1593550261.103840,873,18feee3f,8,   0.000000,0.00000000,0.00000000,  80.84375,0
1593550292.562951,876,1cfd083f,8,   7.750073,0.81028249,2.14699485,   0.00000,0
1593550292.563500,877,18feee3f,8,   0.000000,0.00000000,0.00000000,  80.84375,0
1593550324.024173,880,1cfd083f,8,   7.765698,0.81003831,2.15004664,   0.00000,0
1593550324.024744,881,18feee3f,8,   0.000000,0.00000000,0.00000000,  80.78125,0
1593550355.486576,884,1cfd083f,8,   7.765698,0.81003831,2.15004664,   0.00000,0
1593550355.487147,885,18feee3f,8,   0.000000,0.00000000,0.00000000,  80.78125,0
1593550386.946650,888,1cfd083f,8,   7.765698,0.81003831,2.15004664,   0.00000,0
1593550386.947214,889,18feee3f,8,   0.000000,0.00000000,0.00000000,  80.78125,0
1593550418.407890,892,1cfd083f,8,   7.859449,0.80472739,2.14870385,   0.00000,0
1593550418.408471,893,18feee3f,8,   0.000000,0.00000000,0.00000000,  80.65625,0
1593550449.869898,896,1cfd083f,8,   7.859449,0.80472739,2.14870385,   0.00000,0
1593550449.870474,897,18feee3f,8,   0.000000,0.00000000,0.00000000,  80.65625,0
1593550481.330411,900,1cfd083f,8,   7.859449,0.80472739,2.14870385,   0.00000,0
1593550481.330952,901,18feee3f,8,   0.000000,0.00000000,0.00000000,  80.65625,0
1593550512.791650,904,1cfd083f,8,   7.859449,0.80472739,2.14870385,   0.00000,0
1593550512.792226,905,18feee3f,8,   0.000000,0.00000000,0.00000000,  80.65625,0
1593550544.253239,908,1cfd083f,8,   7.765698,0.81006883,2.14955835,   0.00000,0
1593550544.253811,909,18feee3f,8,   0.000000,0.00000000,0.00000000,  80.53125,0
1593550575.714133,912,1cfd083f,8,   7.765698,0.81006883,2.14955835,   0.00000,0
1593550575.714714,913,18feee3f,8,   0.000000,0.00000000,0.00000000,  80.53125,0
