timestamp,count,id,dlc,Viscosity (cp),Density (gm/cc),Dielectric constant (-),Temperature (C), Status
1591368258.738704,0,1cfd083f,8,   9.265712,0.05130843,0.13720845,   0.00000,0
1591368258.748074,1,18feee3f,8,   0.000000,0.00000000,0.00000000,  79.81250,0
1591368290.199224,4,1cfd083f,8,   9.265712,0.05130843,0.13720845,   0.00000,0
1591368290.199797,5,18feee3f,8,   0.000000,0.00000000,0.00000000,  79.90625,0
1591368321.660209,8,1cfd083f,8,   9.265712,0.05130843,0.13720845,   0.00000,0
1591368321.660774,9,18feee3f,8,   0.000000,0.00000000,0.00000000,  79.90625,0
1591368353.121533,12,1cfd083f,8,   9.265712,0.05130843,0.13720845,   0.00000,0
1591368353.122108,13,18feee3f,8,   0.000000,0.00000000,0.00000000,  79.90625,0
1591368384.582857,16,1cfd083f,8,   8.296953,0.81852358,2.17763481,   0.00000,0
1591368384.583421,17,18feee3f,8,   0.000000,0.00000000,0.00000000,  81.12500,0
1591368416.044175,20,1cfd083f,8,   8.296953,0.81852358,2.17763481,   0.00000,0
1591368416.044740,21,18feee3f,8,   0.000000,0.00000000,0.00000000,  81.12500,0
1591368447.505511,24,1cfd083f,8,   8.296953,0.81852358,2.17763481,   0.00000,0
1591368447.506074,25,18feee3f,8,   0.000000,0.00000000,0.00000000,  81.12500,0
1591368478.966818,28,1cfd083f,8,   8.296953,0.81852358,2.17763481,   0.00000,0
1591368478.967402,29,18feee3f,8,   0.000000,0.00000000,0.00000000,  81.12500,0
1591368510.428156,32,1cfd083f,8,   7.718822,0.81589864,2.16847944,   0.00000,0
1591368510.428697,33,18feee3f,8,   0.000000,0.00000000,0.00000000,  80.62500,0
1591368541.889465,36,1cfd083f,8,   7.718822,0.81589864,2.16847944,   0.00000,0
1591368541.890016,37,18feee3f,8,   0.000000,0.00000000,0.00000000,  80.62500,0
1591368573.350799,40,1cfd083f,8,   7.718822,0.81589864,2.16847944,   0.00000,0
1591368573.351360,41,18feee3f,8,   0.000000,0.00000000,0.00000000,  80.62500,0
1591368604.812122,44,1cfd083f,8,   7.718822,0.81589864,2.16847944,   0.00000,0
1591368604.812679,45,18feee3f,8,   0.000000,0.00000000,0.00000000,  80.62500,0
1591368636.273458,48,1cfd083f,8,   7.531321,0.81431147,2.16506144,   0.00000,0
1591368636.274009,49,18feee3f,8,   0.000000,0.00000000,0.00000000,-250.87500,0
1591368667.734747,52,1cfd083f,8,   7.531321,0.81431147,2.16506144,   0.00000,0
1591368667.735352,53,18feee3f,8,   0.000000,0.00000000,0.00000000,-250.87500,0
1591368699.198054,56,1cfd083f,8,   7.531321,0.81431147,2.16506144,   0.00000,0
1591368699.198626,57,18feee3f,8,   0.000000,0.00000000,0.00000000,-250.87500,0
1591368730.657410,60,1cfd083f,8,   7.640697,0.81446408,2.16445108,   0.00000,0
1591368730.657969,61,18feee3f,8,   0.000000,0.00000000,0.00000000,  77.75000,0
1591368762.118718,64,1cfd083f,8,   7.640697,0.81446408,2.16445108,   0.00000,0
1591368762.119276,65,18feee3f,8,   0.000000,0.00000000,0.00000000,  77.75000,0
1591368793.581610,68,1cfd083f,8,   7.640697,0.81446408,2.16445108,   0.00000,0
1591368793.582150,69,18feee3f,8,   0.000000,0.00000000,0.00000000,  77.75000,0
1591368825.041348,72,1cfd083f,8,   7.953200,0.81547133,2.16713666,   0.00000,0
1591368825.041932,73,18feee3f,8,   0.000000,0.00000000,0.00000000,  77.75000,0
1591368856.502662,76,1cfd083f,8,   7.953200,0.81547133,2.16713666,   0.00000,0
1591368856.503226,77,18feee3f,8,   0.000000,0.00000000,0.00000000,  77.12500,0
1591368887.965131,80,1cfd083f,8,   7.953200,0.81547133,2.16713666,   0.00000,0
1591368887.965701,81,18feee3f,8,   0.000000,0.00000000,0.00000000,  77.12500,0
1591368919.425291,84,1cfd083f,8,   7.953200,0.81547133,2.16713666,   0.00000,0
1591368919.425879,85,18feee3f,8,   0.000000,0.00000000,0.00000000,  77.12500,0
1591368950.886609,88,1cfd083f,8,   0.718757,0.81669223,2.16994430,   0.00000,0
1591368950.887216,89,18feee3f,8,   0.000000,0.00000000,0.00000000,  77.50000,0
1591368982.348682,92,1cfd083f,8,   0.718757,0.81669223,2.16994430,   0.00000,0
1591368982.349251,93,18feee3f,8,   0.000000,0.00000000,0.00000000,  77.50000,0
1591369013.809252,96,1cfd083f,8,   0.718757,0.81669223,2.16994430,   0.00000,0
1591369013.809842,97,18feee3f,8,   0.000000,0.00000000,0.00000000,  77.50000,0
1591369045.270537,100,1cfd083f,8,   8.328203,0.81718059,2.17055466,   0.00000,0
1591369045.271117,101,18feee3f,8,   0.000000,0.00000000,0.00000000,  78.53125,0
1591369076.732226,104,1cfd083f,8,   8.328203,0.81718059,2.17055466,   0.00000,0
1591369076.732807,105,18feee3f,8,   0.000000,0.00000000,0.00000000,  78.56250,0
1591369108.193203,108,1cfd083f,8,   8.328203,0.81718059,2.17055466,   0.00000,0
1591369108.193746,109,18feee3f,8,   0.000000,0.00000000,0.00000000,  78.56250,0
1591369139.654514,112,1cfd083f,8,   8.328203,0.81718059,2.17055466,   0.00000,0
1591369139.655091,113,18feee3f,8,   0.000000,0.00000000,0.00000000,  78.56250,0
1591369171.115811,116,1cfd083f,8,   0.734382,0.81763843,2.17092088,   0.00000,0
1591369171.116391,117,18feee3f,8,   0.000000,0.00000000,0.00000000,  79.59375,0
1591369202.577157,120,1cfd083f,8,   0.734382,0.81763843,2.17092088,   0.00000,0
1591369202.577711,121,18feee3f,8,   0.000000,0.00000000,0.00000000,  79.59375,0
1591369234.038452,124,1cfd083f,8,   0.734382,0.81763843,2.17092088,   0.00000,0
1591369234.039037,125,18feee3f,8,   0.000000,0.00000000,0.00000000,  79.59375,0
1591369265.501744,128,1cfd083f,8,   0.546880,0.81632596,2.16811323,   0.00000,0
1591369265.502331,129,18feee3f,8,   0.000000,0.00000000,0.00000000,  80.25000,0
1591369296.961098,132,1cfd083f,8,   0.546880,0.81632596,2.16811323,   0.00000,0
1591369296.961686,133,18feee3f,8,   0.000000,0.00000000,0.00000000,  80.28125,0
1591369328.422445,136,1cfd083f,8,   0.546880,0.81632596,2.16811323,   0.00000,0
1591369328.423002,137,18feee3f,8,   0.000000,0.00000000,0.00000000,  80.28125,0
1591369359.883764,140,1cfd083f,8,   0.546880,0.81632596,2.16811323,   0.00000,0
1591369359.884318,141,18feee3f,8,   0.000000,0.00000000,0.00000000,  80.28125,0
1591369391.345062,144,1cfd083f,8,   7.828198,0.81562394,2.16640423,   0.00000,0
1591369391.345619,145,18feee3f,8,   0.000000,0.00000000,0.00000000,  80.37500,0
1591369422.806401,148,1cfd083f,8,   7.828198,0.81562394,2.16640423,   0.00000,0
1591369422.806953,149,18feee3f,8,   0.000000,0.00000000,0.00000000,  80.37500,0
1591369454.267731,152,1cfd083f,8,   7.828198,0.81562394,2.16640423,   0.00000,0
1591369454.268278,153,18feee3f,8,   0.000000,0.00000000,0.00000000,  80.37500,0
1591369485.729036,156,1cfd083f,8,   7.703197,0.81495244,2.16469523,   0.00000,0
1591369485.729598,157,18feee3f,8,   0.000000,0.00000000,0.00000000,  80.09375,0
1591369517.190368,160,1cfd083f,8,   7.703197,0.81495244,2.16469523,   0.00000,0
1591369517.190923,161,18feee3f,8,   0.000000,0.00000000,0.00000000,  80.06250,0
1591369548.651678,164,1cfd083f,8,   7.703197,0.81495244,2.16469523,   0.00000,0
1591369548.652244,165,18feee3f,8,   0.000000,0.00000000,0.00000000,  80.06250,0
1591369580.114580,168,1cfd083f,8,   7.703197,0.81495244,2.16469523,   0.00000,0
1591369580.115145,169,18feee3f,8,   0.000000,0.00000000,0.00000000,  80.06250,0
1591369611.574333,172,1cfd083f,8,   7.703197,0.81489140,2.16445108,   0.00000,0
1591369611.574905,173,18feee3f,8,   0.000000,0.00000000,0.00000000,  79.65625,0
1591369643.035637,176,1cfd083f,8,   7.703197,0.81489140,2.16445108,   0.00000,0
1591369643.036203,177,18feee3f,8,   0.000000,0.00000000,0.00000000,  79.62500,0
1591369674.498120,180,1cfd083f,8,   7.703197,0.81489140,2.16445108,   0.00000,0
1591369674.498710,181,18feee3f,8,   0.000000,0.00000000,0.00000000,  79.62500,0
1591369705.958303,184,1cfd083f,8,   7.703197,0.81489140,2.16445108,   0.00000,0
1591369705.958872,185,18feee3f,8,   0.000000,0.00000000,0.00000000,  79.62500,0
1591369737.419625,188,1cfd083f,8,   7.796948,0.81498297,2.16493937,   0.00000,0
1591369737.420191,189,18feee3f,8,   0.000000,0.00000000,0.00000000,-250.59375,0
1591369768.881690,192,1cfd083f,8,   7.796948,0.81498297,2.16493937,   0.00000,0
1591369768.882292,193,18feee3f,8,   0.000000,0.00000000,0.00000000,-250.59375,0
1591369800.342253,196,1cfd083f,8,   7.843824,0.81595969,2.16432901,   0.00000,0
1591369800.342847,197,18feee3f,8,   0.000000,0.00000000,0.00000000,-250.59375,0
1591369831.803572,200,1cfd083f,8,   7.843824,0.81595969,2.16432901,   0.00000,0
1591369831.804129,201,18feee3f,8,   0.000000,0.00000000,0.00000000,-250.56250,0
1591369863.265261,204,1cfd083f,8,   7.843824,0.81595969,2.16432901,   0.00000,0
1591369863.265848,205,18feee3f,8,   0.000000,0.00000000,0.00000000,-250.56250,0
1591369894.726205,208,1cfd083f,8,   7.843824,0.81595969,2.16432901,   0.00000,0
1591369894.726798,209,18feee3f,8,   0.000000,0.00000000,0.00000000,-250.56250,0
1591369926.187561,212,1cfd083f,8,   7.843824,0.81620387,2.16591594,   0.00000,0
1591369926.188096,213,18feee3f,8,   0.000000,0.00000000,0.00000000,  79.62500,0
1591369957.648852,216,1cfd083f,8,   7.843824,0.81620387,2.16591594,   0.00000,0
1591369957.649417,217,18feee3f,8,   0.000000,0.00000000,0.00000000,  79.62500,0
1591369989.110200,220,1cfd083f,8,   7.843824,0.81620387,2.16591594,   0.00000,0
1591369989.110745,221,18feee3f,8,   0.000000,0.00000000,0.00000000,  79.62500,0
1591370020.571515,224,1cfd083f,8,   7.890699,0.81565446,2.16542766,   0.00000,0
1591370020.572070,225,18feee3f,8,   0.000000,0.00000000,0.00000000,  79.90625,0
1591370052.032839,228,1cfd083f,8,   7.890699,0.81565446,2.16542766,   0.00000,0
1591370052.033406,229,18feee3f,8,   0.000000,0.00000000,0.00000000,  79.90625,0
1591370083.494135,232,1cfd083f,8,   7.890699,0.81565446,2.16542766,   0.00000,0
1591370083.494704,233,18feee3f,8,   0.000000,0.00000000,0.00000000,  79.90625,0
1591370114.955469,236,1cfd083f,8,   7.890699,0.81565446,2.16542766,   0.00000,0
1591370114.956042,237,18feee3f,8,   0.000000,0.00000000,0.00000000,  79.90625,0
1591370146.418360,240,1cfd083f,8,   7.812573,0.81623439,2.16432901,   0.00000,0
1591370146.418988,241,18feee3f,8,   0.000000,0.00000000,0.00000000,  80.21875,0
1591370177.878144,244,1cfd083f,8,   7.812573,0.81623439,2.16432901,   0.00000,0
1591370177.878718,245,18feee3f,8,   0.000000,0.00000000,0.00000000,  80.21875,0
1591370209.339642,248,1cfd083f,8,   7.812573,0.81623439,2.16432901,   0.00000,0
1591370209.340212,249,18feee3f,8,   0.000000,0.00000000,0.00000000,  80.21875,0
1591370240.801127,252,1cfd083f,8,   7.812573,0.81623439,2.16432901,   0.00000,0
1591370240.801694,253,18feee3f,8,   0.000000,0.00000000,0.00000000,  80.21875,0
1591370272.264559,256,1cfd083f,8,   7.796948,0.81504401,2.16432901,   0.00000,0
1591370272.265115,257,18feee3f,8,   0.000000,0.00000000,0.00000000,  80.34375,0
1591370303.724075,260,1cfd083f,8,   7.796948,0.81504401,2.16432901,   0.00000,0
1591370303.724640,261,18feee3f,8,   0.000000,0.00000000,0.00000000,  80.34375,0
1591370335.185548,264,1cfd083f,8,   7.796948,0.81504401,2.16432901,   0.00000,0
1591370335.186119,265,18feee3f,8,   0.000000,0.00000000,0.00000000,  80.34375,0
1591370366.647044,268,1cfd083f,8,   7.750073,0.81461670,2.16396280,   0.00000,0
1591370366.647582,269,18feee3f,8,   0.000000,0.00000000,0.00000000,  80.34375,0
1591370398.108451,272,1cfd083f,8,   7.750073,0.81461670,2.16396280,   0.00000,0
1591370398.109006,273,18feee3f,8,   0.000000,0.00000000,0.00000000,  80.34375,0
1591370429.569928,276,1cfd083f,8,   7.750073,0.81461670,2.16396280,   0.00000,0
1591370429.570456,277,18feee3f,8,   0.000000,0.00000000,0.00000000,  80.34375,0
1591370461.031308,280,1cfd083f,8,   7.703197,0.81550185,2.16274208,   0.00000,0
1591370461.031874,281,18feee3f,8,   0.000000,0.00000000,0.00000000,  80.28125,0
1591370492.492759,284,1cfd083f,8,   7.703197,0.81550185,2.16274208,   0.00000,0
1591370492.493321,285,18feee3f,8,   0.000000,0.00000000,0.00000000,  80.25000,0
1591370523.954160,288,1cfd083f,8,   7.703197,0.81550185,2.16274208,   0.00000,0
1591370523.954746,289,18feee3f,8,   0.000000,0.00000000,0.00000000,  80.25000,0
1591370555.416365,292,1cfd083f,8,   7.703197,0.81550185,2.16274208,   0.00000,0
1591370555.416932,293,18feee3f,8,   0.000000,0.00000000,0.00000000,  80.25000,0
1591370586.877044,296,1cfd083f,8,   7.765698,0.81391468,2.16359658,   0.00000,0
1591370586.877577,297,18feee3f,8,   0.000000,0.00000000,0.00000000,  80.15625,0
1591370618.338440,300,1cfd083f,8,   7.765698,0.81391468,2.16359658,   0.00000,0
1591370618.339014,301,18feee3f,8,   0.000000,0.00000000,0.00000000,  80.15625,0
1591370649.800195,304,1cfd083f,8,   7.765698,0.81391468,2.16359658,   0.00000,0
1591370649.800761,305,18feee3f,8,   0.000000,0.00000000,0.00000000,  80.15625,0
1591370681.261239,308,1cfd083f,8,   7.718822,0.81495244,2.16371865,   0.00000,0
1591370681.261811,309,18feee3f,8,   0.000000,0.00000000,0.00000000,  80.06250,0
1591370712.722654,312,1cfd083f,8,   7.718822,0.81495244,2.16371865,   0.00000,0
1591370712.723240,313,18feee3f,8,   0.000000,0.00000000,0.00000000,  80.06250,0
1591370744.184057,316,1cfd083f,8,   7.718822,0.81495244,2.16371865,   0.00000,0
1591370744.184610,317,18feee3f,8,   0.000000,0.00000000,0.00000000,  80.06250,0
1591370775.645432,320,1cfd083f,8,   7.718822,0.81495244,2.16371865,   0.00000,0
1591370775.646025,321,18feee3f,8,   0.000000,0.00000000,0.00000000,  80.06250,0
1591370807.106851,324,1cfd083f,8,   7.750073,0.81562394,2.16384072,   0.00000,0
1591370807.107442,325,18feee3f,8,   0.000000,0.00000000,0.00000000,  80.09375,0
1591370838.568215,328,1cfd083f,8,   7.750073,0.81562394,2.16384072,   0.00000,0
1591370838.568810,329,18feee3f,8,   0.000000,0.00000000,0.00000000,  80.09375,0
1591370870.029632,332,1cfd083f,8,   7.750073,0.81562394,2.16384072,   0.00000,0
1591370870.030208,333,18feee3f,8,   0.000000,0.00000000,0.00000000,  80.09375,0
1591370901.490994,336,1cfd083f,8,   7.750073,0.81562394,2.16384072,   0.00000,0
1591370901.491583,337,18feee3f,8,   0.000000,0.00000000,0.00000000,  80.09375,0
1591370932.953939,340,1cfd083f,8,   7.734448,0.81605126,2.16323037,   0.00000,0
1591370932.954518,341,18feee3f,8,   0.000000,0.00000000,0.00000000,  80.25000,0
1591370964.413742,344,1cfd083f,8,   7.734448,0.81605126,2.16323037,   0.00000,0
1591370964.414337,345,18feee3f,8,   0.000000,0.00000000,0.00000000,  80.25000,0
1591370995.875131,348,1cfd083f,8,   7.734448,0.81605126,2.16323037,   0.00000,0
1591370995.875720,349,18feee3f,8,   0.000000,0.00000000,0.00000000,  80.25000,0
1591371027.337680,352,1cfd083f,8,   7.750073,0.81504401,2.16396280,   0.00000,0
1591371027.338247,353,18feee3f,8,   0.000000,0.00000000,0.00000000,  80.37500,0
1591371058.799835,356,1cfd083f,8,   7.750073,0.81504401,2.16396280,   0.00000,0
1591371058.800401,357,18feee3f,8,   0.000000,0.00000000,0.00000000,  80.37500,0
1591371090.259273,360,1cfd083f,8,   7.750073,0.81504401,2.16396280,   0.00000,0
1591371090.259822,361,18feee3f,8,   0.000000,0.00000000,0.00000000,  80.37500,0
1591371121.721361,364,1cfd083f,8,   7.718822,0.81516610,2.16347451,   0.00000,0
1591371121.721924,365,18feee3f,8,   0.000000,0.00000000,0.00000000,  80.43750,0
1591371153.183547,368,1cfd083f,8,   7.718822,0.81516610,2.16347451,   0.00000,0
1591371153.184098,369,18feee3f,8,   0.000000,0.00000000,0.00000000,  80.46875,0
1591371184.643357,372,1cfd083f,8,   7.718822,0.81516610,2.16347451,   0.00000,0
1591371184.643906,373,18feee3f,8,   0.000000,0.00000000,0.00000000,  80.46875,0
1591371216.104712,376,1cfd083f,8,   7.718822,0.81516610,2.16347451,   0.00000,0
1591371216.105266,377,18feee3f,8,   0.000000,0.00000000,0.00000000,  80.46875,0
1591371247.566083,380,1cfd083f,8,   7.750073,0.81455565,2.16323037,   0.00000,0
1591371247.566668,381,18feee3f,8,   0.000000,0.00000000,0.00000000,  80.46875,0
1591371279.027439,384,1cfd083f,8,   7.750073,0.81455565,2.16323037,   0.00000,0
1591371279.028019,385,18feee3f,8,   0.000000,0.00000000,0.00000000,  80.46875,0
1591371310.488788,388,1cfd083f,8,   7.750073,0.81455565,2.16323037,   0.00000,0
1591371310.489375,389,18feee3f,8,   0.000000,0.00000000,0.00000000,  80.46875,0
1591371341.950937,392,1cfd083f,8,   7.750073,0.81455565,2.16323037,   0.00000,0
1591371341.951493,393,18feee3f,8,   0.000000,0.00000000,0.00000000,  80.46875,0
1591371373.411496,396,1cfd083f,8,   7.671947,0.81528819,2.16371865,   0.00000,0
1591371373.412085,397,18feee3f,8,   0.000000,0.00000000,0.00000000,  80.46875,0
1591371404.872854,400,1cfd083f,8,   7.671947,0.81528819,2.16371865,   0.00000,0
1591371404.873434,401,18feee3f,8,   0.000000,0.00000000,0.00000000,  80.46875,0
1591371436.334575,404,1cfd083f,8,   7.671947,0.81528819,2.16371865,   0.00000,0
1591371436.335161,405,18feee3f,8,   0.000000,0.00000000,0.00000000,  80.46875,0
1591371467.795585,408,1cfd083f,8,   7.703197,0.81428095,2.16310830,   0.00000,0
1591371467.796117,409,18feee3f,8,   0.000000,0.00000000,0.00000000,  80.53125,0
1591371499.256926,412,1cfd083f,8,   7.703197,0.81428095,2.16310830,   0.00000,0
1591371499.257472,413,18feee3f,8,   0.000000,0.00000000,0.00000000,  80.56250,0
1591371530.718271,416,1cfd083f,8,   7.703197,0.81428095,2.16310830,   0.00000,0
1591371530.718844,417,18feee3f,8,   0.000000,0.00000000,0.00000000,  80.56250,0
1591371562.179625,420,1cfd083f,8,   7.703197,0.81428095,2.16310830,   0.00000,0
1591371562.180187,421,18feee3f,8,   0.000000,0.00000000,0.00000000,  80.56250,0
1591371593.640956,424,1cfd083f,8,   7.703197,0.81486088,2.16310830,   0.00000,0
1591371593.641522,425,18feee3f,8,   0.000000,0.00000000,0.00000000,  80.56250,0
1591371625.102311,428,1cfd083f,8,   7.703197,0.81486088,2.16310830,   0.00000,0
1591371625.102880,429,18feee3f,8,   0.000000,0.00000000,0.00000000,  80.56250,0
1591371656.563651,432,1cfd083f,8,   7.703197,0.81486088,2.16310830,   0.00000,0
1591371656.564263,433,18feee3f,8,   0.000000,0.00000000,0.00000000,  80.56250,0
1591371688.025030,436,1cfd083f,8,   7.671947,0.81510506,2.16213172,   0.00000,0
1591371688.025573,437,18feee3f,8,   0.000000,0.00000000,0.00000000,  80.56250,0
1591371719.486381,440,1cfd083f,8,   7.671947,0.81510506,2.16213172,   0.00000,0
1591371719.486918,441,18feee3f,8,   0.000000,0.00000000,0.00000000,  80.56250,0
1591371750.947708,444,1cfd083f,8,   7.671947,0.81510506,2.16213172,   0.00000,0
1591371750.948255,445,18feee3f,8,   0.000000,0.00000000,0.00000000,  80.56250,0
1591371782.409044,448,1cfd083f,8,   7.671947,0.81522715,2.16274208,   0.00000,0
1591371782.409640,449,18feee3f,8,   0.000000,0.00000000,0.00000000,  80.50000,0
1591371813.870408,452,1cfd083f,8,   7.671947,0.81522715,2.16274208,   0.00000,0
1591371813.870973,453,18feee3f,8,   0.000000,0.00000000,0.00000000,  80.56250,0
1591371845.333710,456,1cfd083f,8,   7.671947,0.81522715,2.16274208,   0.00000,0
1591371845.334269,457,18feee3f,8,   0.000000,0.00000000,0.00000000,  80.56250,0
1591371876.793072,460,1cfd083f,8,   7.671947,0.81522715,2.16274208,   0.00000,0
1591371876.793636,461,18feee3f,8,   0.000000,0.00000000,0.00000000,  80.56250,0
1591371908.255190,464,1cfd083f,8,   7.656322,0.81513558,2.16335244,   0.00000,0
1591371908.255792,465,18feee3f,8,   0.000000,0.00000000,0.00000000,  80.50000,0
1591371939.717376,468,1cfd083f,8,   7.656322,0.81513558,2.16335244,   0.00000,0
1591371939.717947,469,18feee3f,8,   0.000000,0.00000000,0.00000000,  80.46875,0
1591371971.177144,472,1cfd083f,8,   7.656322,0.81513558,2.16335244,   0.00000,0
1591371971.177685,473,18feee3f,8,   0.000000,0.00000000,0.00000000,  80.46875,0
1591372002.638467,476,1cfd083f,8,   7.656322,0.81513558,2.16335244,   0.00000,0
1591372002.639063,477,18feee3f,8,   0.000000,0.00000000,0.00000000,  80.46875,0
1591372034.100974,480,1cfd083f,8,   7.671947,0.81537976,2.16249794,   0.00000,0
1591372034.101553,481,18feee3f,8,   0.000000,0.00000000,0.00000000,  80.46875,0
1591372065.561158,484,1cfd083f,8,   7.671947,0.81537976,2.16249794,   0.00000,0
1591372065.561747,485,18feee3f,8,   0.000000,0.00000000,0.00000000,  80.46875,0
1591372097.022555,488,1cfd083f,8,   7.671947,0.81537976,2.16249794,   0.00000,0
1591372097.023105,489,18feee3f,8,   0.000000,0.00000000,0.00000000,  80.46875,0
1591372128.484606,492,1cfd083f,8,   7.671947,0.81537976,2.16249794,   0.00000,0
1591372128.485209,493,18feee3f,8,   0.000000,0.00000000,0.00000000,  80.46875,0
1591372159.945248,496,1cfd083f,8,   7.687572,0.81504401,2.16200965,   0.00000,0
1591372159.945763,497,18feee3f,8,   0.000000,0.00000000,0.00000000,  80.37500,0
1591372191.406561,500,1cfd083f,8,   7.687572,0.81504401,2.16200965,   0.00000,0
1591372191.407127,501,18feee3f,8,   0.000000,0.00000000,0.00000000,  80.37500,0
1591372222.868270,504,1cfd083f,8,   7.687572,0.81504401,2.16200965,   0.00000,0
1591372222.868838,505,18feee3f,8,   0.000000,0.00000000,0.00000000,  80.37500,0
1591372254.329319,508,1cfd083f,8,   7.703197,0.81467774,2.16249794,   0.00000,0
1591372254.329871,509,18feee3f,8,   0.000000,0.00000000,0.00000000,  80.34375,0
1591372285.790715,512,1cfd083f,8,   7.703197,0.81467774,2.16249794,   0.00000,0
1591372285.791275,513,18feee3f,8,   0.000000,0.00000000,0.00000000,  80.34375,0
1591372317.252126,516,1cfd083f,8,   7.703197,0.81467774,2.16249794,   0.00000,0
1591372317.252692,517,18feee3f,8,   0.000000,0.00000000,0.00000000,  80.34375,0
1591372348.713508,520,1cfd083f,8,   7.718822,0.81544081,2.16274208,   0.00000,0
1591372348.714075,521,18feee3f,8,   0.000000,0.00000000,0.00000000,  80.34375,0
1591372380.174927,524,1cfd083f,8,   7.718822,0.81544081,2.16274208,   0.00000,0
1591372380.175471,525,18feee3f,8,   0.000000,0.00000000,0.00000000,  80.34375,0
1591372411.636331,528,1cfd083f,8,   7.718822,0.81544081,2.16274208,   0.00000,0
1591372411.636884,529,18feee3f,8,   0.000000,0.00000000,0.00000000,  80.34375,0
1591372443.097711,532,1cfd083f,8,   7.718822,0.81544081,2.16274208,   0.00000,0
1591372443.098275,533,18feee3f,8,   0.000000,0.00000000,0.00000000,  80.34375,0
1591372474.559109,536,1cfd083f,8,   7.703197,0.81531872,2.16286415,   0.00000,0
1591372474.559732,537,18feee3f,8,   0.000000,0.00000000,0.00000000,  80.31250,0
1591372506.020473,540,1cfd083f,8,   7.703197,0.81531872,2.16286415,   0.00000,0
1591372506.021037,541,18feee3f,8,   0.000000,0.00000000,0.00000000,  80.31250,0
1591372537.481866,544,1cfd083f,8,   7.703197,0.81531872,2.16286415,   0.00000,0
1591372537.482462,545,18feee3f,8,   0.000000,0.00000000,0.00000000,  80.31250,0
1591372568.943272,548,1cfd083f,8,   7.734448,0.81516610,2.16274208,   0.00000,0
1591372568.943813,549,18feee3f,8,   0.000000,0.00000000,0.00000000,  80.34375,0
1591372600.404661,552,1cfd083f,8,   7.734448,0.81516610,2.16274208,   0.00000,0
1591372600.405221,553,18feee3f,8,   0.000000,0.00000000,0.00000000,  80.34375,0
1591372631.867994,556,1cfd083f,8,   7.734448,0.81516610,2.16274208,   0.00000,0
1591372631.868540,557,18feee3f,8,   0.000000,0.00000000,0.00000000,  80.34375,0
1591372663.327393,560,1cfd083f,8,   7.734448,0.81516610,2.16274208,   0.00000,0
1591372663.327973,561,18feee3f,8,   0.000000,0.00000000,0.00000000,  80.34375,0
1591372694.789549,564,1cfd083f,8,   7.734448,0.81443356,2.16310830,   0.00000,0
1591372694.790091,565,18feee3f,8,   0.000000,0.00000000,0.00000000,  80.34375,0
1591372726.251703,568,1cfd083f,8,   7.734448,0.81443356,2.16310830,   0.00000,0
1591372726.252267,569,18feee3f,8,   0.000000,0.00000000,0.00000000,  80.34375,0
1591372757.711525,572,1cfd083f,8,   7.734448,0.81443356,2.16310830,   0.00000,0
1591372757.712089,573,18feee3f,8,   0.000000,0.00000000,0.00000000,  80.34375,0
1591372789.172898,576,1cfd083f,8,   7.734448,0.81464722,2.16396280,   0.00000,0
1591372789.173462,577,18feee3f,8,   0.000000,0.00000000,0.00000000,  80.37500,0
1591372820.635441,580,1cfd083f,8,   7.734448,0.81464722,2.16396280,   0.00000,0
1591372820.635992,581,18feee3f,8,   0.000000,0.00000000,0.00000000,  80.37500,0
1591372852.095649,584,1cfd083f,8,   7.734448,0.81464722,2.16396280,   0.00000,0
1591372852.096199,585,18feee3f,8,   0.000000,0.00000000,0.00000000,  80.37500,0
1591372883.557003,588,1cfd083f,8,   7.734448,0.81534924,2.16274208,   0.00000,0
1591372883.557553,589,18feee3f,8,   0.000000,0.00000000,0.00000000,  80.40625,0
1591372915.019134,592,1cfd083f,8,   7.734448,0.81534924,2.16274208,   0.00000,0
1591372915.019685,593,18feee3f,8,   0.000000,0.00000000,0.00000000,  80.40625,0
1591372946.479765,596,1cfd083f,8,   7.734448,0.81534924,2.16274208,   0.00000,0
1591372946.480293,597,18feee3f,8,   0.000000,0.00000000,0.00000000,  80.40625,0
1591372977.941114,600,1cfd083f,8,   7.703197,0.81510506,2.16286415,   0.00000,0
1591372977.941677,601,18feee3f,8,   0.000000,0.00000000,0.00000000,  80.40625,0
1591373009.402828,604,1cfd083f,8,   7.703197,0.81510506,2.16286415,   0.00000,0
1591373009.403397,605,18feee3f,8,   0.000000,0.00000000,0.00000000,  80.43750,0
1591373040.863846,608,1cfd083f,8,   7.703197,0.81510506,2.16286415,   0.00000,0
1591373040.864401,609,18feee3f,8,   0.000000,0.00000000,0.00000000,  80.43750,0
1591373072.325201,612,1cfd083f,8,   7.703197,0.81510506,2.16286415,   0.00000,0
1591373072.325780,613,18feee3f,8,   0.000000,0.00000000,0.00000000,  80.43750,0
1591373103.786572,616,1cfd083f,8,   7.687572,0.81498297,2.16298622,   0.00000,0
1591373103.787127,617,18feee3f,8,   0.000000,0.00000000,0.00000000,  80.40625,0
1591373135.247956,620,1cfd083f,8,   7.687572,0.81498297,2.16298622,   0.00000,0
1591373135.248502,621,18feee3f,8,   0.000000,0.00000000,0.00000000,  80.40625,0
1591373166.709282,624,1cfd083f,8,   7.687572,0.81498297,2.16298622,   0.00000,0
1591373166.709867,625,18feee3f,8,   0.000000,0.00000000,0.00000000,  80.40625,0
1591373198.172623,628,1cfd083f,8,   7.750073,0.81525767,2.16335244,   0.00000,0
1591373198.173167,629,18feee3f,8,   0.000000,0.00000000,0.00000000,  80.37500,0
1591373229.632012,632,1cfd083f,8,   7.750073,0.81525767,2.16335244,   0.00000,0
1591373229.632584,633,18feee3f,8,   0.000000,0.00000000,0.00000000,  80.37500,0
1591373261.093366,636,1cfd083f,8,   7.750073,0.81525767,2.16335244,   0.00000,0
1591373261.093931,637,18feee3f,8,   0.000000,0.00000000,0.00000000,  80.37500,0
1591373292.554726,640,1cfd083f,8,   7.703197,0.81513558,2.16335244,   0.00000,0
1591373292.555292,641,18feee3f,8,   0.000000,0.00000000,0.00000000,  80.40625,0
1591373324.016081,644,1cfd083f,8,   7.703197,0.81513558,2.16335244,   0.00000,0
1591373324.016647,645,18feee3f,8,   0.000000,0.00000000,0.00000000,  80.40625,0
1591373355.477423,648,1cfd083f,8,   7.703197,0.81513558,2.16335244,   0.00000,0
1591373355.477997,649,18feee3f,8,   0.000000,0.00000000,0.00000000,  80.40625,0
1591373386.938793,652,1cfd083f,8,   7.703197,0.81513558,2.16335244,   0.00000,0
1591373386.939352,653,18feee3f,8,   0.000000,0.00000000,0.00000000,  80.40625,0
1591373418.402127,656,1cfd083f,8,   7.671947,0.81516610,2.16384072,   0.00000,0
1591373418.402708,657,18feee3f,8,   0.000000,0.00000000,0.00000000,  80.40625,0
1591373449.861522,660,1cfd083f,8,   7.671947,0.81516610,2.16384072,   0.00000,0
1591373449.862085,661,18feee3f,8,   0.000000,0.00000000,0.00000000,  80.40625,0
1591373481.322878,664,1cfd083f,8,   7.671947,0.81516610,2.16384072,   0.00000,0
1591373481.323430,665,18feee3f,8,   0.000000,0.00000000,0.00000000,  80.40625,0
1591373512.785760,668,1cfd083f,8,   7.734448,0.81516610,2.16359658,   0.00000,0
1591373512.786329,669,18feee3f,8,   0.000000,0.00000000,0.00000000,  80.40625,0
1591373544.245580,672,1cfd083f,8,   7.734448,0.81516610,2.16359658,   0.00000,0
1591373544.246160,673,18feee3f,8,   0.000000,0.00000000,0.00000000,  80.40625,0
1591373575.706914,676,1cfd083f,8,   7.734448,0.81516610,2.16359658,   0.00000,0
1591373575.707483,677,18feee3f,8,   0.000000,0.00000000,0.00000000,  80.40625,0
1591373607.169411,680,1cfd083f,8,   7.734448,0.81516610,2.16359658,   0.00000,0
1591373607.170003,681,18feee3f,8,   0.000000,0.00000000,0.00000000,  80.40625,0
1591373638.629600,684,1cfd083f,8,   7.718822,0.81492192,2.16286415,   0.00000,0
1591373638.630188,685,18feee3f,8,   0.000000,0.00000000,0.00000000,  80.37500,0
1591373670.090951,688,1cfd083f,8,   7.718822,0.81492192,2.16286415,   0.00000,0
1591373670.091520,689,18feee3f,8,   0.000000,0.00000000,0.00000000,  80.37500,0
1591373701.553081,692,1cfd083f,8,   7.718822,0.81492192,2.16286415,   0.00000,0
1591373701.553637,693,18feee3f,8,   0.000000,0.00000000,0.00000000,  80.37500,0
1591373733.013650,696,1cfd083f,8,   7.718822,0.81434199,2.16408487,   0.00000,0
1591373733.014240,697,18feee3f,8,   0.000000,0.00000000,0.00000000,  80.43750,0
1591373764.475031,700,1cfd083f,8,   7.718822,0.81434199,2.16408487,   0.00000,0
1591373764.475575,701,18feee3f,8,   0.000000,0.00000000,0.00000000,  80.43750,0
1591373795.936714,704,1cfd083f,8,   7.718822,0.81434199,2.16408487,   0.00000,0
1591373795.937293,705,18feee3f,8,   0.000000,0.00000000,0.00000000,  80.43750,0
1591373827.397716,708,1cfd083f,8,   7.718822,0.81434199,2.16408487,   0.00000,0
1591373827.398260,709,18feee3f,8,   0.000000,0.00000000,0.00000000,  80.43750,0
1591373858.859055,712,1cfd083f,8,   7.765698,0.81373154,2.16384072,   0.00000,0
1591373858.859627,713,18feee3f,8,   0.000000,0.00000000,0.00000000,  80.46875,0
1591373890.320447,716,1cfd083f,8,   7.765698,0.81373154,2.16384072,   0.00000,0
1591373890.320976,717,18feee3f,8,   0.000000,0.00000000,0.00000000,  80.46875,0
1591373921.781781,720,1cfd083f,8,   7.765698,0.81373154,2.16384072,   0.00000,0
1591373921.782322,721,18feee3f,8,   0.000000,0.00000000,0.00000000,  80.46875,0
1591373953.243131,724,1cfd083f,8,   7.718822,0.81473879,2.16408487,   0.00000,0
1591373953.243688,725,18feee3f,8,   0.000000,0.00000000,0.00000000,  80.53125,0
1591373984.704466,728,1cfd083f,8,   7.718822,0.81473879,2.16408487,   0.00000,0
1591373984.705026,729,18feee3f,8,   0.000000,0.00000000,0.00000000,  80.50000,0
1591374016.165814,732,1cfd083f,8,   7.718822,0.81473879,2.16408487,   0.00000,0
1591374016.166374,733,18feee3f,8,   0.000000,0.00000000,0.00000000,  80.50000,0
1591374047.627153,736,1cfd083f,8,   7.718822,0.81473879,2.16408487,   0.00000,0
1591374047.627732,737,18feee3f,8,   0.000000,0.00000000,0.00000000,  80.50000,0
1591374079.090089,740,1cfd083f,8,   7.734448,0.81434199,2.16323037,   0.00000,0
1591374079.090652,741,18feee3f,8,   0.000000,0.00000000,0.00000000,  80.56250,0
1591374110.549868,744,1cfd083f,8,   7.734448,0.81434199,2.16323037,   0.00000,0
1591374110.550433,745,18feee3f,8,   0.000000,0.00000000,0.00000000,  80.56250,0
1591374142.011220,748,1cfd083f,8,   7.734448,0.81434199,2.16323037,   0.00000,0
1591374142.011785,749,18feee3f,8,   0.000000,0.00000000,0.00000000,  80.56250,0
1591374173.472570,752,1cfd083f,8,   7.734448,0.81434199,2.16323037,   0.00000,0
1591374173.473124,753,18feee3f,8,   0.000000,0.00000000,0.00000000,  80.56250,0
1591374204.935883,756,1cfd083f,8,   7.718822,0.81443356,2.16359658,   0.00000,0
1591374204.936458,757,18feee3f,8,   0.000000,0.00000000,0.00000000,  80.53125,0
1591374236.395294,760,1cfd083f,8,   7.718822,0.81443356,2.16359658,   0.00000,0
1591374236.395837,761,18feee3f,8,   0.000000,0.00000000,0.00000000,  80.53125,0
1591374267.856613,764,1cfd083f,8,   7.718822,0.81443356,2.16359658,   0.00000,0
1591374267.857191,765,18feee3f,8,   0.000000,0.00000000,0.00000000,  80.53125,0
1591374299.318017,768,1cfd083f,8,   7.656322,0.81556290,2.16237587,   0.00000,0
1591374299.318591,769,18feee3f,8,   0.000000,0.00000000,0.00000000,  80.43750,0
1591374330.779416,772,1cfd083f,8,   7.656322,0.81556290,2.16237587,   0.00000,0
1591374330.780010,773,18feee3f,8,   0.000000,0.00000000,0.00000000,  80.46875,0
1591374362.240812,776,1cfd083f,8,   7.656322,0.81556290,2.16237587,   0.00000,0
1591374362.241391,777,18feee3f,8,   0.000000,0.00000000,0.00000000,  80.46875,0
1591374393.703379,780,1cfd083f,8,   7.656322,0.81556290,2.16237587,   0.00000,0
1591374393.703943,781,18feee3f,8,   0.000000,0.00000000,0.00000000,  80.46875,0
1591374425.163592,784,1cfd083f,8,   7.687572,0.81519663,2.16200965,   0.00000,0
1591374425.164174,785,18feee3f,8,   0.000000,0.00000000,0.00000000,  80.53125,0
1591374456.624998,788,1cfd083f,8,   7.687572,0.81519663,2.16200965,   0.00000,0
1591374456.625566,789,18feee3f,8,   0.000000,0.00000000,0.00000000,  80.53125,0
1591374488.087138,792,1cfd083f,8,   7.687572,0.81519663,2.16200965,   0.00000,0
1591374488.087704,793,18feee3f,8,   0.000000,0.00000000,0.00000000,  80.53125,0
1591374519.547727,796,1cfd083f,8,   7.687572,0.81528819,2.16310830,   0.00000,0
1591374519.548306,797,18feee3f,8,   0.000000,0.00000000,0.00000000,  80.40625,0
1591374551.009107,800,1cfd083f,8,   7.687572,0.81528819,2.16310830,   0.00000,0
1591374551.009684,801,18feee3f,8,   0.000000,0.00000000,0.00000000,  80.50000,0
1591374582.470881,804,1cfd083f,8,   7.687572,0.81528819,2.16310830,   0.00000,0
1591374582.471518,805,18feee3f,8,   0.000000,0.00000000,0.00000000,  80.50000,0
1591374613.931890,808,1cfd083f,8,   7.687572,0.81528819,2.16310830,   0.00000,0
1591374613.932468,809,18feee3f,8,   0.000000,0.00000000,0.00000000,  80.50000,0
1591374645.393284,812,1cfd083f,8,   7.656322,0.81492192,2.16347451,   0.00000,0
1591374645.393814,813,18feee3f,8,   0.000000,0.00000000,0.00000000,  80.56250,0
1591374676.854626,816,1cfd083f,8,   7.656322,0.81492192,2.16347451,   0.00000,0
1591374676.855199,817,18feee3f,8,   0.000000,0.00000000,0.00000000,  80.56250,0
1591374708.316021,820,1cfd083f,8,   7.656322,0.81492192,2.16347451,   0.00000,0
1591374708.316602,821,18feee3f,8,   0.000000,0.00000000,0.00000000,  80.56250,0
1591374739.777371,824,1cfd083f,8,   7.656322,0.81492192,2.16347451,   0.00000,0
1591374739.777946,825,18feee3f,8,   0.000000,0.00000000,0.00000000,  80.56250,0
1591374771.238763,828,1cfd083f,8,   7.703197,0.81483035,2.16274208,   0.00000,0
1591374771.239325,829,18feee3f,8,   0.000000,0.00000000,0.00000000,  80.53125,0
1591374802.700122,832,1cfd083f,8,   7.703197,0.81483035,2.16274208,   0.00000,0
1591374802.700698,833,18feee3f,8,   0.000000,0.00000000,0.00000000,  80.53125,0
1591374834.161491,836,1cfd083f,8,   7.703197,0.81483035,2.16274208,   0.00000,0
1591374834.162065,837,18feee3f,8,   0.000000,0.00000000,0.00000000,  80.53125,0
1591374865.624862,840,1cfd083f,8,   7.671947,0.81504401,2.16286415,   0.00000,0
1591374865.625435,841,18feee3f,8,   0.000000,0.00000000,0.00000000,  80.56250,0
1591374897.084222,844,1cfd083f,8,   7.671947,0.81504401,2.16286415,   0.00000,0
1591374897.084798,845,18feee3f,8,   0.000000,0.00000000,0.00000000,  80.56250,0
1591374928.545617,848,1cfd083f,8,   7.671947,0.81504401,2.16286415,   0.00000,0
1591374928.546146,849,18feee3f,8,   0.000000,0.00000000,0.00000000,  80.56250,0
1591374960.006965,852,1cfd083f,8,   7.703197,0.81495244,2.16445108,   0.00000,0
1591374960.007537,853,18feee3f,8,   0.000000,0.00000000,0.00000000,  80.56250,0
1591374991.470288,856,1cfd083f,8,   7.703197,0.81495244,2.16445108,   0.00000,0
1591374991.470858,857,18feee3f,8,   0.000000,0.00000000,0.00000000,  80.53125,0
1591375022.929694,860,1cfd083f,8,   7.703197,0.81495244,2.16445108,   0.00000,0
1591375022.930237,861,18feee3f,8,   0.000000,0.00000000,0.00000000,  80.53125,0
1591375054.391064,864,1cfd083f,8,   7.703197,0.81495244,2.16445108,   0.00000,0
1591375054.391632,865,18feee3f,8,   0.000000,0.00000000,0.00000000,  80.53125,0
1591375085.852419,868,1cfd083f,8,   7.640697,0.81525767,2.16310830,   0.00000,0
1591375085.852996,869,18feee3f,8,   0.000000,0.00000000,0.00000000,  80.56250,0
1591375117.313774,872,1cfd083f,8,   7.640697,0.81525767,2.16310830,   0.00000,0
1591375117.314346,873,18feee3f,8,   0.000000,0.00000000,0.00000000,  80.56250,0
1591375148.775149,876,1cfd083f,8,   7.640697,0.81525767,2.16310830,   0.00000,0
1591375148.775697,877,18feee3f,8,   0.000000,0.00000000,0.00000000,  80.56250,0
1591375180.236494,880,1cfd083f,8,   7.703197,0.81501349,2.16237587,   0.00000,0
1591375180.237066,881,18feee3f,8,   0.000000,0.00000000,0.00000000,  80.56250,0
1591375211.697874,884,1cfd083f,8,   7.703197,0.81501349,2.16237587,   0.00000,0
1591375211.698439,885,18feee3f,8,   0.000000,0.00000000,0.00000000,  80.59375,0
1591375243.159207,888,1cfd083f,8,   7.703197,0.81501349,2.16237587,   0.00000,0
1591375243.159782,889,18feee3f,8,   0.000000,0.00000000,0.00000000,  80.59375,0
1591375274.621360,892,1cfd083f,8,   7.703197,0.81501349,2.16237587,   0.00000,0
1591375274.621902,893,18feee3f,8,   0.000000,0.00000000,0.00000000,  80.59375,0
1591375306.081931,896,1cfd083f,8,   7.656322,0.81498297,2.16237587,   0.00000,0
1591375306.082512,897,18feee3f,8,   0.000000,0.00000000,0.00000000,  80.53125,0
1591375337.543316,900,1cfd083f,8,   7.656322,0.81498297,2.16237587,   0.00000,0
1591375337.543872,901,18feee3f,8,   0.000000,0.00000000,0.00000000,  80.53125,0
1591375369.005029,904,1cfd083f,8,   7.656322,0.81498297,2.16237587,   0.00000,0
1591375369.005578,905,18feee3f,8,   0.000000,0.00000000,0.00000000,  80.53125,0
1591375400.466022,908,1cfd083f,8,   7.656322,0.81498297,2.16237587,   0.00000,0
1591375400.466568,909,18feee3f,8,   0.000000,0.00000000,0.00000000,  80.53125,0
1591375431.927375,912,1cfd083f,8,   7.656322,0.81537976,2.16274208,   0.00000,0
1591375431.927943,913,18feee3f,8,   0.000000,0.00000000,0.00000000,  80.50000,0
