timestamp,count,id,dlc,Viscosity (cp),Density (gm/cc),Dielectric constant (-),Temperature (C), Status
1592337113.568009,0,1cfd083f,8,   2.500023,0.05326187,2.32253377,   0.00000,0
1592337113.568269,1,18feee3f,8,   0.000000,0.00000000,0.00000000,-250.84375,0
1592337145.028901,4,1cfd083f,8,   2.500023,0.05326187,2.32253377,   0.00000,0
1592337145.029504,5,18feee3f,8,   0.000000,0.00000000,0.00000000,-250.84375,0
1592337176.490155,8,1cfd083f,8,   1.656266,0.83937050,2.28627851,   0.00000,0
1592337176.490743,9,18feee3f,8,   0.000000,0.00000000,0.00000000,  89.71875,0
1592337207.951430,12,1cfd083f,8,   1.656266,0.83937050,2.28627851,   0.00000,0
1592337207.951993,13,18feee3f,8,   0.000000,0.00000000,0.00000000,  89.71875,0
1592337239.412718,16,1cfd083f,8,   1.656266,0.83937050,2.28627851,   0.00000,0
1592337239.413252,17,18feee3f,8,   0.000000,0.00000000,0.00000000,  89.71875,0
1592337270.873989,20,1cfd083f,8,   1.656266,0.83937050,2.28627851,   0.00000,0
1592337270.874558,21,18feee3f,8,   0.000000,0.00000000,0.00000000,  89.71875,0
1592337302.335298,24,1cfd083f,8,  13.953256,0.05216306,2.24245482,   0.00000,0
1592337302.335868,25,18feee3f,8,   0.000000,0.00000000,0.00000000,  92.25000,0
1592337333.796593,28,1cfd083f,8,  13.953256,0.05216306,2.24245482,   0.00000,0
1592337333.797136,29,18feee3f,8,   0.000000,0.00000000,0.00000000,  92.25000,0
1592337365.257865,32,1cfd083f,8,  13.953256,0.05216306,2.24245482,   0.00000,0
1592337365.258445,33,18feee3f,8,   0.000000,0.00000000,0.00000000,  92.25000,0
1592337396.720335,36,1cfd083f,8,  10.984478,0.82105696,2.21218107,   0.00000,0
1592337396.720901,37,18feee3f,8,   0.000000,0.00000000,0.00000000,  92.65625,0
1592337428.182450,40,1cfd083f,8,  10.984478,0.82105696,2.21218107,   0.00000,0
1592337428.183016,41,18feee3f,8,   0.000000,0.00000000,0.00000000,  92.56250,0
1592337459.641786,44,1cfd083f,8,  10.984478,0.82105696,2.21218107,   0.00000,0
1592337459.642353,45,18feee3f,8,   0.000000,0.00000000,0.00000000,  92.56250,0
1592337491.103052,48,1cfd083f,8,  10.984478,0.82105696,2.21218107,   0.00000,0
1592337491.103629,49,18feee3f,8,   0.000000,0.00000000,0.00000000,  92.56250,0
1592337522.565899,52,1cfd083f,8,  10.984478,0.82105696,2.21218107,   0.00000,0
1592337522.566496,53,18feee3f,8,   0.000000,0.00000000,0.00000000,  92.56250,0
1592337554.025621,56,1cfd083f,8,  10.468848,0.81870672,2.20131670,   0.00000,0
1592337554.026199,57,18feee3f,8,   0.000000,0.00000000,0.00000000,  91.12500,0
1592337585.486938,60,1cfd083f,8,  10.468848,0.81870672,2.20131670,   0.00000,0
1592337585.487511,61,18feee3f,8,   0.000000,0.00000000,0.00000000,  91.12500,0
1592337616.949391,64,1cfd083f,8,  10.468848,0.81870672,2.20131670,   0.00000,0
1592337616.949941,65,18feee3f,8,   0.000000,0.00000000,0.00000000,  91.12500,0
1592337648.409491,68,1cfd083f,8,  10.375097,0.81873724,2.19618969,   0.00000,0
1592337648.410084,69,18feee3f,8,   0.000000,0.00000000,0.00000000,  89.37500,0
1592337679.870768,72,1cfd083f,8,  10.375097,0.81873724,2.19618969,   0.00000,0
1592337679.871332,73,18feee3f,8,   0.000000,0.00000000,0.00000000,  89.34375,0
1592337711.332823,76,1cfd083f,8,  10.375097,0.81873724,2.19618969,   0.00000,0
1592337711.333391,77,18feee3f,8,   0.000000,0.00000000,0.00000000,  89.34375,0
1592337742.793357,80,1cfd083f,8,  10.375097,0.81873724,2.19618969,   0.00000,0
1592337742.793928,81,18feee3f,8,   0.000000,0.00000000,0.00000000,  89.34375,0
1592337774.254705,84,1cfd083f,8,  10.765726,0.82029389,2.19509105,   0.00000,0
1592337774.255227,85,18feee3f,8,   0.000000,0.00000000,0.00000000,  86.62500,0
1592337805.716319,88,1cfd083f,8,  10.765726,0.82029389,2.19509105,   0.00000,0
1592337805.716896,89,18feee3f,8,   0.000000,0.00000000,0.00000000,  86.62500,0
1592337837.177224,92,1cfd083f,8,  10.765726,0.82029389,2.19509105,   0.00000,0
1592337837.177819,93,18feee3f,8,   0.000000,0.00000000,0.00000000,  86.62500,0
1592337868.638521,96,1cfd083f,8,  11.312606,0.82099591,2.19252754,   0.00000,0
1592337868.639093,97,18feee3f,8,   0.000000,0.00000000,0.00000000,  83.81250,0
1592337900.099832,100,1cfd083f,8,  11.312606,0.82099591,2.19252754,   0.00000,0
1592337900.100385,101,18feee3f,8,   0.000000,0.00000000,0.00000000,  83.65625,0
1592337931.561132,104,1cfd083f,8,  11.312606,0.82099591,2.19252754,   0.00000,0
1592337931.561669,105,18feee3f,8,   0.000000,0.00000000,0.00000000,  83.65625,0
1592337963.022421,108,1cfd083f,8,  11.312606,0.82099591,2.19252754,   0.00000,0
1592337963.023053,109,18feee3f,8,   0.000000,0.00000000,0.00000000,  83.65625,0
1592337994.485672,112,1cfd083f,8,   0.937509,0.82288831,2.19765455,   0.00000,0
1592337994.486238,113,18feee3f,8,   0.000000,0.00000000,0.00000000,  80.84375,0
1592338025.945009,116,1cfd083f,8,   0.937509,0.82288831,2.19765455,   0.00000,0
1592338025.945573,117,18feee3f,8,   0.000000,0.00000000,0.00000000,  80.81250,0
1592338057.406298,120,1cfd083f,8,   0.937509,0.82288831,2.19765455,   0.00000,0
1592338057.406842,121,18feee3f,8,   0.000000,0.00000000,0.00000000,  80.81250,0
1592338088.867588,124,1cfd083f,8,   0.937509,0.82288831,2.19765455,   0.00000,0
1592338088.868149,125,18feee3f,8,   0.000000,0.00000000,0.00000000,  80.81250,0
1592338120.328878,128,1cfd083f,8,  13.015747,0.82584900,2.20302570,   0.00000,0
1592338120.329436,129,18feee3f,8,   0.000000,0.00000000,0.00000000,  77.87500,0
1592338151.790163,132,1cfd083f,8,  13.015747,0.82584900,2.20302570,   0.00000,0
1592338151.790760,133,18feee3f,8,   0.000000,0.00000000,0.00000000,  77.87500,0
1592338183.251468,136,1cfd083f,8,  13.015747,0.82584900,2.20302570,   0.00000,0
1592338183.252022,137,18feee3f,8,   0.000000,0.00000000,0.00000000,  77.87500,0
1592338214.714718,140,1cfd083f,8,  13.015747,0.82584900,2.20302570,   0.00000,0
1592338214.715275,141,18feee3f,8,   0.000000,0.00000000,0.00000000,  77.87500,0
1592338246.174036,144,1cfd083f,8,  14.234508,0.82636788,2.20851892,   0.00000,0
1592338246.174610,145,18feee3f,8,   0.000000,0.00000000,0.00000000,  75.81250,0
1592338277.635315,148,1cfd083f,8,  14.234508,0.82636788,2.20851892,   0.00000,0
1592338277.635882,149,18feee3f,8,   0.000000,0.00000000,0.00000000,  75.81250,0
1592338309.098148,152,1cfd083f,8,  14.234508,0.82636788,2.20851892,   0.00000,0
1592338309.098715,153,18feee3f,8,   0.000000,0.00000000,0.00000000,  75.81250,0
1592338340.557881,156,1cfd083f,8,  15.203268,0.82887073,2.21645357,   0.00000,0
1592338340.558446,157,18feee3f,8,   0.000000,0.00000000,0.00000000,  75.75000,0
1592338372.019127,160,1cfd083f,8,  15.203268,0.82887073,2.21645357,   0.00000,0
1592338372.019705,161,18feee3f,8,   0.000000,0.00000000,0.00000000,  75.75000,0
1592338403.481536,164,1cfd083f,8,  15.203268,0.82887073,2.21645357,   0.00000,0
1592338403.482103,165,18feee3f,8,   0.000000,0.00000000,0.00000000,  75.75000,0
1592338434.941634,168,1cfd083f,8,  15.203268,0.82887073,2.21645357,   0.00000,0
1592338434.942184,169,18feee3f,8,   0.000000,0.00000000,0.00000000,  75.75000,0
1592338466.402867,172,1cfd083f,8,  15.953275,0.83189247,2.22145851,   0.00000,0
1592338466.403463,173,18feee3f,8,   0.000000,0.00000000,0.00000000,  77.21875,0
1592338497.864878,176,1cfd083f,8,  15.953275,0.83189247,2.22145851,   0.00000,0
1592338497.865476,177,18feee3f,8,   0.000000,0.00000000,0.00000000,  77.21875,0
1592338529.325383,180,1cfd083f,8,  15.953275,0.83189247,2.22145851,   0.00000,0
1592338529.325958,181,18feee3f,8,   0.000000,0.00000000,0.00000000,  77.21875,0
1592338560.786658,184,1cfd083f,8,   1.000009,0.83115993,2.22255715,   0.00000,0
1592338560.787221,185,18feee3f,8,   0.000000,0.00000000,0.00000000,-250.87500,0
1592338592.248273,188,1cfd083f,8,   1.000009,0.83115993,2.22255715,   0.00000,0
1592338592.248833,189,18feee3f,8,   0.000000,0.00000000,0.00000000,-250.81250,0
1592338623.709151,192,1cfd083f,8,   1.000009,0.83115993,2.22255715,   0.00000,0
1592338623.709747,193,18feee3f,8,   0.000000,0.00000000,0.00000000,-250.81250,0
1592338655.170408,196,1cfd083f,8,   1.000009,0.83115993,2.22255715,   0.00000,0
1592338655.170999,197,18feee3f,8,   0.000000,0.00000000,0.00000000,-250.81250,0
1592338686.631681,200,1cfd083f,8,  15.265768,0.83085470,2.22084815,   0.00000,0
1592338686.632269,201,18feee3f,8,   0.000000,0.00000000,0.00000000,  80.34375,0
1592338718.092942,204,1cfd083f,8,  15.265768,0.83085470,2.22084815,   0.00000,0
1592338718.093499,205,18feee3f,8,   0.000000,0.00000000,0.00000000,  80.34375,0
1592338749.554212,208,1cfd083f,8,  15.265768,0.83085470,2.22084815,   0.00000,0
1592338749.554768,209,18feee3f,8,   0.000000,0.00000000,0.00000000,  80.34375,0
1592338781.015494,212,1cfd083f,8,  14.468886,0.82908439,2.21730807,   0.00000,0
1592338781.016049,213,18feee3f,8,   0.000000,0.00000000,0.00000000,  80.71875,0
1592338812.476772,216,1cfd083f,8,  14.468886,0.82908439,2.21730807,   0.00000,0
1592338812.477343,217,18feee3f,8,   0.000000,0.00000000,0.00000000,  80.71875,0
1592338843.938051,220,1cfd083f,8,  14.468886,0.82908439,2.21730807,   0.00000,0
1592338843.938597,221,18feee3f,8,   0.000000,0.00000000,0.00000000,  80.71875,0
1592338875.400886,224,1cfd083f,8,  13.937631,0.82923700,2.21437836,   0.00000,0
1592338875.401453,225,18feee3f,8,   0.000000,0.00000000,0.00000000,  80.56250,0
1592338906.860588,228,1cfd083f,8,  13.937631,0.82923700,2.21437836,   0.00000,0
1592338906.861153,229,18feee3f,8,   0.000000,0.00000000,0.00000000,  80.56250,0
1592338938.321871,232,1cfd083f,8,  13.937631,0.82923700,2.21437836,   0.00000,0
1592338938.322437,233,18feee3f,8,   0.000000,0.00000000,0.00000000,  80.56250,0
1592338969.783152,236,1cfd083f,8,  13.937631,0.82923700,2.21437836,   0.00000,0
1592338969.783711,237,18feee3f,8,   0.000000,0.00000000,0.00000000,  80.56250,0
1592339001.246385,240,1cfd083f,8,  13.906380,0.82819924,2.21254728,   0.00000,0
1592339001.246939,241,18feee3f,8,   0.000000,0.00000000,0.00000000,  79.93750,0
1592339032.705690,244,1cfd083f,8,  13.906380,0.82819924,2.21254728,   0.00000,0
1592339032.706243,245,18feee3f,8,   0.000000,0.00000000,0.00000000,  79.93750,0
1592339064.166957,248,1cfd083f,8,  13.906380,0.82819924,2.21254728,   0.00000,0
1592339064.167551,249,18feee3f,8,   0.000000,0.00000000,0.00000000,  79.93750,0
1592339095.628265,252,1cfd083f,8,  14.109507,0.82774140,2.21266935,   0.00000,0
1592339095.628823,253,18feee3f,8,   0.000000,0.00000000,0.00000000,-250.81250,0
1592339127.089532,256,1cfd083f,8,  14.109507,0.82774140,2.21266935,   0.00000,0
1592339127.090105,257,18feee3f,8,   0.000000,0.00000000,0.00000000,-250.84375,0
1592339158.550789,260,1cfd083f,8,  14.109507,0.82774140,2.21266935,   0.00000,0
1592339158.551385,261,18feee3f,8,   0.000000,0.00000000,0.00000000,-250.84375,0
1592339190.013264,264,1cfd083f,8,  14.109507,0.82774140,2.21266935,   0.00000,0
1592339190.013830,265,18feee3f,8,   0.000000,0.00000000,0.00000000,-250.84375,0
1592339221.473370,268,1cfd083f,8,  14.328259,0.82786349,0.13964988,   0.00000,0
1592339221.473936,269,18feee3f,8,   0.000000,0.00000000,0.00000000,  78.56250,0
1592339252.934625,272,1cfd083f,8,  14.328259,0.82786349,0.13964988,   0.00000,0
1592339252.935202,273,18feee3f,8,   0.000000,0.00000000,0.00000000,  78.56250,0
1592339284.396668,276,1cfd083f,8,  14.328259,0.82786349,0.13964988,   0.00000,0
1592339284.397262,277,18feee3f,8,   0.000000,0.00000000,0.00000000,  78.56250,0
1592339315.857200,280,1cfd083f,8,  14.328259,0.82786349,0.13964988,   0.00000,0
1592339315.857741,281,18feee3f,8,   0.000000,0.00000000,0.00000000,  78.56250,0
1592339347.318445,284,1cfd083f,8,  14.547011,0.05207149,2.21547700,   0.00000,0
1592339347.319042,285,18feee3f,8,   0.000000,0.00000000,0.00000000,  78.68750,0
1592339378.780090,288,1cfd083f,8,  14.547011,0.05207149,2.21547700,   0.00000,0
1592339378.780687,289,18feee3f,8,   0.000000,0.00000000,0.00000000,  78.68750,0
1592339410.241029,292,1cfd083f,8,  14.547011,0.05207149,2.21547700,   0.00000,0
1592339410.241569,293,18feee3f,8,   0.000000,0.00000000,0.00000000,  78.68750,0
1592339441.702285,296,1cfd083f,8,  14.547011,0.05207149,2.21547700,   0.00000,0
1592339441.702880,297,18feee3f,8,   0.000000,0.00000000,0.00000000,  78.68750,0
1592339473.163585,300,1cfd083f,8,  14.797014,0.82948118,2.21669772,   0.00000,0
1592339473.164166,301,18feee3f,8,   0.000000,0.00000000,0.00000000,-250.71875,0
1592339504.624846,304,1cfd083f,8,  14.797014,0.82948118,2.21669772,   0.00000,0
1592339504.625407,305,18feee3f,8,   0.000000,0.00000000,0.00000000,-250.71875,0
1592339536.086124,308,1cfd083f,8,  14.797014,0.82948118,2.21669772,   0.00000,0
1592339536.086681,309,18feee3f,8,   0.000000,0.00000000,0.00000000,-250.71875,0
1592339567.549376,312,1cfd083f,8,  14.718888,0.82960328,2.21681979,   0.00000,0
1592339567.549952,313,18feee3f,8,   0.000000,0.00000000,0.00000000,  79.90625,0
1592339599.008675,316,1cfd083f,8,  14.718888,0.82960328,2.21681979,   0.00000,0
1592339599.009241,317,18feee3f,8,   0.000000,0.00000000,0.00000000,  79.90625,0
1592339630.469972,320,1cfd083f,8,  14.718888,0.82960328,2.21681979,   0.00000,0
1592339630.470536,321,18feee3f,8,   0.000000,0.00000000,0.00000000,  79.90625,0
1592339661.931232,324,1cfd083f,8,  14.718888,0.82960328,2.21681979,   0.00000,0
1592339661.931816,325,18feee3f,8,   0.000000,0.00000000,0.00000000,  79.90625,0
1592339693.392523,328,1cfd083f,8,  14.468886,0.82948118,2.21657564,   0.00000,0
1592339693.393087,329,18feee3f,8,   0.000000,0.00000000,0.00000000,  80.31250,0
1592339724.853811,332,1cfd083f,8,  14.468886,0.82948118,2.21657564,   0.00000,0
1592339724.854385,333,18feee3f,8,   0.000000,0.00000000,0.00000000,  80.31250,0
1592339756.315098,336,1cfd083f,8,  14.468886,0.82948118,2.21657564,   0.00000,0
1592339756.315643,337,18feee3f,8,   0.000000,0.00000000,0.00000000,  80.31250,0
1592339787.778330,340,1cfd083f,8,  14.468886,0.82948118,2.21657564,   0.00000,0
1592339787.778910,341,18feee3f,8,   0.000000,0.00000000,0.00000000,  80.31250,0
1592339819.237647,344,1cfd083f,8,  14.250134,0.05176627,2.21572114,   0.00000,0
1592339819.238223,345,18feee3f,8,   0.000000,0.00000000,0.00000000,  80.43750,0
1592339850.698932,348,1cfd083f,8,  14.250134,0.05176627,2.21572114,   0.00000,0
1592339850.699489,349,18feee3f,8,   0.000000,0.00000000,0.00000000,  80.43750,0
1592339882.161786,352,1cfd083f,8,  14.250134,0.05176627,2.21572114,   0.00000,0
1592339882.162327,353,18feee3f,8,   0.000000,0.00000000,0.00000000,  80.43750,0
1592339913.621473,356,1cfd083f,8,  14.015756,0.82963380,2.21401214,   0.00000,0
1592339913.622047,357,18feee3f,8,   0.000000,0.00000000,0.00000000,  80.34375,0
1592339945.082775,360,1cfd083f,8,  14.015756,0.82963380,2.21401214,   0.00000,0
1592339945.083347,361,18feee3f,8,   0.000000,0.00000000,0.00000000,  80.31250,0
1592339976.545223,364,1cfd083f,8,  14.015756,0.82963380,2.21401214,   0.00000,0
1592339976.545760,365,18feee3f,8,   0.000000,0.00000000,0.00000000,  80.31250,0
1592340008.005343,368,1cfd083f,8,  14.015756,0.82963380,2.21401214,   0.00000,0
1592340008.005883,369,18feee3f,8,   0.000000,0.00000000,0.00000000,  80.31250,0
1592340039.466606,372,1cfd083f,8,  14.156383,0.82713095,2.21205900,   0.00000,0
1592340039.467150,373,18feee3f,8,   0.000000,0.00000000,0.00000000,  80.18750,0
1592340070.928642,376,1cfd083f,8,  14.156383,0.82713095,2.21205900,   0.00000,0
1592340070.929209,377,18feee3f,8,   0.000000,0.00000000,0.00000000,  80.18750,0
1592340102.389161,380,1cfd083f,8,  14.156383,0.82713095,2.21205900,   0.00000,0
1592340102.389765,381,18feee3f,8,   0.000000,0.00000000,0.00000000,  80.18750,0
1592340133.850441,384,1cfd083f,8,  14.156383,0.82713095,2.21205900,   0.00000,0
1592340133.851014,385,18feee3f,8,   0.000000,0.00000000,0.00000000,  80.18750,0
1592340165.312065,388,1cfd083f,8,  14.000131,0.82966432,2.21364593,   0.00000,0
1592340165.312632,389,18feee3f,8,   0.000000,0.00000000,0.00000000,  79.84375,0
1592340196.772979,392,1cfd083f,8,  14.000131,0.82966432,2.21364593,   0.00000,0
1592340196.773588,393,18feee3f,8,   0.000000,0.00000000,0.00000000,  79.84375,0
1592340228.234291,396,1cfd083f,8,  14.000131,0.82966432,2.21364593,   0.00000,0
1592340228.234829,397,18feee3f,8,   0.000000,0.00000000,0.00000000,  79.84375,0
1592340259.695562,400,1cfd083f,8,  14.000131,0.82966432,2.21364593,   0.00000,0
1592340259.696176,401,18feee3f,8,   0.000000,0.00000000,0.00000000,  79.84375,0
1592340291.156815,404,1cfd083f,8,  14.093882,0.82917596,2.21340178,   0.00000,0
1592340291.157388,405,18feee3f,8,   0.000000,0.00000000,0.00000000,  79.65625,0
1592340322.618098,408,1cfd083f,8,  14.093882,0.82917596,2.21340178,   0.00000,0
1592340322.618655,409,18feee3f,8,   0.000000,0.00000000,0.00000000,  79.65625,0
1592340354.079386,412,1cfd083f,8,  14.093882,0.82917596,2.21340178,   0.00000,0
1592340354.079955,413,18feee3f,8,   0.000000,0.00000000,0.00000000,  79.65625,0
1592340385.540643,416,1cfd083f,8,  14.328259,0.05216306,2.21303557,   0.00000,0
1592340385.541230,417,18feee3f,8,   0.000000,0.00000000,0.00000000,  79.71875,0
1592340417.001959,420,1cfd083f,8,  14.328259,0.05216306,2.21303557,   0.00000,0
1592340417.002533,421,18feee3f,8,   0.000000,0.00000000,0.00000000,  79.71875,0
1592340448.463272,424,1cfd083f,8,  14.328259,0.05216306,2.21303557,   0.00000,0
1592340448.463825,425,18feee3f,8,   0.000000,0.00000000,0.00000000,  79.71875,0
1592340479.924572,428,1cfd083f,8,  14.328259,0.05216306,2.21303557,   0.00000,0
1592340479.925162,429,18feee3f,8,   0.000000,0.00000000,0.00000000,  79.71875,0
1592340511.385879,432,1cfd083f,8,  14.390760,0.05207149,2.21462250,   0.00000,0
1592340511.386450,433,18feee3f,8,   0.000000,0.00000000,0.00000000,  79.90625,0
1592340542.847201,436,1cfd083f,8,  14.390760,0.05207149,2.21462250,   0.00000,0
1592340542.847774,437,18feee3f,8,   0.000000,0.00000000,0.00000000,  79.90625,0
1592340574.310447,440,1cfd083f,8,  14.390760,0.05207149,2.21462250,   0.00000,0
1592340574.311013,441,18feee3f,8,   0.000000,0.00000000,0.00000000,  79.90625,0
1592340605.769793,444,1cfd083f,8,  14.453260,0.82801610,2.21425628,   0.00000,0
1592340605.770359,445,18feee3f,8,   0.000000,0.00000000,0.00000000,  80.03125,0
1592340637.231102,448,1cfd083f,8,  14.453260,0.82801610,2.21425628,   0.00000,0
1592340637.231676,449,18feee3f,8,   0.000000,0.00000000,0.00000000,  80.06250,0
1592340668.693973,452,1cfd083f,8,  14.453260,0.82801610,2.21425628,   0.00000,0
1592340668.694554,453,18feee3f,8,   0.000000,0.00000000,0.00000000,  80.06250,0
1592340700.153713,456,1cfd083f,8,  14.453260,0.82801610,2.21425628,   0.00000,0
1592340700.154277,457,18feee3f,8,   0.000000,0.00000000,0.00000000,  80.06250,0
1592340731.614996,460,1cfd083f,8,  14.312634,0.05182731,2.21376800,   0.00000,0
1592340731.615559,461,18feee3f,8,   0.000000,0.00000000,0.00000000,  80.21875,0
1592340763.077476,464,1cfd083f,8,  14.312634,0.05182731,2.21376800,   0.00000,0
1592340763.078038,465,18feee3f,8,   0.000000,0.00000000,0.00000000,  80.21875,0
1592340794.537616,468,1cfd083f,8,  14.312634,0.05182731,2.21376800,   0.00000,0
1592340794.538176,469,18feee3f,8,   0.000000,0.00000000,0.00000000,  80.21875,0
1592340825.998895,472,1cfd083f,8,  14.250134,0.82789401,2.21327971,   0.00000,0
1592340825.999466,473,18feee3f,8,   0.000000,0.00000000,0.00000000,  80.25000,0
1592340857.460958,476,1cfd083f,8,  14.250134,0.82789401,2.21327971,   0.00000,0
1592340857.461522,477,18feee3f,8,   0.000000,0.00000000,0.00000000,  80.28125,0
1592340888.921491,480,1cfd083f,8,  14.250134,0.82789401,2.21327971,   0.00000,0
1592340888.922057,481,18feee3f,8,   0.000000,0.00000000,0.00000000,  80.28125,0
1592340920.382759,484,1cfd083f,8,  14.140758,0.82896230,2.21315764,   0.00000,0
1592340920.383330,485,18feee3f,8,   0.000000,0.00000000,0.00000000,  80.31250,0
1592340951.844395,488,1cfd083f,8,  14.140758,0.82896230,2.21315764,   0.00000,0
1592340951.844969,489,18feee3f,8,   0.000000,0.00000000,0.00000000,  80.28125,0
1592340983.305325,492,1cfd083f,8,  14.140758,0.82896230,2.21315764,   0.00000,0
1592340983.305940,493,18feee3f,8,   0.000000,0.00000000,0.00000000,  80.28125,0
1592341014.766627,496,1cfd083f,8,  14.140758,0.82896230,2.21315764,   0.00000,0
1592341014.767201,497,18feee3f,8,   0.000000,0.00000000,0.00000000,  80.28125,0
1592341046.227925,500,1cfd083f,8,  14.125132,0.82902335,2.21303557,   0.00000,0
1592341046.228499,501,18feee3f,8,   0.000000,0.00000000,0.00000000,  80.28125,0
1592341077.689201,504,1cfd083f,8,  14.125132,0.82902335,2.21303557,   0.00000,0
1592341077.689796,505,18feee3f,8,   0.000000,0.00000000,0.00000000,  80.28125,0
1592341109.150508,508,1cfd083f,8,  14.125132,0.82902335,2.21303557,   0.00000,0
1592341109.151073,509,18feee3f,8,   0.000000,0.00000000,0.00000000,  80.28125,0
1592341140.611795,512,1cfd083f,8,  14.125132,0.82902335,2.21303557,   0.00000,0
1592341140.612360,513,18feee3f,8,   0.000000,0.00000000,0.00000000,  80.28125,0
1592341172.073082,516,1cfd083f,8,  14.062632,0.05213254,2.21352386,   0.00000,0
1592341172.073658,517,18feee3f,8,   0.000000,0.00000000,0.00000000,  80.21875,0
1592341203.534380,520,1cfd083f,8,  14.062632,0.05213254,2.21352386,   0.00000,0
1592341203.534956,521,18feee3f,8,   0.000000,0.00000000,0.00000000,  80.25000,0
1592341234.995681,524,1cfd083f,8,  14.062632,0.05213254,2.21352386,   0.00000,0
1592341234.996255,525,18feee3f,8,   0.000000,0.00000000,0.00000000,  80.25000,0
1592341266.456967,528,1cfd083f,8,  14.172008,0.05219358,2.21303557,   0.00000,0
1592341266.457536,529,18feee3f,8,   0.000000,0.00000000,0.00000000,  80.25000,0
1592341297.918240,532,1cfd083f,8,  14.172008,0.05219358,2.21303557,   0.00000,0
1592341297.918807,533,18feee3f,8,   0.000000,0.00000000,0.00000000,  80.25000,0
1592341329.379552,536,1cfd083f,8,  14.172008,0.05219358,2.21303557,   0.00000,0
1592341329.380127,537,18feee3f,8,   0.000000,0.00000000,0.00000000,  80.25000,0
1592341360.842796,540,1cfd083f,8,  14.172008,0.05219358,2.21303557,   0.00000,0
1592341360.843388,541,18feee3f,8,   0.000000,0.00000000,0.00000000,  80.25000,0
1592341392.302116,544,1cfd083f,8,  14.218883,0.82957275,2.21315764,   0.00000,0
1592341392.302680,545,18feee3f,8,   0.000000,0.00000000,0.00000000,  80.28125,0
1592341423.763414,548,1cfd083f,8,  14.218883,0.82957275,2.21315764,   0.00000,0
1592341423.763984,549,18feee3f,8,   0.000000,0.00000000,0.00000000,  80.25000,0
1592341455.226245,552,1cfd083f,8,  14.218883,0.82957275,2.21315764,   0.00000,0
1592341455.226846,553,18feee3f,8,   0.000000,0.00000000,0.00000000,  80.25000,0
1592341486.685977,556,1cfd083f,8,  14.218883,0.82957275,2.21315764,   0.00000,0
1592341486.686579,557,18feee3f,8,   0.000000,0.00000000,0.00000000,  80.25000,0
1592341518.147634,560,1cfd083f,8,  14.390760,0.82740565,2.21364593,   0.00000,0
1592341518.148236,561,18feee3f,8,   0.000000,0.00000000,0.00000000,  80.21875,0
1592341549.609757,564,1cfd083f,8,  14.390760,0.82740565,2.21364593,   0.00000,0
1592341549.610323,565,18feee3f,8,   0.000000,0.00000000,0.00000000,  80.21875,0
1592341581.069933,568,1cfd083f,8,  14.390760,0.82740565,2.21364593,   0.00000,0
1592341581.070427,569,18feee3f,8,   0.000000,0.00000000,0.00000000,  80.21875,0
1592341612.531144,572,1cfd083f,8,  14.390760,0.82740565,2.21364593,   0.00000,0
1592341612.531745,573,18feee3f,8,   0.000000,0.00000000,0.00000000,  80.21875,0
1592341643.993211,576,1cfd083f,8,  14.234508,0.82938962,2.21389007,   0.00000,0
1592341643.993777,577,18feee3f,8,   0.000000,0.00000000,0.00000000,  80.18750,0
1592341675.453725,580,1cfd083f,8,  14.234508,0.82938962,2.21389007,   0.00000,0
1592341675.454297,581,18feee3f,8,   0.000000,0.00000000,0.00000000,  80.18750,0
1592341706.915028,584,1cfd083f,8,  14.234508,0.82938962,2.21389007,   0.00000,0
1592341706.915600,585,18feee3f,8,   0.000000,0.00000000,0.00000000,  80.18750,0
1592341738.376324,588,1cfd083f,8,  14.203258,0.82899282,2.21376800,   0.00000,0
1592341738.376890,589,18feee3f,8,   0.000000,0.00000000,0.00000000,  80.12500,0
1592341769.837597,592,1cfd083f,8,  14.203258,0.82899282,2.21376800,   0.00000,0
1592341769.838200,593,18feee3f,8,   0.000000,0.00000000,0.00000000,  80.12500,0
1592341801.298895,596,1cfd083f,8,  14.203258,0.82899282,2.21376800,   0.00000,0
1592341801.299459,597,18feee3f,8,   0.000000,0.00000000,0.00000000,  80.12500,0
1592341832.760171,600,1cfd083f,8,  14.203258,0.82899282,2.21376800,   0.00000,0
1592341832.760736,601,18feee3f,8,   0.000000,0.00000000,0.00000000,  80.12500,0
1592341864.221457,604,1cfd083f,8,  14.203258,0.82960328,2.21315764,   0.00000,0
1592341864.222021,605,18feee3f,8,   0.000000,0.00000000,0.00000000,  80.12500,0
1592341895.682770,608,1cfd083f,8,  14.203258,0.82960328,2.21315764,   0.00000,0
1592341895.683325,609,18feee3f,8,   0.000000,0.00000000,0.00000000,  80.12500,0
1592341927.144050,612,1cfd083f,8,  14.203258,0.82960328,2.21315764,   0.00000,0
1592341927.144627,613,18feee3f,8,   0.000000,0.00000000,0.00000000,  80.12500,0
1592341958.605320,616,1cfd083f,8,  14.312634,0.82978641,2.21242521,   0.00000,0
1592341958.605920,617,18feee3f,8,   0.000000,0.00000000,0.00000000,  80.09375,0
1592341990.066608,620,1cfd083f,8,  14.312634,0.82978641,2.21242521,   0.00000,0
1592341990.067207,621,18feee3f,8,   0.000000,0.00000000,0.00000000,  80.09375,0
1592342021.527925,624,1cfd083f,8,  14.312634,0.82978641,2.21242521,   0.00000,0
1592342021.528495,625,18feee3f,8,   0.000000,0.00000000,0.00000000,  80.09375,0
1592342052.989211,628,1cfd083f,8,  14.312634,0.82978641,2.21242521,   0.00000,0
1592342052.989763,629,18feee3f,8,   0.000000,0.00000000,0.00000000,  80.09375,0
1592342084.450509,632,1cfd083f,8,  14.281384,0.05191888,2.21340178,   0.00000,0
1592342084.451051,633,18feee3f,8,   0.000000,0.00000000,0.00000000,  80.06250,0
1592342115.911773,636,1cfd083f,8,  14.281384,0.05191888,2.21340178,   0.00000,0
1592342115.912339,637,18feee3f,8,   0.000000,0.00000000,0.00000000,  80.06250,0
1592342147.375034,640,1cfd083f,8,  14.281384,0.05191888,2.21340178,   0.00000,0
1592342147.375599,641,18feee3f,8,   0.000000,0.00000000,0.00000000,  80.06250,0
1592342178.834346,644,1cfd083f,8,  14.359510,0.82822976,2.21315764,   0.00000,0
1592342178.834916,645,18feee3f,8,   0.000000,0.00000000,0.00000000,  80.09375,0
1592342210.295644,648,1cfd083f,8,  14.359510,0.82822976,2.21315764,   0.00000,0
1592342210.296213,649,18feee3f,8,   0.000000,0.00000000,0.00000000,  80.09375,0
1592342241.758526,652,1cfd083f,8,  14.359510,0.82822976,2.21315764,   0.00000,0
1592342241.759077,653,18feee3f,8,   0.000000,0.00000000,0.00000000,  80.09375,0
1592342273.218233,656,1cfd083f,8,  14.375135,0.05182731,2.21242521,   0.00000,0
1592342273.218799,657,18feee3f,8,   0.000000,0.00000000,0.00000000,  80.06250,0
1592342304.679516,660,1cfd083f,8,  14.375135,0.05182731,2.21242521,   0.00000,0
1592342304.680091,661,18feee3f,8,   0.000000,0.00000000,0.00000000,  80.03125,0
1592342336.141977,664,1cfd083f,8,  14.375135,0.05182731,2.21242521,   0.00000,0
1592342336.142547,665,18feee3f,8,   0.000000,0.00000000,0.00000000,  80.03125,0
1592342367.602141,668,1cfd083f,8,  14.375135,0.05182731,2.21242521,   0.00000,0
1592342367.602650,669,18feee3f,8,   0.000000,0.00000000,0.00000000,  80.03125,0
1592342399.063371,672,1cfd083f,8,  14.218883,0.83097679,2.21230314,   0.00000,0
1592342399.063935,673,18feee3f,8,   0.000000,0.00000000,0.00000000,  80.09375,0
1592342430.525418,676,1cfd083f,8,  14.218883,0.83097679,2.21230314,   0.00000,0
1592342430.526031,677,18feee3f,8,   0.000000,0.00000000,0.00000000,  80.09375,0
1592342461.985942,680,1cfd083f,8,  14.218883,0.83097679,2.21230314,   0.00000,0
1592342461.986515,681,18feee3f,8,   0.000000,0.00000000,0.00000000,  80.09375,0
1592342493.447255,684,1cfd083f,8,  14.218883,0.83097679,2.21230314,   0.00000,0
1592342493.447818,685,18feee3f,8,   0.000000,0.00000000,0.00000000,  80.09375,0
1592342524.908896,688,1cfd083f,8,  14.250134,0.82966432,2.21364593,   0.00000,0
1592342524.909470,689,18feee3f,8,   0.000000,0.00000000,0.00000000,  80.09375,0
1592342556.369844,692,1cfd083f,8,  14.250134,0.82966432,2.21364593,   0.00000,0
1592342556.370441,693,18feee3f,8,   0.000000,0.00000000,0.00000000,  80.09375,0
1592342587.831122,696,1cfd083f,8,  14.250134,0.82966432,2.21364593,   0.00000,0
1592342587.831678,697,18feee3f,8,   0.000000,0.00000000,0.00000000,  80.09375,0
1592342619.292408,700,1cfd083f,8,  14.437635,0.82780244,2.21230314,   0.00000,0
1592342619.292961,701,18feee3f,8,   0.000000,0.00000000,0.00000000,  80.12500,0
1592342650.753692,704,1cfd083f,8,  14.437635,0.82780244,2.21230314,   0.00000,0
1592342650.754248,705,18feee3f,8,   0.000000,0.00000000,0.00000000,  80.12500,0
1592342682.214992,708,1cfd083f,8,  14.437635,0.82780244,2.21230314,   0.00000,0
1592342682.215546,709,18feee3f,8,   0.000000,0.00000000,0.00000000,  80.12500,0
1592342713.676279,712,1cfd083f,8,  14.437635,0.82780244,2.21230314,   0.00000,0
1592342713.676832,713,18feee3f,8,   0.000000,0.00000000,0.00000000,  80.12500,0
1592342745.137560,716,1cfd083f,8,  14.359510,0.82893178,2.21266935,   0.00000,0
1592342745.138113,717,18feee3f,8,   0.000000,0.00000000,0.00000000,  80.12500,0
1592342776.598845,720,1cfd083f,8,  14.359510,0.82893178,2.21266935,   0.00000,0
1592342776.599389,721,18feee3f,8,   0.000000,0.00000000,0.00000000,  80.12500,0
1592342808.060117,724,1cfd083f,8,  14.359510,0.82893178,2.21266935,   0.00000,0
1592342808.060702,725,18feee3f,8,   0.000000,0.00000000,0.00000000,  80.12500,0
1592342839.521412,728,1cfd083f,8,  14.359510,0.82893178,2.21266935,   0.00000,0
1592342839.522004,729,18feee3f,8,   0.000000,0.00000000,0.00000000,  80.12500,0
1592342870.982731,732,1cfd083f,8,  14.437635,0.82758879,2.21303557,   0.00000,0
1592342870.983280,733,18feee3f,8,   0.000000,0.00000000,0.00000000,  80.12500,0
1592342902.444016,736,1cfd083f,8,  14.437635,0.82758879,2.21303557,   0.00000,0
1592342902.444570,737,18feee3f,8,   0.000000,0.00000000,0.00000000,  80.12500,0
1592342933.907255,740,1cfd083f,8,  14.437635,0.82758879,2.21303557,   0.00000,0
1592342933.907820,741,18feee3f,8,   0.000000,0.00000000,0.00000000,  80.12500,0
1592342965.366587,744,1cfd083f,8,  14.437635,0.82758879,2.21303557,   0.00000,0
1592342965.367154,745,18feee3f,8,   0.000000,0.00000000,0.00000000,  80.12500,0
1592342996.827865,748,1cfd083f,8,  14.359510,0.82783297,2.21401214,   0.00000,0
1592342996.828440,749,18feee3f,8,   0.000000,0.00000000,0.00000000,  80.12500,0
1592343028.290740,752,1cfd083f,8,  14.359510,0.82783297,2.21401214,   0.00000,0
1592343028.291293,753,18feee3f,8,   0.000000,0.00000000,0.00000000,  80.12500,0
1592343059.750476,756,1cfd083f,8,  14.359510,0.82783297,2.21401214,   0.00000,0
1592343059.751016,757,18feee3f,8,   0.000000,0.00000000,0.00000000,  80.12500,0
1592343091.212109,760,1cfd083f,8,  14.359510,0.82917596,2.21340178,   0.00000,0
1592343091.212660,761,18feee3f,8,   0.000000,0.00000000,0.00000000,  80.12500,0
1592343122.674211,764,1cfd083f,8,  14.359510,0.82917596,2.21340178,   0.00000,0
1592343122.674762,765,18feee3f,8,   0.000000,0.00000000,0.00000000,  80.12500,0
1592343154.134356,768,1cfd083f,8,  14.359510,0.82917596,2.21340178,   0.00000,0
1592343154.134892,769,18feee3f,8,   0.000000,0.00000000,0.00000000,  80.12500,0
1592343185.595610,772,1cfd083f,8,  14.359510,0.82917596,2.21340178,   0.00000,0
1592343185.596179,773,18feee3f,8,   0.000000,0.00000000,0.00000000,  80.12500,0
1592343217.056880,776,1cfd083f,8,  14.234508,0.83009164,2.21291350,   0.00000,0
1592343217.057464,777,18feee3f,8,   0.000000,0.00000000,0.00000000,  80.12500,0
1592343248.518195,780,1cfd083f,8,  14.234508,0.83009164,2.21291350,   0.00000,0
1592343248.518772,781,18feee3f,8,   0.000000,0.00000000,0.00000000,  80.12500,0
1592343279.979495,784,1cfd083f,8,  14.234508,0.83009164,2.21291350,   0.00000,0
1592343279.980032,785,18feee3f,8,   0.000000,0.00000000,0.00000000,  80.12500,0
1592343311.441128,788,1cfd083f,8,  14.359510,0.82896230,2.21315764,   0.00000,0
1592343311.441691,789,18feee3f,8,   0.000000,0.00000000,0.00000000,  80.12500,0
1592343342.902067,792,1cfd083f,8,  14.359510,0.82896230,2.21315764,   0.00000,0
1592343342.902690,793,18feee3f,8,   0.000000,0.00000000,0.00000000,  80.09375,0
1592343374.363354,796,1cfd083f,8,  14.359510,0.82896230,2.21315764,   0.00000,0
1592343374.363917,797,18feee3f,8,   0.000000,0.00000000,0.00000000,  80.09375,0
1592343405.824634,800,1cfd083f,8,  14.359510,0.82896230,2.21315764,   0.00000,0
1592343405.825196,801,18feee3f,8,   0.000000,0.00000000,0.00000000,  80.09375,0
1592343437.285912,804,1cfd083f,8,  14.547011,0.82673415,2.21340178,   0.00000,0
1592343437.286480,805,18feee3f,8,   0.000000,0.00000000,0.00000000,  80.03125,0
1592343468.747199,808,1cfd083f,8,  14.547011,0.82673415,2.21340178,   0.00000,0
1592343468.747797,809,18feee3f,8,   0.000000,0.00000000,0.00000000,  80.03125,0
1592343500.208502,812,1cfd083f,8,  14.547011,0.82673415,2.21340178,   0.00000,0
1592343500.209065,813,18feee3f,8,   0.000000,0.00000000,0.00000000,  80.03125,0
1592343531.669817,816,1cfd083f,8,  14.547011,0.82673415,2.21340178,   0.00000,0
1592343531.670382,817,18feee3f,8,   0.000000,0.00000000,0.00000000,  80.03125,0
1592343563.131095,820,1cfd083f,8,  14.359510,0.82948118,2.21376800,   0.00000,0
1592343563.131649,821,18feee3f,8,   0.000000,0.00000000,0.00000000,  80.12500,0
1592343594.592400,824,1cfd083f,8,  14.359510,0.82948118,2.21376800,   0.00000,0
1592343594.592930,825,18feee3f,8,   0.000000,0.00000000,0.00000000,  80.12500,0
1592343626.053667,828,1cfd083f,8,  14.359510,0.82948118,2.21376800,   0.00000,0
1592343626.054231,829,18feee3f,8,   0.000000,0.00000000,0.00000000,  80.12500,0
1592343657.514957,832,1cfd083f,8,  14.359510,0.82942014,2.21327971,   0.00000,0
1592343657.515522,833,18feee3f,8,   0.000000,0.00000000,0.00000000,  80.15625,0
1592343688.976243,836,1cfd083f,8,  14.359510,0.82942014,2.21327971,   0.00000,0
1592343688.976809,837,18feee3f,8,   0.000000,0.00000000,0.00000000,  80.15625,0
1592343720.439500,840,1cfd083f,8,  14.359510,0.82942014,2.21327971,   0.00000,0
1592343720.440093,841,18feee3f,8,   0.000000,0.00000000,0.00000000,  80.15625,0
1592343751.898854,844,1cfd083f,8,  14.359510,0.82942014,2.21327971,   0.00000,0
1592343751.899382,845,18feee3f,8,   0.000000,0.00000000,0.00000000,  80.15625,0
1592343783.360117,848,1cfd083f,8,  14.297009,0.05213254,0.13916159,   0.00000,0
1592343783.360681,849,18feee3f,8,   0.000000,0.00000000,0.00000000,  80.15625,0
1592343814.822991,852,1cfd083f,8,  14.297009,0.05213254,0.13916159,   0.00000,0
1592343814.823548,853,18feee3f,8,   0.000000,0.00000000,0.00000000,  80.15625,0
1592343846.282701,856,1cfd083f,8,  14.297009,0.05213254,0.13916159,   0.00000,0
1592343846.283259,857,18feee3f,8,   0.000000,0.00000000,0.00000000,  80.15625,0
1592343877.744346,860,1cfd083f,8,  14.312634,0.05210202,0.13891745,   0.00000,0
1592343877.744941,861,18feee3f,8,   0.000000,0.00000000,0.00000000,  80.12500,0
1592343909.206439,864,1cfd083f,8,  14.312634,0.05210202,0.13891745,   0.00000,0
1592343909.207032,865,18feee3f,8,   0.000000,0.00000000,0.00000000,  80.12500,0
1592343940.666610,868,1cfd083f,8,  14.312634,0.05210202,0.13891745,   0.00000,0
1592343940.667127,869,18feee3f,8,   0.000000,0.00000000,0.00000000,  80.12500,0
1592343972.127864,872,1cfd083f,8,  14.312634,0.05210202,0.13891745,   0.00000,0
1592343972.128422,873,18feee3f,8,   0.000000,0.00000000,0.00000000,  80.12500,0
1592344003.589942,876,1cfd083f,8,  14.297009,0.05188836,2.21865086,   0.00000,0
1592344003.590509,877,18feee3f,8,   0.000000,0.00000000,0.00000000,  80.09375,0
1592344035.050448,880,1cfd083f,8,  14.297009,0.05188836,2.21865086,   0.00000,0
1592344035.051019,881,18feee3f,8,   0.000000,0.00000000,0.00000000,  80.09375,0
1592344066.511749,884,1cfd083f,8,  14.297009,0.05188836,2.21865086,   0.00000,0
1592344066.512311,885,18feee3f,8,   0.000000,0.00000000,0.00000000,  80.09375,0
1592344097.973064,888,1cfd083f,8,  14.312634,0.82810767,0.13867331,   0.00000,0
1592344097.973629,889,18feee3f,8,   0.000000,0.00000000,0.00000000,  80.06250,0
1592344129.434344,892,1cfd083f,8,  14.312634,0.82810767,0.13867331,   0.00000,0
1592344129.434946,893,18feee3f,8,   0.000000,0.00000000,0.00000000,  80.06250,0
1592344160.895618,896,1cfd083f,8,  14.312634,0.82810767,0.13867331,   0.00000,0
1592344160.896183,897,18feee3f,8,   0.000000,0.00000000,0.00000000,  80.06250,0
1592344192.356923,900,1cfd083f,8,  14.312634,0.82810767,0.13867331,   0.00000,0
1592344192.357545,901,18feee3f,8,   0.000000,0.00000000,0.00000000,  80.06250,0
1592344223.818189,904,1cfd083f,8,  14.359510,0.82658154,0.13940574,   0.00000,0
1592344223.818755,905,18feee3f,8,   0.000000,0.00000000,0.00000000,  80.09375,0
1592344255.279487,908,1cfd083f,8,  14.359510,0.82658154,0.13940574,   0.00000,0
1592344255.280062,909,18feee3f,8,   0.000000,0.00000000,0.00000000,  80.09375,0
1592344286.740796,912,1cfd083f,8,  14.359510,0.82658154,0.13940574,   0.00000,0
1592344286.741354,913,18feee3f,8,   0.000000,0.00000000,0.00000000,  80.09375,0
